1.02974  1.54562e-005  
-0.999827  16.1733  
0.00148781  1.0266  
0.00135926  6.36803  
0.465862  0.298027  
0.0526378  0.914898  
0.504917  0.255055  
0.075786  0.866032  
-0.984589  15.9101  
-0.107715  7.20062  
-0.504464  10.6966  
-0.624754  11.9005  
0.863696  0.0215114  
0.758641  0.0659867  
-0.268795  8.54423  
-0.635091  11.9963  
0.889079  0.0152169  
-0.976382  15.7998  
0.7808  0.0580514  
-0.0934691  7.11339  
-0.513048  10.7886  
0.993693  0.000487909  
-0.643626  12.0897  
-0.285973  8.69463  
-0.681781  12.4779  
-0.695794  12.6522  
-0.257381  8.48623  
0.445738  0.324039  
-0.551215  11.1581  
0.0875832  0.844742  
-0.343213  9.19779  
0.0395228  0.935664  
-0.352255  9.30702  
0.955929  0.00274488  
-0.0775815  6.96657  
-0.597709  11.6204  
-0.175516  7.75092  
-0.743926  13.146  
-0.54394  11.0725  
0.604775  0.159651  
0.396527  0.377651  
-0.129368  7.37724  
-0.675167  12.4005  
0.97511  0.00160554  
0.411104  0.361154  
0.0211385  0.981605  
-0.652238  12.198  
-0.712509  12.8057  
-0.0323851  6.6322  
-0.121186  7.31777  
-0.299912  8.80505  
-0.496718  10.6329  
-0.160578  7.63794  
-0.603989  11.693  
-0.566646  11.3021  
-0.619377  11.8382  
-0.992021  15.9865  
-0.14889  7.53477  
-0.0402384  6.70426  
-0.228009  8.19918  
0.595461  0.167537  
0.619917  0.151264  
0.929937  0.00746912  
-0.813002  13.8916  
0.514963  0.242688  
0.388399  0.390454  
-0.749689  13.2202  
-0.362956  9.37293  
0.460008  0.307968  
0.266203  0.548844  
1.01385  9.99438e-005  
-0.140494  7.47053  
0.226941  0.607811  
0.434325  0.33206  
0.813562  0.040031  
-0.791715  13.6618  
-0.701286  12.7176  
0.0302606  0.959353  
-0.8709  14.5348  
0.824856  0.0334701  
-0.40939  9.7981  
0.747281  0.0685382  
-0.705837  12.7535  
0.3284  0.466758  
-0.402848  9.73714  
0.916733  0.00898638  
-0.955944  15.5389  
-0.559897  11.2588  
-0.527511  10.9475  
-0.581231  11.4626  
-0.231817  8.24802  
-0.827257  14.0613  
-0.00729763  6.44475  
-0.322653  9.01896  
-0.960859  15.5901  
0.117933  0.802597  
0.737342  0.0737866  
0.13283  0.766132  
-0.239007  8.2798  
-0.726479  12.964  
-0.425806  10.0347  
0.303408  0.498251  
1.00651  0.000258188  
-0.818106  13.9485  
-0.277311  8.62269  
0.707792  0.0941868  
0.208615  0.641862  
-0.0219246  6.54348  
-0.486705  10.5207  
-0.779538  13.5234  
-0.752679  13.2637  
-0.425524  9.94338  
0.126082  0.772041  
-0.481596  10.4769  
0.690076  0.105776  
0.554796  0.208763  
0.664206  0.119441  
0.340253  0.46573  
-0.90199  14.8756  
-0.367818  9.41009  
0.967737  0.00201344  
-0.689262  12.5784  
-0.607775  11.7375  
-0.180953  7.80433  
-0.439338  10.0748  
0.640523  0.136355  
0.697359  0.10005  
-0.310044  8.91004  
-0.792384  13.7438  
-0.208839  8.04798  
-0.917643  15.0777  
-0.355183  9.32411  
-0.998269  16.0651  
-0.732364  13.0209  
0.279986  0.529182  
-0.0518844  6.78002  
0.261112  0.56482  
-0.189389  7.86832  
-0.971111  15.7072  
-0.058463  6.82992  
0.315261  0.482682  
-0.661849  12.2803  
-0.937982  15.3165  
-0.944389  15.3897  
-0.38851  9.6096  
-0.922053  15.1054  
-0.434405  10.0357  
-0.667035  12.3336  
0.526163  0.233278  
-0.109336  7.27923  
0.143932  0.750109  
-0.0847554  7.02639  
-0.276547  8.61038  
-0.000318745  6.38196  
-0.523363  10.8935  
-0.336721  9.14667  
-0.380805  9.54969  
-0.924653  15.1698  
-0.887066  14.7065  
0.803107  0.042606  
0.562217  0.201275  
-0.784365  13.5815  
-0.866454  14.4991  
-0.875699  14.6045  
-0.831282  14.1149  
-0.567861  11.3923  
-0.716636  12.8703  
-0.786831  13.6063  
0.0995663  0.831235  
-0.759138  13.3011  
0.147673  0.737556  
-0.575026  11.4033  
-0.948595  15.4621  
0.788934  0.0483843  
-0.952143  15.4899  
-0.194742  7.90457  
-0.835945  14.2016  
-0.973382  15.7322  
0.570567  0.193325  
-0.115989  7.28194  
-0.592422  11.5698  
0.896152  0.0125342  
0.531591  0.227802  
-0.6879  12.5363  
-0.670556  12.3586  
-0.155424  7.59034  
-0.331852  9.10058  
-0.723675  12.927  
0.157696  0.722228  
0.67609  0.111609  
0.940342  0.00504546  
-0.518706  10.8356  
-0.530782  11.0037  
-0.13432  7.42319  
-0.540143  11.0336  
-0.220524  8.14406  
-0.393446  9.65347  
-0.801721  13.7654  
-0.41965  9.92791  
-0.293115  8.76136  
-0.820864  14.0055  
-0.292035  8.74373  
-0.965099  15.6481  
0.375912  0.401894  
-0.167765  7.69433  
-0.4474  10.1653  
-0.805016  13.8337  
0.424852  0.341827  
-0.254947  8.42209  
-0.0165148  6.50875  
0.583041  0.180075  
-0.998794  16.1658  
0.168506  0.703692  
0.319429  0.476131  
-0.0453247  6.7246  
0.54473  0.216701  
-0.766637  13.3858  
0.297839  0.505411  
0.238523  0.594183  
-0.931197  15.2938  
-0.85563  14.4062  
0.197907  0.661586  
-0.493564  10.5846  
0.796328  0.0452456  
-0.490056  10.5672  
-0.465653  10.3268  
-0.413015  9.83381  
-0.456173  10.2366  
0.679059  0.10904  
-0.930855  15.222  
-0.889987  14.7459  
0.627271  0.145561  
0.110043  0.80911  
0.541449  0.222762  
-0.770072  13.4124  
0.186697  0.669248  
-0.398651  9.71289  
0.633573  0.143718  
-0.459007  10.2863  
0.727994  0.0790442  
-0.614713  11.7836  
-0.167348  7.69276  
-0.216556  8.09549  
-0.197196  7.94129  
-0.738273  13.0963  
-0.719302  12.8907  
-0.905177  14.9372  
-0.841524  14.244  
0.179061  0.685901  
-0.317391  8.97728  
-0.376662  9.4922  
-0.30455  8.87188  
-0.861675  14.4353  
0.239974  0.592337  
-0.6565  12.2678  
-0.325982  9.0765  
0.842831  0.027659  
0.834741  0.0309783  
-0.0498508  6.74811  
-0.150968  7.58357  
-0.77144  13.4633  
-0.945621  15.4048  
0.854967  0.024112  
0.19913  0.649366  
-0.059857  6.86652  
-0.206707  8.02258  
0.160804  0.713161  
-0.535236  11.014  
-0.73497  13.0473  
0.220105  0.632059  
-0.0697552  6.92808  
-0.0266869  6.58638  
-0.441112  10.1356  
0.349384  0.438776  
0.577735  0.191305  
0.36459  0.420347  
-0.338837  9.18982  
0.905311  0.0119717  
-0.851459  14.3418  
0.249917  0.575158  
-0.476505  10.4469  
0.173469  0.693445  
-0.861957  14.4656  
-0.928692  15.1966  
0.217978  0.640488  
-0.612395  11.7796  
-0.394425  9.68923  
0.355706  0.426112  
0.851101  0.0265204  
-0.203123  7.98881  
0.345419  0.447922  
0.250545  0.574349  
-0.585145  11.4919  
-0.640024  12.0488  
-0.313665  8.9576  
-0.911966  15.0346  
-0.854924  14.3701  
-0.243283  8.32036  
-0.556106  11.2031  
-0.589014  11.5568  
