4.19385e-011  1.34181e-011  6.00046  
0.119127  0.895964  4.13367  
0.886531  1.34181e-011  4.33701  
0.859231  0.857925  2.6149  
0.631197  0.224043  5.16033  
0.293928  0.66485  4.97031  
0.64273  0.30065  5.11007  
0.642186  0.621049  5.14311  
0.765472  0.282029  4.21532  
0.160158  0.242933  5.26262  
0.825733  0.686037  3.58474  
0.126217  0.0235135  5.76777  
0.711752  0.885459  3.33038  
0.280671  0.694174  4.71536  
0.00484888  0.172719  5.6522  
0.208004  0.632651  5.16723  
0.0827936  0.0048348  5.85675  
0.105603  0.0764067  5.69941  
0.245169  0.763637  4.21189  
0.878072  0.743838  3.09089  
0.134462  0.187922  5.36656  
0.670407  0.636123  4.85083  
0.821146  0.780155  2.89928  
0.148571  0.256058  5.27923  
0.00952012  0.172071  5.67427  
0.267431  0.804437  3.99805  
0.260278  0.868794  3.88586  
0.198021  0.877319  3.95062  
0.717226  0.274048  4.53552  
0.74873  0.249747  4.30225  
0.22845  0.652554  5.03852  
0.0954933  0.109842  5.62603  
0.777029  0.758957  3.21457  
0.794728  0.846293  2.78596  
0.886531  0.729703  3.20733  
0.0190112  0.219009  5.56668  
0.697382  0.866092  3.54109  
0.652901  0.223501  5.02525  
0.733566  0.871114  3.14682  
0.290681  0.0108471  5.58497  
0.256967  0.149452  5.27709  
0.0994631  0.0533141  5.74186  
0.113344  0.729033  4.749  
0.176765  0.628451  5.25141  
0.831071  0.866362  2.65316  
0.276628  0.0705095  5.46927  
0.833552  0.13695  4.06474  
0.831265  0.826452  2.68731  
0.760068  0.752957  3.38146  
0.869939  0.698361  3.41261  
0.818037  0.811775  2.76602  
0.805344  0.743838  3.18807  
0.0751863  0.655174  5.31666  
0.763015  0.707522  3.66269  
0.690833  0.263168  4.73632  
0.757047  0.745838  3.42854  
0.815202  0.822517  2.74175  
0.141233  0.0450035  5.66382  
0.699762  0.0524785  5.00871  
0.682707  0.259014  4.79125  
0.200361  0.093275  5.44585  
0.74931  0.800036  3.16412  
0.271432  0.817364  3.95434  
0.162326  0.689548  4.91519  
0.132101  0.700727  4.8714  
0.657058  0.0947796  5.2347  
0.7295  0.0769199  4.83043  
0.243191  0.25626  5.14826  
0.829088  0.127937  4.09563  
0.857107  0.690781  3.48923  
0.853725  0.710351  3.31458  
0.789569  0.795739  2.94747  
0.113014  0.659193  5.17571  
0.276628  0.670751  4.88648  
0.0667208  0.785654  4.41827  
0.85185  0.811153  2.70568  
0.743016  0.832049  3.1054  
0.703337  0.874334  3.45919  
0.0630065  0.16042  5.71743  
0.876673  0.770061  3.02835  
0.863349  0.0672055  4.20127  
0.869939  0.683108  3.52943  
0.79399  0.829079  2.80904  
0.632003  0.105274  5.38925  
0.739554  0.797754  3.24122  
0.649421  0.0947796  5.28829  
0.784128  0.211147  4.11134  
0.801654  0.83779  2.78919  
0.672241  0.0799025  5.16469  
0.73916  0.0334524  4.77171  
0.0308991  0.0498721  5.93161  
0.677182  0.684081  4.46177  
0.790845  0.851389  2.80597  
0.78951  0.811139  2.88302  
0.25052  0.64236  5.07739  
0.779504  0.781634  3.06724  
0.0715216  0.048592  5.8453  
0.212905  0.135931  5.33381  
0.810084  0.211147  3.99584  
0.108277  0.133329  5.54059  
0.781777  0.841747  2.84667  
0.185508  0.67082  4.94336  
0.752826  0.111605  4.49868  
0.7295  0.776647  3.51079  
0.86679  0.723438  3.26318  
0.659465  0.0292439  5.35043  
0.822321  0.833895  2.69299  
0.121494  0.821759  4.12977  
0.293928  0.667175  4.96009  
0.199639  0.0887797  5.45815  
0.778058  0.116303  4.3282  
0.0365783  0.252704  5.52519  
0.233802  0.143914  5.30144  
0.108277  0.180335  5.44206  
0.694129  0.884988  3.46265  
0.0312768  0.1653  5.73082  
0.179983  0.670188  5.06429  
0.870733  0.719678  3.24952  
0.0323681  0.0834585  5.81929  
0.741889  0.71727  3.73168  
0.175167  0.661144  5.11487  
0.774604  0.146629  4.36475  
0.720384  0.269303  4.61702  
0.0500567  0.0192456  5.90497  
0.854904  0.714318  3.28428  
0.181712  0.0229985  5.61297  
0.872846  0.182946  3.95316  
0.812746  0.832049  2.7313  
0.75293  0.828294  3.05058  
0.0541257  0.646142  5.4047  
0.216041  0.182807  5.24125  
0.200249  0.121825  5.38063  
0.0751863  0.647186  5.37162  
0.716421  0.0334524  4.93742  
0.759046  0.197629  4.27548  
0.84298  0.716031  3.304  
0.664874  0.835121  3.67766  
0.640633  0.859412  3.82775  
0.087542  0.731227  4.79375  
0.735144  0.168186  4.48715  
0.875892  0.637354  3.85801  
0.737377  0.0991907  4.62842  
0.0601674  0.0215774  5.88235  
0.200249  0.102543  5.42535  
0.831071  0.773046  2.91902  
0.793863  0.783309  2.9897  
0.726992  0.163537  4.55685  
0.697036  0.259809  4.69553  
0.806864  0.820825  2.77557  
0.772924  0.0292439  4.54085  
0.141481  0.247007  5.31023  
0.719428  0.799775  3.37818  
0.857107  0.704416  3.35824  
0.757497  0.740325  3.4742  
0.725057  0.232807  4.4756  
0.0165733  0.633084  5.62086  
0.0389844  0.0907621  5.78807  
0.248697  0.193067  5.19617  
0.665148  0.665667  4.72108  
0.766583  0.777841  3.35073  
0.0700792  0.200302  5.50068  
0.847368  0.204861  3.92387  
0.0206005  0.106762  5.7791  
0.687898  0.22529  4.76428  
0.805815  0.798191  2.86377  
0.255653  0.175792  5.22434  
0.841272  0.740325  3.12366  
0.0457858  0.0176085  5.91509  
0.0238124  0.267222  5.54919  
0.769199  0.0905652  4.43977  
0.014234  0.692005  5.13587  
0.836164  0.093275  4.17078  
0.231249  0.709009  4.59536  
0.189542  0.706838  4.7621  
0.783914  0.789974  3.00279  
0.847147  0.841994  2.63276  
0.189542  0.0467195  5.55969  
0.634378  0.156135  5.24512  
0.645355  0.872609  3.79983  
0.727575  0.0098381  4.90303  
0.726992  0.736872  3.6942  
0.0229293  0.0834585  5.83381  
0.782272  0.153052  4.2263  
0.197193  0.751345  4.38676  
0.0568387  0.227111  5.49722  
0.214686  0.658836  4.98288  
0.708704  0.0334524  4.99606  
0.779054  0.803826  2.97182  
0.169531  0.0467195  5.59533  
0.63154  0.834037  3.90652  
0.816682  0.677385  3.63196  
0.0220891  0.0970815  5.80332  
0.16318  0.650539  5.12301  
0.742226  0.701858  3.95928  
0.767463  0.692421  3.75194  
0.7295  0.0856988  4.81083  
0.864973  0.8033  2.73384  
0.801898  0.060103  4.33973  
0.792409  0.758957  3.18048  
0.0288711  0.253782  5.5385  
0.875892  0.636674  3.86245  
0.044653  0.865577  4.2469  
0.785437  0.0260035  4.63215  
0.779354  0.0634619  4.44691  
0.676141  0.195013  4.91152  
0.734365  0.854054  3.13783  
0.248697  0.829146  3.93123  
0.755187  0.0134694  4.67211  
0.0396247  0.791867  4.42365  
0.720535  0.224043  4.5159  
0.852132  0.243752  3.88371  
0.74516  0.128122  4.52901  
0.816682  0.678662  3.62252  
0.66158  0.229645  4.95661  
0.082039  0.645989  5.34683  
0.186296  0.0857087  5.48336  
0.235787  0.0602818  5.48539  
4.19385e-011  0.0133664  5.98533  
0.772621  0.628857  4.17208  
0.225479  0.643556  5.08505  
0.800451  0.145722  4.14932  
0.845043  0.862842  2.6296  
0.194514  0.0351971  5.57254  
0.197193  0.75158  4.38518  
0.722964  0.747085  3.68642  
0.0185633  0.0565246  5.89369  
0.0127158  0.0132293  5.97145  
0.684772  0.0644773  5.105  
0.811323  0.232525  3.98074  
0.791736  0.239289  4.05604  
0.0254796  0.0205235  5.94464  
0.861477  0.649564  3.83636  
0.238107  0.0602818  5.48437  
0.13624  0.1197  5.50758  
0.0523004  0.862808  4.24158  
0.752449  0.00587981  4.73278  
0.192533  0.0351971  5.57538  
0.0887555  0.0385479  5.79555  
0.220591  0.776647  4.23434  
0.865904  0.735907  3.13546  
0.6743  0.0411044  5.22215  
0.754407  0.170645  4.34985  
0.818037  0.175696  4.0229  
0.697382  0.772777  3.80861  
0.187327  0.718927  4.57163  
0.829512  0.674277  3.6275  
0.16318  0.692643  4.82085  
0.781218  0.679347  3.78193  
0.859231  0.857364  2.61493  
0.143393  0.1197  5.48939  
0.869939  0.707771  3.33862  
0.132412  0.75779  4.45506  
0.797173  0.662285  3.81747  
0.789363  0.14227  4.22976  
0.809892  0.135515  4.13507  
0.22329  0.698327  4.68221  
0.172157  0.81385  4.05351  
0.798673  0.0999658  4.26778  
0.21516  0.817259  3.98847  
0.664419  0.146637  5.05965  
0.770188  0.154536  4.28687  
0.0127158  0.0113707  5.97419  
0.121494  0.178673  5.41221  
0.724973  0.146637  4.60637  
0.787975  0.652173  3.93201  
0.724973  0.146629  4.65025  
0.0986853  0.159367  5.50594  
0.768823  0.0265606  4.56819  
0.841181  0.675408  3.60851  
0.806553  0.00157909  4.41248  
0.787975  0.739141  3.29636  
0.787975  0.692005  3.64697  
0.785368  0.805017  2.93429  
0.7355  0.707676  3.84628  
0.0350853  0.692421  5.09634  
0.714696  0.0523766  4.90921  
0.847643  0.144799  4.02779  
0.74643  0.178303  4.40014  
0.192533  0.24357  5.19555  
0.713513  0.0726628  4.86392  
0.644612  0.64236  4.99303  
0.859957  0.125272  4.06983  
0.136646  0.0169811  5.71386  
0.867254  0.107364  4.14087  
0.759046  0.209236  4.26004  
0.787562  0.234635  4.07657  
0.805815  0.731937  3.26226  
0.706578  0.75779  3.70742  
0.0788863  0.700727  5.02861  
0.867254  0.239289  3.88888  
0.876824  0.770061  2.92413  
0.704286  0.740325  3.85524  
0.70627  0.700727  4.16469  
0.0408117  0.0187725  5.92231  
0.6743  0.0396117  5.22472  
0.663765  0.0856988  5.21485  
0.0933708  0.23647  5.46289  
0.812959  0.703967  3.59727  
0.0071959  0.825639  4.34727  
0.633425  0.114171  5.34817  
