0.896048  6.23135e-013  4.70646  
2.02745e-011  0.85475  4.36935  
0.129111  0.886214  4.08788  
0.859853  0.861007  2.61454  
4.79005e-008  1.52786e-008  6.00076  
0.0537325  0.296237  5.52366  
0.00303564  0.627786  5.59457  
0.629108  0.101422  5.40678  
0.294238  0.794256  4.07322  
0.832371  0.282762  3.92348  
0.871675  0.83794  2.63913  
0.782319  0.294144  4.13834  
0.759343  0.0516925  4.58455  
0.848864  0.0336807  4.26746  
0.646038  0.273616  5.06289  
0.672196  0.840464  3.6263  
0.217205  0.717738  4.54181  
0.274884  0.105038  5.38941  
0.803747  0.816015  2.80336  
0.268756  0.670583  4.88314  
0.780856  0.808755  2.94672  
0.294238  0.765067  4.22346  
0.0500416  0.113734  5.7144  
0.889579  0.711426  3.34129  
0.172776  0.123354  5.41862  
0.750269  0.821653  3.08067  
0.701948  0.827651  3.41783  
0.163185  0.629704  5.26089  
0.772082  0.782541  3.106  
0.00705522  0.264242  5.63933  
0.836929  0.164282  4.00028  
0.747007  0.875946  3.05852  
0.876392  0.780474  2.85455  
0.859098  0.784241  2.82139  
0.792804  0.722126  3.38972  
0.766551  0.220302  4.2013  
0.276033  0.113734  5.37193  
0.741159  0.0681227  4.67302  
0.878036  0.00127953  4.34617  
0.28302  0.260147  5.16251  
0.0634333  0.0220141  5.87545  
0.730197  0.769626  3.55726  
0.772082  0.81251  2.97372  
0.141933  0.658373  5.13639  
0.641889  0.653724  4.93522  
0.867224  0.72792  3.18559  
0.698638  0.854532  3.40335  
0.781205  0.878257  2.85214  
0.811159  0.253877  3.96902  
0.117291  0.795915  4.23679  
0.127825  0.759365  4.46879  
0.633678  0.856538  3.86961  
0.032095  0.205044  5.5701  
0.185001  0.270769  5.2135  
0.809267  0.787248  2.92664  
0.10568  0.0208978  5.78115  
0.127658  0.19476  5.37112  
0.224099  0.0525741  5.50818  
0.167374  0.231471  5.24508  
0.207686  0.124456  5.36284  
0.834172  0.646996  3.81991  
0.00513469  0.277044  5.57906  
0.758492  0.186989  4.29398  
0.844589  0.138344  4.04451  
0.0237864  0.844276  4.28746  
0.267855  0.720758  4.51701  
0.830032  0.747743  3.12689  
0.0900053  0.686913  5.037  
0.799512  0.858595  2.74902  
0.826099  0.64726  3.83589  
0.0960477  0.819793  4.34104  
0.787028  0.74132  3.27956  
0.114564  0.0424825  5.72711  
0.110423  0.0428915  5.73582  
0.635911  0.171536  5.23323  
0.24505  0.0889721  5.42584  
0.89133  0.677871  3.59863  
0.221114  0.819793  3.95447  
0.695893  0.791138  3.59447  
0.216186  0.226266  5.1738  
0.136823  0.238197  5.30993  
0.710319  0.826372  3.3572  
0.66717  0.851612  3.64181  
0.258241  0.801532  4.00914  
0.654627  0.77689  3.98244  
0.815052  0.703311  3.44681  
0.830659  0.74607  3.13726  
0.0030412  0.0839418  5.85447  
0.796736  0.709499  3.52387  
0.803793  0.821673  2.7873  
0.195595  0.676694  4.87722  
0.21195  0.858949  3.90407  
0.63113  0.0624625  5.48079  
0.240362  0.0303249  5.53729  
0.106819  0.0331455  5.76063  
0.838295  0.819726  2.69321  
0.0706344  0.674889  5.21608  
0.0947819  0.827651  4.19496  
0.202285  0.805687  4.02484  
0.715681  0.208789  4.56786  
0.829127  0.787248  2.86666  
0.789849  0.724704  3.4974  
0.786565  0.111723  4.31837  
0.257544  0.703243  4.63963  
0.285681  0.00127953  5.62615  
0.637315  0.701163  4.61376  
0.757095  0.0108437  4.66375  
0.693918  0.847519  3.44474  
0.101118  0.674889  5.14693  
0.0255155  0.182196  5.62174  
0.0844209  0.0331455  5.81291  
0.65694  0.173932  5.0861  
0.769775  0.762494  3.23559  
0.17559  0.131564  5.39421  
0.17498  0.128323  5.40765  
0.782899  0.865978  2.83521  
0.147532  0.0581366  5.66834  
0.000547566  0.800117  4.44197  
0.729986  0.766644  3.57658  
0.00203848  0.645135  5.68892  
0.691182  0.85843  3.47024  
0.0165041  0.144011  5.74525  
0.0486183  0.142722  5.65159  
0.0194883  0.770344  4.60362  
0.0302368  0.697523  5.08998  
0.00778806  0.715677  4.97876  
0.794825  0.872406  2.7764  
0.84231  0.0930335  4.15565  
0.652631  0.756717  4.11045  
0.68213  0.863151  3.53983  
0.709158  0.102996  4.8306  
0.264453  0.207774  5.1787  
0.193606  0.692289  4.76166  
0.74265  0.0227891  4.74367  
0.853975  0.124456  4.06984  
0.0781827  0.677871  5.12069  
0.736152  0.825207  3.16977  
0.712702  0.693361  4.12391  
0.759343  0.861158  2.99085  
0.656698  0.673477  4.81335  
0.774155  0.695276  3.69068  
0.679216  0.243801  4.82663  
0.116762  0.248934  5.38135  
0.731547  0.148212  4.57942  
0.123825  0.810643  4.16062  
0.0697542  0.863151  4.20907  
0.661479  0.152158  5.06867  
0.672858  0.236065  4.86553  
0.71705  0.750218  3.67452  
0.695893  0.109211  4.91253  
0.0210007  0.0149594  5.95855  
0.775624  0.243801  4.16974  
0.771983  0.801335  3.04013  
0.0565515  0.788549  4.40807  
0.668178  0.686913  4.50725  
0.188225  0.658373  5.02156  
0.729986  0.792968  3.43411  
0.750269  0.0177771  4.71582  
0.199301  0.229344  5.19264  
0.155977  0.66074  5.07824  
0.12326  0.637753  5.34136  
0.73767  0.825207  3.15934  
0.884797  0.101189  4.15214  
0.643626  0.8656  3.80782  
0.768163  0.656824  4.01048  
0.14669  0.159773  5.39175  
0.256009  0.683246  4.78508  
0.0837487  0.860738  4.1777  
0.0287841  0.183044  5.60675  
0.240243  0.070023  5.46715  
0.780583  0.750121  3.25303  
0.685854  0.212759  4.89628  
0.860122  0.747164  3.04871  
0.65694  0.241764  4.99129  
0.13961  0.120615  5.52002  
0.77268  0.85969  2.88498  
0.812356  0.664704  3.79093  
0.734846  0.754774  3.51367  
0.662937  0.156564  5.04904  
0.711559  0.754774  3.6853  
0.649389  0.244949  5.03049  
0.151644  0.81506  4.08139  
0.251139  0.191784  5.19663  
0.769072  0.856538  2.91009  
0.821298  0.679791  3.63525  
0.842242  0.835618  2.64947  
0.680927  0.270542  4.8071  
0.793455  0.0357893  4.42138  
0.699625  0.256365  4.68416  
0.219474  0.159773  5.30004  
0.862974  0.73363  3.20576  
0.12326  0.757971  4.49317  
0.234713  0.125161  5.33719  
0.817441  0.0476804  4.30782  
0.784632  0.0889721  4.36416  
0.851841  0.724945  3.20822  
0.746075  0.0775917  4.62336  
0.232977  0.697861  4.67885  
0.156739  0.109517  5.49681  
0.876895  0.823747  2.67697  
0.181017  0.146153  5.3545  
0.263251  0.200354  5.18633  
0.0233701  0.645135  5.46087  
0.247101  0.640493  5.11153  
0.712702  0.693058  4.24043  
0.709496  0.869155  3.32301  
0.859924  0.22144  3.89358  
0.285681  0.0177824  5.60617  
0.721846  0.735561  3.74028  
0.731547  0.133189  4.61369  
0.707033  0.251187  4.62792  
0.72416  0.813324  3.29125  
0.75495  0.660772  4.0635  
0.247376  0.798949  4.03289  
0.779004  0.695003  3.66605  
0.12326  0.679431  5.00357  
0.685954  0.234469  4.76983  
0.884791  0.0994539  4.15476  
0.158165  0.0775713  5.56206  
0.240128  0.0605333  5.4868  
0.239401  0.139082  5.30844  
0.00508213  0.0962814  5.8233  
0.664476  0.141931  5.10705  
0.721329  0.842808  3.24296  
0.0905601  0.653859  5.26749  
0.0957606  0.0872583  5.67823  
0.779004  0.211423  4.14005  
0.795658  0.776241  3.02466  
0.0751187  0.0135383  5.86271  
0.0991364  0.200508  5.44867  
0.131192  0.155211  5.44531  
0.756224  0.807748  3.21969  
0.825199  0.865804  2.66286  
0.727497  0.0557273  4.79588  
0.757095  0.704963  3.72013  
0.86518  0.719828  3.24476  
0.711026  0.832936  3.33529  
0.659784  0.673477  4.79128  
0.134193  0.643254  5.2745  
0.011196  0.190741  5.64818  
0.150226  0.692387  4.84479  
0.69136  0.634237  4.70609  
0.840203  0.8141  2.72586  
0.226107  0.691532  4.73136  
0.0669971  0.0747724  5.77176  
0.731547  0.15544  4.56388  
0.795658  0.800117  2.9002  
0.192285  0.260328  5.19634  
0.684406  0.250563  4.78398  
0.00403176  0.0476651  5.93488  
0.230091  0.764666  4.22937  
0.816867  0.762392  3.01586  
0.810153  0.730057  3.26582  
0.778  0.794594  3.01164  
0.0751187  0.0295379  5.84031  
0.839699  0.198695  3.9346  
0.801337  0.0765753  4.31348  
0.21917  0.136441  5.32218  
0.266732  0.784241  4.09259  
0.234713  0.149742  5.28034  
0.768885  0.691532  3.76741  
0.211235  0.666474  4.94375  
0.255156  0.855033  3.88211  
0.217205  0.867948  3.90147  
0.164849  0.858064  3.9891  
0.0145753  0.00890541  5.97568  
0.28302  0.660772  4.96441  
0.751405  0.705029  3.75694  
0.817441  0.825766  2.73106  
0.862974  0.733844  3.19785  
0.89326  0.715677  3.31994  
0.809267  0.17662  4.0814  
0.676342  0.873832  3.57795  
0.0593138  0.633993  5.51721  
0.806944  0.823305  2.76857  
0.676342  0.775082  3.85028  
0.210113  0.663547  4.95544  
0.034215  0.0449788  5.89334  
0.848864  0.81104  2.70877  
0.034215  0.00793262  5.94834  
0.825145  0.0114525  4.39203  
0.718811  0.730186  3.80138  
0.00110114  0.688629  5.17057  
0.0414956  0.113084  5.73451  
0.182826  0.00890541  5.62792  
0.00228755  0.190741  5.68338  
0.693601  0.109211  4.93037  
0.0453866  0.669256  5.29048  
0.0391418  0.180627  5.5886  
0.034542  0.760164  4.62753  
0.787277  0.665428  3.84336  
0.781295  0.695003  3.65315  
0.0121414  1.52786e-008  5.98724  
0.0927144  0.00359026  5.83492  
0.250562  0.16856  5.23693  
0.676342  0.773185  3.85278  
0.199313  0.700472  4.69811  
0.718811  0.737414  3.74936  
0.0669562  0.0741225  5.77635  
0.0926121  0.0269758  5.80339  
