1.99555  0.0360219  0.0385936  
0.0397541  3.94949  0.115947  
0.04818  4.02357  0.0713679  
0.05544  0.057251  5.52688  
0.0420379  3.8246  0.110635  
0.0660072  3.57099  0.0559951  
0.070402  0.0617942  5.40036  
0.0618139  0.0842482  5.51594  
0.0528694  3.75708  0.0476768  
0.0434514  3.51112  0.482105  
0.0551846  3.69942  0.129551  
0.0436885  3.95751  0.0853794  
0.0460829  3.86562  0.106677  
0.0507717  3.89323  0.0499793  
0.266845  0.236708  3.38352  
0.050509  3.6161  0.371643  
0.0745264  0.0848161  5.21473  
0.0454081  3.49143  0.429674  
0.188739  1.74208  1.27352  
0.0703438  0.843136  3.43619  
1.02999  0.0751088  2.10266  
0.0491661  3.74024  0.0845739  
0.0485764  3.93419  0.0500891  
0.105325  0.418559  3.88802  
0.10717  0.139361  4.69412  
0.124572  1.61387  1.85865  
0.0399128  3.66542  0.193206  
0.05598  3.45363  0.0571311  
0.428508  1.518  0.499399  
0.156392  1.81356  1.26835  
1.22963  0.0612168  1.31646  
1.70751  0.107183  0.163929  
1.53132  0.0759314  0.845843  
0.168065  1.18148  2.45706  
1.94477  0.0517795  0.15459  
1.65748  0.089384  0.329473  
0.0791256  0.0693162  5.30911  
0.826966  0.152209  2.07179  
0.0755322  0.927834  3.26823  
0.0705644  2.56413  0.906647  
0.226039  2.04268  0.638667  
0.20529  0.311083  3.65623  
0.0561788  2.78895  0.882515  
0.281977  1.70869  0.798229  
0.0788369  2.9443  0.519114  
0.0986604  0.210144  4.7514  
0.264933  1.87126  0.716163  
0.0862003  0.106493  5.11157  
0.688275  0.143262  2.59759  
0.142994  0.506308  3.61744  
0.482781  0.340889  2.52939  
0.300599  1.47705  1.2277  
1.64528  0.106147  0.266353  
0.13199  2.57929  0.535857  
0.10577  0.0688462  4.94425  
0.192471  1.55023  1.40154  
0.983188  0.505261  0.683185  
0.050889  3.64898  0.333568  
1.92928  0.0545938  0.0760047  
1.69928  0.0860977  0.190131  
1.9836  0.0481949  0.0708576  
0.0433509  2.90406  1.13182  
0.21933  0.986095  2.1931  
0.0618831  3.25562  0.450361  
0.0878787  2.88282  0.646546  
0.0856113  0.0662975  5.25123  
1.54353  0.156434  0.435794  
0.149659  2.66992  0.402594  
0.0828225  0.289073  4.60179  
0.317771  0.566467  2.49864  
0.279083  0.0680504  4.0949  
1.97426  0.0501898  0.0737533  
0.119414  0.200472  4.48316  
0.082793  3.43712  0.059776  
1.40655  0.246849  0.246578  
0.647592  0.204646  2.34254  
0.0877164  0.58241  3.47442  
1.83865  0.0419258  0.415313  
0.177278  2.53997  0.223488  
1.24553  0.246074  0.525807  
0.101779  2.84099  0.32672  
0.85099  0.121331  2.25119  
0.575357  0.0668141  3.22795  
1.87048  0.0412975  0.283461  
0.145262  2.60545  0.483078  
1.66891  0.050156  0.610363  
1.68813  0.122054  0.0597725  
0.0790154  0.247182  4.80547  
0.116485  2.75515  0.352503  
1.96249  0.0514846  0.104695  
1.4159  0.165993  0.527666  
0.11035  1.96293  1.63177  
0.0716532  2.96968  0.779817  
1.1549  0.48037  0.286732  
1.16676  0.0769139  1.79247  
1.63719  0.0864866  0.34697  
0.283329  2.16956  0.201043  
0.0839896  2.50098  1.01706  
1.77411  0.0776318  0.268971  
0.0578468  3.09483  0.727385  
1.95414  0.0468229  0.138513  
0.291472  1.27455  1.66479  
1.7617  0.0548518  0.312158  
0.101384  2.8209  0.4003  
0.0633523  1.39879  2.64915  
1.72514  0.0932287  0.144056  
0.573757  1.08202  0.634877  
0.243154  0.0821739  3.92802  
0.0689248  0.0987776  5.16227  
0.175754  2.47747  0.385487  
0.243921  2.36174  0.32581  
0.13604  0.0928971  4.76736  
0.259441  2.33577  0.0873438  
0.0701249  2.25672  1.43875  
0.216882  0.222791  3.67579  
0.0819225  3.37597  0.0929544  
0.872803  0.13732  2.03758  
1.44302  0.0747183  1.09501  
0.0544293  3.41022  0.250254  
0.206078  1.15644  2.14626  
0.0496682  3.15491  0.69129  
0.0698808  0.0671027  5.37153  
1.12423  0.137051  1.5422  
1.13859  0.397448  0.294716  
0.086152  0.143518  5.14559  
0.0713347  0.192193  4.99212  
1.21471  0.440981  0.168934  
1.02099  0.433988  0.590644  
0.908546  0.600071  0.57519  
0.0918568  1.83063  1.76543  
0.363179  2.06387  0.135371  
0.184235  1.89892  0.869963  
1.72334  0.0464146  0.418547  
1.92255  0.0568913  0.0519472  
0.113383  1.92285  1.38103  
0.0872129  0.684987  3.59987  
0.493258  0.239819  2.67236  
0.0710771  0.0654705  5.34852  
0.0821817  3.2218  0.177319  
0.995589  0.0755127  2.06112  
0.303115  1.84613  0.774826  
1.81267  0.0816581  0.0566182  
0.0687553  2.74054  0.793422  
0.109573  1.74706  2.17161  
1.62359  0.0912714  0.341474  
0.0750764  3.23994  0.226279  
0.0801705  2.1313  1.54522  
0.0880998  3.40145  0.0650798  
1.80705  0.0434096  0.460752  
0.052343  3.31632  0.502625  
0.0542519  2.7109  0.989874  
0.94055  0.172679  1.64574  
0.600014  1.11402  0.62801  
0.523188  1.33428  0.672578  
0.106246  2.29787  0.961173  
0.109475  0.196719  4.63388  
1.86118  0.0592856  0.161021  
0.43725  0.0815103  3.76357  
0.171266  2.2401  0.685259  
1.32865  0.0804889  1.21487  
0.321523  1.54011  1.0629  
0.0778547  3.13917  0.270586  
0.0444257  3.36328  0.689001  
0.210689  1.76752  1.01238  
1.07177  0.078186  1.95943  
0.394726  0.395981  2.50923  
0.212277  0.139523  4.29092  
0.0852854  2.72038  0.89126  
0.17813  1.31687  1.87304  
0.0938599  2.10399  1.48106  
1.74017  0.103312  0.0633722  
1.85361  0.0479969  0.391534  
0.133613  1.25735  2.314  
1.00828  0.3029  1.00457  
1.24775  0.219578  1.08154  
0.0745264  3.27645  0.261737  
0.0970449  1.10529  2.8039  
0.120281  0.895225  2.98496  
0.329119  1.95187  0.312928  
0.049321  2.91262  0.914763  
0.153902  2.77353  0.0850562  
0.676163  0.996764  0.456536  
0.887882  0.128877  2.05789  
0.093822  3.07201  0.133584  
0.0929782  0.0757893  5.03141  
0.328417  0.168303  3.57945  
0.607535  1.20371  0.195759  
0.19729  0.21536  3.80522  
0.414704  1.58975  0.544358  
1.48566  0.172462  0.493371  
0.0641912  3.62575  0.0546429  
0.168774  1.24138  2.01716  
1.00102  0.475892  0.703162  
0.071075  3.34496  0.248023  
0.288661  0.822135  2.29881  
0.122943  2.92849  0.0907908  
0.0894332  2.52273  0.861482  
0.123521  3.03169  0.0670988  
1.78125  0.0776961  0.128588  
0.35907  0.0816919  3.95335  
0.229626  2.01624  0.611301  
0.0997107  0.114636  4.91064  
0.779616  0.525588  1.20446  
1.0149  0.132103  1.65513  
1.08255  0.159978  1.36339  
0.835321  0.726528  0.513219  
0.900763  0.108674  2.1086  
0.0696234  1.13942  3.05755  
0.713937  1.0417  0.11407  
1.7418  0.0826016  0.172066  
0.564955  0.195162  2.46655  
1.33998  0.145061  0.883815  
0.0902827  0.161064  5.07936  
0.339743  0.0798269  4.03311  
0.818098  0.0926644  2.38163  
1.91154  0.0571691  0.0579891  
0.274856  0.691672  2.69336  
0.0685901  0.67601  3.82218  
0.0451729  3.33023  0.516224  
0.210901  0.165866  4.2004  
0.735448  0.280181  1.89496  
0.0733271  2.27988  1.29659  
0.124678  3.01444  0.0566673  
0.41758  0.957937  1.45701  
1.84679  0.0699335  0.0976216  
1.49653  0.190402  0.164924  
0.236775  2.02749  0.568131  
0.065904  3.29914  0.258355  
1.82582  0.0760454  0.0592453  
1.79832  0.0606954  0.150308  
1.20813  0.0753052  1.35043  
1.89131  0.0503511  0.261416  
0.880995  0.0959775  2.36075  
1.28164  0.305413  0.474223  
1.05156  0.30175  1.03298  
1.75463  0.0784009  0.228389  
0.656448  0.936022  0.584185  
1.36271  0.0561116  1.34265  
0.30187  1.99449  0.222178  
1.46358  0.142207  0.494241  
0.0670181  1.28984  2.92314  
0.173332  1.57469  1.5881  
0.388614  1.62645  0.5703  
1.60824  0.13441  0.0821113  
0.223077  0.21175  3.77575  
0.158814  0.751427  3.15489  
1.37109  0.213511  0.320491  
0.187024  0.311764  3.79657  
1.10461  0.445529  0.442512  
0.164422  2.46101  0.482367  
1.11249  0.0740234  1.93227  
0.856599  0.69297  0.399668  
0.496696  1.10105  1.11509  
0.166781  0.320004  3.86275  
1.27609  0.185578  1.01578  
1.67948  0.0609232  0.366128  
0.228788  0.160956  4.15647  
0.334629  0.166643  3.3622  
1.39741  0.0666406  1.1899  
0.797764  0.794026  0.60093  
0.966811  0.556049  0.48973  
0.327236  2.08045  0.102001  
0.761215  0.10989  2.74749  
0.224353  1.55948  1.15901  
0.270985  0.871314  2.23255  
1.55188  0.0693306  0.71855  
0.596719  0.975955  0.851575  
0.270146  0.881056  2.34877  
1.14794  0.529122  0.0742591  
1.61109  0.168663  0.0657506  
0.230052  0.167859  4.0049  
0.570421  1.44775  0.169429  
0.251855  2.32436  0.177028  
1.43578  0.240979  0.0491446  
0.0569927  1.07011  3.10412  
0.538274  1.23176  0.440931  
0.308594  0.831687  2.22386  
0.637096  1.04616  0.56533  
1.22165  0.358216  0.34363  
1.62838  0.16403  0.0679985  
0.0943649  0.539551  3.55386  
0.17818  0.66842  3.00189  
0.433439  1.66522  0.257825  
0.139535  2.2691  0.886192  
0.0910414  0.127827  4.99426  
0.113777  0.306045  4.12911  
0.0478118  3.28829  0.669485  
0.792288  0.133631  2.24479  
1.45508  0.0761046  1.05046  
1.5071  0.168177  0.43987  
0.75383  0.700624  0.997046  
0.113987  2.22571  1.09733  
0.0636316  2.86405  0.879544  
0.740356  0.912268  0.582806  
0.931842  0.504368  0.755067  
0.548221  0.206861  2.62092  
0.068017  3.1244  0.500744  
0.343602  0.257242  3.20985  
0.129015  0.135907  4.50404  
1.58614  0.161783  0.0765128  
1.87852  0.0682888  0.0531627  
0.668732  0.303808  1.98404  
0.47672  0.716506  1.72147  
0.431599  0.730528  1.82576  
0.691766  0.815179  0.589867  
0.370066  1.43146  0.942475  
0.313643  1.35436  1.2916  
0.890572  0.662784  0.505401  
0.356612  1.84484  0.182779  
1.30664  0.36418  0.135582  
0.880149  0.384385  1.36217  
0.0852309  3.20693  0.153483  
0.081832  0.0637673  5.321  
0.163267  0.220833  4.11569  
0.0905854  1.32379  2.28037  
0.102598  0.0701492  5.06548  
0.136241  0.761563  2.83668  
0.557667  0.799384  1.33041  
0.922232  0.590375  0.659913  
0.0748825  0.226367  4.89385  
1.31373  0.363685  0.149275  
1.31648  0.0953008  1.20098  
0.0595208  1.00948  3.19495  
0.455716  0.0803553  3.69737  
0.581685  0.616418  1.52698  
0.122426  0.428177  3.7373  
1.89931  0.0571251  0.0902941  
1.67421  0.101314  0.216926  
1.16081  0.184306  1.11029  
0.178791  0.737608  2.81911  
0.0747242  0.389296  4.31472  
0.0665483  2.45023  1.13717  
0.863398  0.548244  0.74915  
0.0738449  2.51997  1.06981  
1.32421  0.107159  1.1545  
0.315079  0.315295  3.08059  
0.259023  1.05846  1.73764  
0.284879  1.93861  0.550627  
0.0994685  0.0709503  5.04136  
0.0796323  1.25263  2.9688  
0.325336  1.88908  0.493624  
0.1216  3.06417  0.0608754  
0.23584  1.70404  1.1164  
0.579522  0.534967  1.7077  
1.42533  0.0796354  1.07833  
1.25604  0.40874  0.12293  
1.90555  0.0521588  0.120863  
1.12197  0.498355  0.124221  
1.51958  0.192574  0.0498087  
0.0953885  0.637036  3.31829  
0.473195  0.266613  2.77466  
0.108665  0.0938857  4.86285  
1.59603  0.132057  0.0934455  
0.0760155  0.446127  4.27158  
0.0533314  3.19321  0.599165  
0.683313  0.404292  1.77258  
0.383166  0.160377  3.28921  
0.183243  1.48245  1.56689  
0.784478  0.634696  0.936928  
0.127749  0.0699643  4.84112  
1.26019  0.369015  0.279814  
0.180152  0.145634  4.22018  
0.170122  0.455578  3.53451  
0.895313  0.0940384  2.26992  
0.0880839  2.31439  0.97621  
0.233997  0.142896  4.25342  
0.486584  0.249823  2.87679  
0.106716  0.119056  4.82442  
0.571947  1.46213  0.104073  
0.12745  0.116807  4.55399  
1.30226  0.0880674  1.2104  
0.710972  0.727019  0.874024  
1.35043  0.0999308  0.945028  
1.575  0.124894  0.352045  
0.247824  2.37081  0.161269  
0.238393  0.53773  2.89576  
0.0836628  3.00075  0.208847  
0.641936  1.19278  0.320752  
0.133522  0.205226  4.35826  
0.970859  0.69613  0.135002  
0.115052  2.42564  0.924789  
0.916543  0.196094  1.69555  
0.642136  1.1334  0.483604  
1.29716  0.347128  0.306571  
0.694206  1.12195  0.100515  
1.44928  0.219585  0.288376  
0.58331  0.471728  1.83824  
0.499111  1.50786  0.070148  
0.256462  0.899353  2.42118  
0.262774  0.651122  2.7344  
0.448209  1.21649  0.840496  
0.626705  0.090188  3.17136  
1.18501  0.480221  0.126083  
0.282736  0.0679784  4.06599  
1.26743  0.109362  1.18615  
0.345967  0.0694835  4.02871  
0.52003  0.848761  1.17506  
0.403134  1.68017  0.395919  
0.111493  0.177109  4.58099  
0.331445  1.58236  0.649589  
0.260219  0.16782  3.85224  
0.166971  2.11661  0.867518  
0.523744  0.949321  0.974222  
0.200226  0.779465  2.79386  
0.174718  2.64699  0.094485  
0.103526  0.103164  4.92894  
1.82894  0.0635768  0.121191  
0.730429  0.155098  2.43609  
1.06265  0.701102  0.111069  
0.74716  0.806876  0.720684  
1.06984  0.577846  0.152383  
0.0500774  2.86618  0.921885  
0.298224  0.476546  2.87101  
1.45987  0.104595  0.768599  
0.294464  2.14457  0.0945669  
1.38594  0.16077  0.555427  
0.0760333  0.0699469  5.24986  
1.17282  0.450439  0.252966  
0.410753  1.68636  0.24966  
0.116381  0.467648  3.71624  
0.128688  0.185295  4.38931  
0.114806  0.282779  4.33025  
0.145215  0.610146  3.31243  
0.248438  2.15255  0.540742  
0.818196  0.688073  0.782778  
0.0641929  3.16816  0.394479  
0.812354  0.31428  1.58075  
0.84489  0.407246  1.10077  
0.31448  0.185615  3.50667  
0.744104  0.148349  2.17302  
0.201417  1.79386  1.17258  
1.0372  0.248983  1.04011  
0.130406  0.135316  4.45759  
0.0917109  2.21219  1.29328  
1.88447  0.0605304  0.0740591  
1.55777  0.0942652  0.464388  
1.35603  0.277489  0.239428  
0.135477  0.515395  3.45778  
0.723097  0.157125  2.20126  
0.336588  1.38503  1.15498  
0.142667  0.288737  4.06706  
0.622016  0.109374  2.8595  
0.0955337  1.98741  1.44569  
0.397539  0.50239  2.20363  
0.152086  0.0796373  4.67704  
0.459872  0.772619  1.73073  
0.464298  0.52184  2.11599  
0.168994  1.97807  0.955753  
0.440487  1.2268  0.869695  
0.546161  0.565208  1.56413  
0.103533  0.338724  4.24902  
0.263049  0.181516  3.82843  
0.633932  0.283639  2.14452  
0.108494  2.63536  0.81866  
0.868812  0.616807  0.556182  
0.209048  1.65321  1.25722  
0.169142  1.53135  1.87039  
0.0867045  0.991525  3.04235  
0.830092  0.126813  2.36001  
1.39307  0.331362  0.0846805  
1.18153  0.315578  0.619105  
1.47264  0.118121  0.754299  
0.0819261  3.04733  0.410099  
0.140343  2.82471  0.0594297  
0.406218  0.71391  1.92097  
1.1145  0.0945135  1.75824  
0.516984  0.709005  1.50478  
0.273285  2.18101  0.141101  
0.159414  1.79336  1.45695  
0.803202  0.659611  0.820617  
0.953035  0.821715  0.165357  
0.627687  0.0782807  3.02111  
0.168107  2.41929  0.451295  
0.810578  0.35445  1.55647  
0.699413  0.32648  1.80932  
0.35411  0.244473  2.94049  
1.34436  0.100824  0.950971  
0.253374  0.379978  3.35398  
0.171983  2.38478  0.540727  
1.20109  0.427871  0.208326  
0.0474393  3.10408  0.740305  
0.0872185  0.221296  4.87799  
0.611898  1.28199  0.0579025  
0.131426  1.77742  1.5392  
0.227598  2.404  0.0603098  
0.495784  0.232463  2.71383  
0.351373  0.734032  2.0017  
0.917537  0.248046  1.38182  
0.70189  0.781353  1.0765  
0.31517  0.308432  3.09553  
0.944616  0.334569  1.20161  
0.103903  1.77427  1.74426  
0.378542  0.49394  2.4168  
0.162391  0.592016  3.44807  
0.664031  1.00366  0.454599  
0.705072  0.26654  2.06148  
0.976483  0.409738  0.764475  
1.51604  0.0889369  0.65644  
1.05924  0.573995  0.236325  
1.19275  0.46794  0.0861658  
0.246626  0.572313  2.76576  
1.42865  0.120048  0.69031  
0.911141  0.31605  1.25044  
0.241654  1.02535  1.91821  
0.792703  0.46615  1.24785  
0.755592  0.110469  2.50532  
0.84304  0.129568  2.29606  
0.727224  1.00142  0.363625  
0.51325  1.37607  0.2746  
0.102805  0.241148  4.57209  
0.307777  0.185904  3.52932  
0.143487  2.61798  0.432602  
0.37789  0.168609  3.19459  
0.41527  0.796618  1.78245  
0.596846  1.34494  0.211668  
0.0471414  2.98173  1.06195  
0.0772689  3.18468  0.306964  
1.09764  0.106344  1.73131  
0.364674  1.1458  1.41797  
0.528012  0.686699  1.50538  
1.26685  0.216173  0.829701  
1.38088  0.0667479  1.09805  
0.152963  0.148158  4.43757  
0.573974  0.320399  2.31679  
0.444458  1.3654  0.792925  
0.921147  0.296624  1.32396  
0.137076  2.69237  0.405919  
0.530022  0.741659  1.44413  
0.40179  1.88107  0.0955106  
0.158792  2.4933  0.531384  
0.73444  0.71998  1.06682  
0.165789  0.548738  3.28293  
0.558946  1.21091  0.426905  
0.345071  1.35673  1.17055  
1.08416  0.320483  0.729123  
0.694757  0.545123  1.60581  
0.295297  0.173341  3.54796  
0.866855  0.228929  1.60906  
0.130356  1.45675  1.99795  
0.172924  0.251544  3.93756  
0.89674  0.126325  2.15648  
0.147234  2.68264  0.299328  
0.93447  0.0948339  1.98756  
0.808642  0.86626  0.151949  
1.79064  0.0635593  0.221195  
0.0929774  2.69839  0.785589  
0.771537  0.236841  1.94485  
0.449489  0.950539  1.37186  
1.29103  0.187961  0.648786  
0.110764  2.19094  1.17748  
0.563855  0.660252  1.53545  
0.699902  1.03913  0.329244  
0.0724591  0.334747  4.52241  
0.661184  0.83216  0.977447  
0.0818104  3.11248  0.435588  
0.0850125  2.20237  1.46343  
0.0467027  2.99044  0.895996  
0.207931  0.909535  2.75754  
0.959334  0.262061  1.3204  
1.48139  0.0997125  0.760221  
1.10207  0.258864  0.847658  
0.23856  0.492901  3.01432  
0.15403  0.196674  4.22642  
1.56009  0.0380634  0.948673  
1.09207  0.173253  1.25344  
0.223274  0.924076  2.40508  
1.59459  0.0377122  0.884766  
0.3486  0.952697  1.83678  
0.818098  0.0582422  2.54933  
0.307367  0.284059  3.18376  
0.192827  0.645741  3.12403  
0.212541  0.184015  3.97532  
0.654402  0.0863942  2.94659  
0.552977  1.15396  0.545061  
0.413658  1.56604  0.622919  
0.549765  1.01759  0.793247  
0.158849  0.155631  4.3553  
0.26079  1.49558  1.17391  
0.681782  0.181698  2.64408  
1.56521  0.098114  0.454202  
0.148548  1.41978  2.02046  
0.291245  1.37219  1.26042  
1.36824  0.244063  0.26894  
0.137749  1.30201  2.21474  
0.534384  1.35207  0.500371  
0.273084  0.163224  3.73208  
0.0959866  1.87856  1.75367  
1.28793  0.0811269  1.30386  
0.216695  0.922206  2.4629  
1.05457  0.511915  0.341323  
0.724433  0.129491  2.72182  
0.505861  0.390814  2.12813  
0.263262  0.413809  3.13582  
0.0707442  2.20377  1.80483  
0.503798  0.529178  1.97721  
1.22042  0.0586343  1.49313  
0.461841  0.745127  1.76299  
1.14148  0.108893  1.62566  
0.129368  0.107104  4.5413  
0.23893  0.126971  4.1711  
