1.17828  0.0592284  5.96091  
0.0436994  1.55031  3.03502  
0.964077  0.684048  0.0501176  
0.0598091  4.02278  0.0953729  
2.03992  0.0652803  0.0649687  
0.0641152  3.94701  0.112273  
0.0686292  3.7681  0.0646029  
0.12376  0.068942  5.52277  
1.89513  0.064181  2.30524  
0.0719258  3.5004  0.564751  
0.0779828  3.30567  0.769858  
1.86802  0.0620852  3.22879  
0.0748555  3.56846  0.0606973  
1.98368  0.0681354  0.0836139  
0.0897858  0.105029  5.44  
1.94891  0.0707574  0.0660516  
0.0714859  3.68149  0.0652566  
0.0551391  3.73841  0.166533  
0.120838  0.0683739  5.62696  
2.01052  0.0677089  0.0746966  
0.0681222  2.24616  1.96251  
0.0906604  2.28375  1.25622  
0.0922516  3.2402  0.0508395  
1.91583  0.0602203  0.446508  
0.0788469  2.33237  1.43496  
0.0632359  3.65214  0.146348  
0.135802  2.87362  0.603086  
1.71057  0.144146  0.100887  
0.120073  0.100992  5.39789  
0.126028  0.0634383  5.34268  
1.51582  0.181733  1.01433  
1.50638  0.194397  0.0643419  
0.111016  0.0902993  5.76838  
0.075586  3.45984  0.0534419  
0.118161  0.0687222  5.68621  
1.84854  0.0720166  0.0574249  
1.81273  0.0786554  0.226119  
0.0823409  0.571694  4.31003  
1.53336  0.181044  1.19147  
1.48563  0.108983  1.3087  
1.62868  0.137969  0.180817  
0.126173  0.970372  3.29287  
0.112558  3.11582  0.180405  
0.0503262  1.11054  5.77804  
0.243085  1.38176  2.01478  
0.06808  1.46836  2.79552  
0.148362  2.75613  1.20792  
0.277379  2.30749  0.0928985  
0.0469493  2.83869  1.37538  
0.0686865  3.61444  0.153523  
1.69307  0.117204  0.555557  
1.23259  0.114134  1.6609  
0.900093  0.0701861  2.97902  
0.682551  0.12875  3.55159  
0.569886  0.671139  1.48059  
0.10614  0.0781118  5.82259  
0.0627067  0.116597  5.3034  
0.734394  0.139579  2.52051  
0.0960181  0.156769  4.96443  
1.79351  0.0676508  5.24965  
1.19409  0.436883  0.57474  
0.0542601  0.0663193  5.90374  
0.179627  0.207813  4.40645  
1.24291  0.386543  0.396267  
0.905955  0.748128  1.2192  
1.64964  0.153751  0.100483  
0.302622  2.12193  0.207448  
0.0708853  0.179449  5.11677  
0.386276  0.990703  1.98341  
0.447278  0.296959  3.5864  
0.511203  0.705911  2.27806  
0.11007  0.076151  5.85485  
1.18112  0.0963556  2.396  
1.96242  0.0684256  0.0645588  
0.12825  1.80711  2.02929  
0.347702  0.441668  3.24934  
1.6658  0.132239  0.14756  
0.414882  1.75134  0.175715  
0.074361  3.60288  0.0843229  
0.95518  0.687712  0.88662  
0.271006  1.3146  2.33393  
0.948057  0.275945  1.56076  
0.151897  0.0994135  4.87264  
0.0826341  3.33552  0.633579  
0.0879067  0.10802  5.01007  
0.634499  1.28173  0.13416  
1.91552  0.0685063  0.548722  
0.157612  2.70362  1.12015  
0.0717501  3.3659  1.1214  
0.0946849  1.42938  2.60368  
0.59929  1.32629  0.365476  
0.296026  2.06855  1.23882  
0.250081  1.34225  2.17832  
0.200454  2.5223  1.05229  
0.156383  1.70969  1.93468  
0.0973595  0.148138  4.84266  
0.109794  0.394692  4.64808  
0.513271  0.341355  2.54351  
0.555354  1.40981  0.592519  
0.746866  1.0076  0.932476  
0.676434  1.13157  0.20974  
1.21133  0.415142  0.291886  
0.402931  1.72614  0.682076  
0.705879  1.08547  1.09394  
0.0865173  1.16885  3.59818  
1.43173  0.237498  1.14559  
1.82821  0.0633073  3.20233  
0.226345  2.40567  0.693261  
0.0548901  4.01215  0.146336  
0.254607  0.127775  4.55735  
0.119719  3.01609  0.84134  
0.0578182  0.602512  4.81586  
0.063966  3.98418  0.0700333  
0.353385  1.96129  0.509011  
1.75006  0.102814  0.337581  
0.0533452  2.46628  1.74638  
0.132597  0.0851506  5.16027  
0.460623  0.852709  1.68732  
0.62747  0.133216  3.3528  
1.40887  0.270298  0.351239  
0.0570848  2.49715  1.73613  
0.118824  3.08324  0.0814568  
0.255674  2.23078  0.753594  
0.170771  1.63446  2.1287  
0.100229  3.03455  1.1884  
1.54363  0.16871  1.18702  
0.124938  2.93193  1.01397  
1.77802  0.0984979  0.0613103  
1.20382  0.430877  0.301087  
0.270886  0.118637  4.36648  
0.356599  1.91687  0.180878  
0.202207  2.54577  0.31679  
0.935286  0.717138  0.852851  
0.606165  0.587714  2.24768  
1.57351  0.164353  0.225657  
0.591322  0.66266  1.97273  
1.3509  0.296834  0.914093  
0.434263  1.68812  0.740421  
0.612569  1.30666  0.431322  
1.32208  0.144843  1.31906  
0.775902  0.348575  2.2122  
0.104359  0.399493  4.46854  
0.109034  1.93406  1.78566  
0.125564  0.0880935  5.2193  
0.149858  2.72079  1.1121  
0.213902  2.48381  0.269774  
0.973417  0.676971  0.92616  
0.214373  0.792671  3.17116  
0.122392  2.97471  0.497612  
0.186561  1.57341  2.31888  
1.56089  0.175722  0.425336  
0.0926555  3.21927  0.148372  
1.79949  0.0924812  0.060821  
0.545491  0.681683  2.15431  
0.106111  3.17106  0.0755999  
1.05958  0.617203  0.190086  
0.323474  2.04489  0.973515  
0.0748023  0.159813  5.09328  
0.120177  2.95194  1.00014  
1.65251  0.133197  0.702429  
1.35805  0.301179  0.863394  
0.167807  2.72933  0.0585682  
0.521811  1.42262  1.04036  
0.366546  0.439973  2.68997  
0.427474  0.925905  1.64628  
0.333937  0.498067  2.93531  
0.201223  0.835276  2.85181  
0.115902  2.98919  0.854323  
1.24956  0.369943  0.816102  
0.373968  1.8698  0.733741  
0.268126  0.145535  3.919  
0.394214  1.00056  1.66524  
0.722064  0.103366  3.46086  
1.11936  0.531751  0.260146  
0.0855718  0.484109  4.51508  
1.45339  0.218269  0.340478  
1.46134  0.0901898  1.32517  
0.13827  0.31188  4.71728  
0.337145  0.0724296  4.59589  
0.939486  0.785459  0.0896097  
0.21084  2.45055  1.15608  
0.821067  0.345122  2.16489  
0.270748  0.633376  3.15109  
0.216578  0.222851  3.98631  
0.370838  1.8872  0.640695  
0.154  2.79067  0.805948  
1.15824  0.487292  0.14722  
1.47139  0.215749  0.176774  
0.951291  0.723111  0.407043  
0.491475  1.54211  1.02863  
0.815942  0.875058  0.904529  
0.154778  1.79051  1.39728  
0.75534  0.435634  1.53407  
0.217834  0.755608  2.87567  
0.0837516  1.52593  2.76302  
1.29467  0.0750576  2.8921  
0.793531  0.948287  0.454245  
0.505356  0.743368  2.12157  
1.07537  0.564213  0.232865  
0.0654121  3.96968  0.0649241  
1.83924  0.0821324  0.0692334  
1.30115  0.392195  0.318735  
1.00216  0.230682  1.49609  
0.0583727  0.36527  5.89241  
1.11029  0.148511  1.99129  
0.801216  0.975645  0.110945  
2.02459  0.0657706  0.0725743  
0.643995  1.22359  0.532716  
0.160303  1.07445  2.64992  
0.324945  2.00221  0.891837  
1.00813  0.64466  0.66137  
0.479736  0.26677  3.13383  
0.470897  1.6205  0.443701  
1.62184  0.155528  0.273584  
0.084898  3.42214  0.0593695  
0.284643  0.0966304  4.61053  
0.226985  0.704849  2.74957  
1.72454  0.119998  0.222233  
0.411302  1.78028  0.123409  
0.923102  0.280447  1.63384  
0.06996  0.171718  5.19302  
1.34445  0.0844261  1.82852  
0.129385  0.0757832  5.26866  
0.0681756  1.35974  3.61535  
0.378401  1.8339  1.00126  
0.263133  0.210613  3.94247  
0.439811  1.76366  0.0754715  
0.173118  2.68155  0.0610595  
0.0481757  2.76738  1.33722  
1.17093  0.46131  0.329933  
0.889316  0.286635  2.0829  
1.61109  0.147267  0.831722  
0.186535  0.272373  4.06921  
0.0629896  0.612092  4.77417  
1.07848  0.559809  0.614961  
1.01452  0.629469  0.704122  
0.0998754  3.19866  1.17237  
0.223231  0.771834  2.64214  
0.184197  1.64237  1.36291  
1.04989  0.610759  0.194468  
1.06123  0.581911  0.390656  
0.205224  0.187084  4.79575  
0.538794  1.51204  0.0765849  
0.163396  1.06622  3.02121  
0.327009  0.0780838  4.69161  
0.588335  1.39758  0.109188  
0.23235  2.42018  0.0595809  
0.711995  0.106135  3.4326  
0.191492  0.272817  3.85438  
0.358663  1.94434  0.151401  
1.58814  0.165544  0.063848  
0.429734  0.911907  2.23464  
0.825287  0.93984  0.280344  
0.133791  2.02993  1.2675  
0.0962995  0.457474  4.53569  
0.383092  0.0898505  4.27752  
0.645963  0.545531  1.89593  
0.76454  1.03307  0.170361  
0.850696  0.865123  0.521713  
1.43943  0.214971  1.10349  
1.74115  0.110596  0.160242  
1.37846  0.274958  0.900954  
1.3921  0.249758  1.22933  
0.41755  0.362981  3.33572  
0.0588063  1.37582  4.11159  
0.350811  0.427751  3.63247  
0.157933  2.82732  0.670588  
0.144012  2.91216  0.0607194  
1.13552  0.133423  1.85022  
0.679765  0.472509  2.05289  
1.27069  0.343503  0.976751  
1.55623  0.168693  1.19311  
0.749219  0.959466  0.328465  
1.12963  0.511131  0.563072  
0.654898  1.24295  0.122808  
0.108029  3.16255  0.154056  
0.730918  0.475898  1.26649  
0.32065  2.08244  0.481292  
0.313763  0.162912  3.75857  
0.623069  1.27308  0.408994  
0.0654868  0.19024  5.0492  
0.3813  1.15274  1.41965  
1.33487  0.331999  0.331523  
0.473377  1.58557  1.08616  
0.476417  0.245523  3.52728  
0.0812415  0.155497  5.06731  
0.639464  0.134226  3.08563  
0.085137  3.34872  0.179887  
0.284119  0.122101  4.25428  
1.60166  0.150066  0.790232  
0.530252  1.49793  0.787582  
1.03792  0.608458  0.656045  
0.525359  0.249035  3.1917  
0.834656  0.373157  1.29702  
0.261876  0.174999  4.09392  
0.207733  0.795639  3.13583  
0.196884  0.233878  4.19217  
0.980588  0.268796  1.29379  
0.322837  0.109616  3.96221  
0.0559605  2.51246  1.70396  
0.850454  0.77961  1.16143  
0.381982  1.90258  0.0646744  
0.169277  1.65672  2.4423  
0.184332  0.366632  3.83212  
1.28157  0.355761  0.435975  
0.194117  2.60367  0.236867  
1.41959  0.296504  0.0828893  
0.989303  0.198757  2.41991  
1.791  0.0806308  0.22183  
0.0739421  3.37786  0.98692  
0.526637  1.52293  0.246074  
0.574826  0.17088  2.5684  
1.21864  0.445024  0.140056  
0.328203  2.01932  0.136623  
0.562527  0.200495  3.31018  
0.38921  1.05028  1.87421  
0.172016  2.58353  1.07871  
0.662208  1.23587  0.0933268  
1.5965  0.164175  0.596266  
1.5804  0.188712  0.0699669  
0.244855  0.132299  4.66835  
0.118306  3.14132  0.112665  
0.282075  2.17584  0.296659  
0.0650296  3.75789  0.0673043  
1.67629  0.127082  0.726496  
1.01961  0.639431  0.434252  
0.303963  1.26572  1.59773  
0.146561  2.89952  0.282856  
0.284954  1.29294  1.75148  
0.277943  0.113132  4.74658  
1.77007  0.109472  0.070585  
1.08441  0.537018  1.01177  
0.101534  1.98564  2.10971  
0.877049  0.320632  1.61058  
1.47894  0.257841  0.146443  
0.137361  1.19052  2.71919  
1.68702  0.153057  0.0825848  
1.26397  0.405469  0.173544  
0.930176  0.754545  0.485779  
0.566077  1.44389  0.170463  
0.0609381  1.59451  2.58643  
0.0457424  2.43822  2.43739  
0.129594  1.87828  1.76214  
0.190511  2.65352  0.239263  
0.279533  2.19513  0.371533  
1.28576  0.0891646  1.50386  
0.432209  0.111706  3.68715  
0.308337  0.477648  3.48479  
0.289747  0.513221  3.36675  
0.809165  0.899027  1.23516  
0.467343  0.283015  2.96467  
0.316699  0.506683  3.23658  
0.996584  0.228065  1.8098  
0.158668  2.88941  0.0709028  
0.454167  1.66684  0.516437  
2.02912  0.0656199  0.0728148  
0.580858  0.624816  2.42438  
1.06742  0.164246  1.35716  
0.880961  0.823501  0.208531  
0.0625773  0.336309  5.64182  
0.0759526  3.38619  0.637739  
0.0597256  2.34881  1.86702  
0.264335  2.3357  0.473536  
0.111482  1.17756  3.10574  
0.85727  0.821784  0.476038  
0.46251  1.68523  0.260911  
0.914107  0.301279  1.27284  
0.499755  1.56496  0.220204  
0.275056  2.20167  0.649846  
0.872066  0.829227  0.114504  
0.116932  3.05493  0.129083  
0.811026  0.890541  1.06697  
0.329131  0.0985849  4.04694  
0.603315  1.29646  0.450131  
1.54933  0.182607  0.330946  
0.0722558  1.40104  3.32414  
0.278857  1.36607  1.51867  
1.4456  0.239744  0.301402  
0.274562  0.655439  2.93237  
0.301212  0.144864  3.78144  
0.530791  1.48292  0.626213  
0.534468  0.210338  3.10477  
1.36734  0.326038  0.122476  
0.149826  0.0906783  5.028  
0.86185  0.288405  1.89546  
0.291285  2.10111  0.727811  
0.35616  1.09583  1.92696  
1.61332  0.132408  0.780439  
0.0728422  2.34295  1.58304  
0.2505  1.35304  2.03586  
0.0842706  0.166931  4.89972  
0.888347  0.766271  1.00444  
0.669692  0.532191  1.71402  
0.718648  0.452928  2.40648  
1.75997  0.0991718  0.16348  
0.131359  3.07364  0.0733516  
1.03045  0.171581  2.3796  
1.27593  0.343523  0.720854  
1.14262  0.140926  1.6452  
0.115922  2.14292  1.28477  
1.73484  0.117881  0.194273  
1.14535  0.46537  0.965149  
0.144776  1.76707  1.80804  
0.124821  3.00076  0.172681  
0.251375  0.623119  3.43733  
0.2563  0.25517  3.88024  
1.95915  0.0628463  0.0947189  
0.224604  1.60064  1.6716  
0.174709  2.62858  0.776234  
0.198634  1.49312  1.76707  
0.5962  0.695427  1.39545  
0.963473  0.246603  1.59983  
0.638821  1.20081  0.952203  
0.193454  2.61589  0.796218  
0.232404  0.214737  4.13485  
0.157108  0.906693  3.38638  
1.13307  0.120454  2.18911  
0.195953  1.52957  2.20082  
0.423888  0.333602  2.81139  
0.344151  1.96622  0.332864  
0.118265  1.25224  2.47209  
0.267246  0.136222  4.29291  
1.11751  0.5153  0.552712  
0.161697  2.80985  0.111933  
0.549007  0.761513  1.53455  
0.203006  2.56618  0.058721  
0.192621  2.55769  0.931188  
0.107568  3.0605  0.284026  
0.583713  0.169934  3.07372  
0.321398  2.0583  0.593252  
1.1015  0.523932  0.844087  
0.0862578  1.1951  3.6663  
0.617123  1.21534  1.20862  
0.594522  0.596827  2.38418  
0.220563  0.733211  2.82182  
0.17102  0.325725  3.89742  
0.0741786  1.56296  2.61604  
0.162242  2.77574  0.0676511  
0.112543  0.430178  4.44  
1.39728  0.266039  0.808618  
0.253139  0.61337  3.49591  
0.918451  0.80902  0.0840105  
1.83074  0.0755401  1.50291  
0.0721728  2.36325  1.48628  
1.09887  0.552776  0.632383  
0.191371  2.63797  0.246055  
0.165649  1.85865  1.26701  
0.371762  1.01569  2.08747  
0.20333  0.842813  2.56219  
0.118825  3.13249  0.0649892  
0.208453  1.48395  2.35794  
0.782815  0.0742295  3.01382  
0.129349  1.20521  2.94416  
0.458332  0.259683  3.4067  
1.25612  0.446234  0.0996544  
0.517782  0.745963  1.91862  
0.707263  1.05837  0.715575  
0.0802163  2.2103  1.3817  
0.125605  0.402917  4.3902  
0.338049  0.0706248  4.49022  
0.463992  1.69878  0.0743972  
0.365674  1.13924  1.61276  
1.09504  0.555615  0.230114  
1.04207  0.186253  2.22389  
0.55019  1.45704  0.313196  
0.402375  0.0911563  4.22184  
0.0877804  0.647648  3.80972  
0.753484  0.379615  2.06714  
0.288297  0.573665  2.58537  
0.0730594  2.39164  1.32155  
0.541026  1.41515  1.02948  
0.392674  0.384431  2.95473  
1.2544  0.0845907  1.81941  
0.0593193  0.595022  5.17547  
0.572516  0.186231  2.74027  
0.215641  2.45791  0.528616  
0.619432  0.594272  1.25279  
0.189515  0.261133  4.01302  
0.0928869  3.19948  0.523642  
0.172417  0.869635  2.91327  
0.361538  0.520918  2.51382  
0.121686  1.81928  2.2735  
1.31544  0.317719  0.611198  
1.11  0.526266  0.435262  
0.259705  0.137344  4.17131  
1.37116  0.304845  0.358081  
0.254454  0.689168  2.45952  
1.38536  0.25617  0.945884  
0.240006  1.53975  1.34313  
0.715972  0.125028  2.71932  
0.122392  0.101761  4.91163  
0.336648  0.0938854  4.67591  
0.367865  1.02902  2.44755  
0.0563427  2.37523  1.78333  
0.474314  1.66973  0.0790922  
0.160102  2.8034  0.776252  
0.390808  1.12168  1.55454  
0.258173  0.176804  4.02881  
0.306724  1.19505  2.37325  
0.489531  0.308916  2.82964  
0.253834  1.48912  1.40605  
0.69206  0.5766  1.28913  
0.240866  1.4546  1.79854  
0.280964  1.34569  1.72193  
0.719921  0.125394  2.62242  
0.570654  0.625204  2.35073  
1.30811  0.40078  0.0859842  
1.22297  0.403818  0.79317  
0.237936  0.151006  4.42478  
0.0887202  0.644315  3.80945  
0.251794  2.38339  0.376248  
0.082874  3.44093  0.107834  
0.330057  1.99592  0.897358  
0.0639946  2.50887  1.41699  
1.43411  0.0918379  1.32738  
0.412795  1.04981  1.29324  
0.362559  0.426261  3.05883  
0.197432  2.59188  0.101795  
1.08985  0.195511  1.29575  
0.0873014  3.23607  0.595699  
0.22161  2.37271  1.16958  
0.120004  0.0761454  5.65882  
0.498582  0.917041  1.31064  
0.66877  0.524536  2.26916  
0.112032  0.487769  3.8819  
0.768878  0.0864828  3.30671  
1.76237  0.0874368  0.229854  
0.362734  0.451667  2.55889  
0.420648  1.7219  0.271792  
0.988236  0.249821  1.48665  
0.204867  2.52208  0.824975  
1.33723  0.373755  0.0895353  
0.311955  2.0885  0.199357  
0.405391  1.8499  0.0774141  
1.67872  0.113704  0.575426  
0.190509  0.201651  4.4788  
0.187196  2.66435  0.077371  
0.185242  2.67159  0.551106  
0.262272  0.218412  3.74566  
0.456967  0.0822399  3.71468  
0.238881  1.53383  1.39153  
0.519451  0.814091  1.51735  
0.465065  0.0809439  3.7778  
0.830222  0.873743  0.346118  
0.859047  0.359252  1.42177  
0.698148  1.18542  0.0793858  
0.0770116  1.41369  2.99998  
0.997395  0.655099  0.204162  
0.605974  0.537363  2.26274  
0.69583  0.11562  2.88773  
0.0869852  3.40155  0.156314  
0.359162  0.544623  2.67305  
0.723261  1.02214  0.220486  
0.212951  0.167792  4.37196  
1.28447  0.324652  1.17322  
0.70807  1.11851  0.393657  
0.472897  0.951628  1.2827  
0.564591  0.179126  3.65119  
0.714545  1.10277  0.0656016  
1.04347  0.674693  0.125247  
0.347685  1.14491  1.62298  
0.0588287  0.642474  4.73337  
1.02508  0.214225  1.31287  
0.167057  0.317976  4.15345  
0.140469  0.334027  4.12203  
0.0866722  3.40573  0.17157  
0.485433  1.6111  0.260758  
0.485616  0.314391  2.84175  
0.0838534  0.165018  4.93304  
0.681129  1.11167  0.992537  
0.117559  0.423536  4.2319  
0.0574209  1.34774  4.20681  
0.321954  0.100417  4.00269  
0.141188  0.974318  3.21711  
0.969253  0.23945  1.61147  
1.42595  0.29321  0.0780441  
0.132686  1.84909  1.48186  
0.0963067  2.15745  1.31819  
0.258945  0.642109  3.04128  
0.769818  0.0763903  3.5127  
0.12447  2.9648  0.560535  
0.33833  1.17855  1.68434  
0.786524  0.418321  1.31616  
1.72725  0.118701  0.0753302  
0.422857  0.410874  2.50179  
0.0585892  0.360831  5.67673  
0.752544  0.459504  2.07385  
0.805175  1.02676  0.0997537  
0.0815586  3.44433  0.146771  
0.116201  1.00377  3.39601  
0.0832441  0.534123  4.24007  
1.31382  0.33077  0.424714  
0.236845  0.743029  2.66499  
0.861547  0.886877  0.179971  
0.0777155  0.19138  4.94391  
0.780658  1.03526  0.0831778  
0.685896  0.114439  3.06825  
1.17328  0.163297  1.54728  
0.291694  0.105546  4.02241  
0.795303  0.409409  1.59893  
