1.32529e-011  1.99706e-008  6.03713  
0.00289723  4.4333e-016  5.99792  
0.915382  0.000423904  4.46276  
1.32529e-011  0.888739  4.34296  
0.855253  0.85997  2.61552  
0.307105  0.68861  4.7891  
0.628395  0.137059  5.32544  
0.745607  0.313119  4.39116  
0.754917  0.621673  4.37324  
0.889462  0.108306  4.145  
0.783487  0.304561  4.14813  
0.29264  0.0748203  5.47494  
0.286986  0.192103  5.21401  
0.146036  0.756075  4.475  
0.884604  0.754056  3.02537  
0.111202  0.261865  5.36881  
0.644749  0.291212  5.08571  
0.702445  0.0335197  5.02302  
0.26316  0.782808  4.10644  
0.859213  0.651232  3.84546  
0.847602  0.816087  2.69149  
0.11579  0.643366  5.27863  
0.769395  0.742909  3.45685  
0.855253  0.805585  2.7249  
0.0214541  0.0181231  5.95399  
0.852382  0.832894  2.6451  
0.722629  0.211452  4.512  
0.862785  0.72739  3.1868  
0.87167  0.787863  2.8717  
0.817343  0.792322  2.85073  
0.130289  0.284062  5.33747  
0.81146  0.717155  3.3493  
0.678283  0.16948  4.9134  
0.81146  0.708985  3.4106  
0.265036  0.18113  5.23446  
0.72672  0.159437  4.62671  
0.277918  0.766114  4.2003  
0.776611  0.822161  2.91564  
0.844092  0.760501  2.96934  
0.0415824  0.0547309  5.8615  
0.684755  0.0623344  5.1036  
0.0283769  0.152714  5.69337  
0.736779  0.657711  4.21291  
0.0564583  0.230593  5.49559  
0.796915  0.778982  2.99542  
0.206936  0.66308  4.96048  
0.664144  0.288092  4.95048  
0.669572  0.829372  3.65518  
0.635175  0.221007  5.13846  
0.855253  0.797549  2.76312  
0.706095  0.73932  3.83238  
0.219324  0.0957432  5.41752  
0.0933476  0.190148  5.46071  
0.273035  0.790553  4.06318  
0.16713  0.820852  4.05406  
0.705022  0.743984  3.81128  
4.6377e-005  1.99706e-008  6.03304  
0.00440681  0.815953  4.60401  
0.0742095  0.0662655  5.79759  
0.17238  0.85583  3.96334  
0.718634  0.801495  3.38138  
0.0803782  0.238212  5.4449  
0.678283  0.176485  4.89679  
0.702737  0.876992  3.38463  
0.822446  0.87153  2.67328  
0.00856773  0.070506  5.87724  
0.0350139  0.081311  5.81784  
0.767426  0.801495  3.042  
8.46238e-007  0.713352  5.00663  
0.753202  0.83702  3.05863  
0.058908  0.109693  5.70669  
0.0868766  0.725839  4.74265  
0.678087  0.1978  4.87734  
0.888508  0.0378816  4.2897  
0.691927  0.132688  4.88752  
0.0892648  0.772645  4.4239  
0.160721  0.0708394  5.56502  
0.822968  0.00215195  4.64823  
0.73625  0.838707  3.23111  
0.0160501  0.209546  5.57998  
0.67384  0.266596  4.85779  
0.820918  0.233366  3.94677  
0.0192742  0.142432  5.72983  
0.831757  0.738828  3.20022  
0.659951  0.280318  4.97105  
0.876744  0.214961  3.9122  
0.817343  0.278349  3.95996  
0.0160975  0.115197  5.77044  
0.00904484  0.0151441  5.9838  
0.656988  0.28566  4.9941  
0.731109  0.072204  4.83196  
0.734545  0.869393  3.14586  
0.781556  0.819747  2.89584  
0.791039  0.167924  4.16855  
0.240807  0.697603  4.6773  
0.140247  0.0992548  5.54558  
0.764134  0.860251  2.93596  
0.740253  0.116744  4.56749  
0.845309  0.151126  4.03969  
0.0673368  0.0234119  5.88358  
0.698815  0.856402  3.40132  
0.74827  0.621878  4.36818  
0.16713  0.813373  4.08136  
0.0163566  0.0962623  5.83939  
0.781461  0.853439  2.83783  
0.0645596  0.10274  5.76588  
0.635659  0.26433  5.1237  
0.786138  0.702186  3.57175  
0.69614  0.717885  4.07687  
0.752021  0.764987  3.33025  
0.221917  0.130657  5.3321  
0.880438  0.669642  3.64563  
0.75798  0.883095  2.99692  
0.280132  0.803059  4.01304  
0.824513  0.201333  3.97186  
0.795607  0.751304  3.1701  
0.140247  0.0708394  5.61002  
0.825112  0.722686  3.26724  
0.741119  0.637032  4.31969  
0.216985  0.809126  4.01046  
0.127525  0.025883  5.7217  
0.71514  0.68965  4.13248  
0.802781  0.810344  2.82691  
0.737683  0.718994  3.74554  
0.0307193  0.0289268  5.92449  
0.104046  0.171244  5.47082  
0.640078  0.0500014  5.44662  
0.795026  0.123079  4.22578  
0.0998831  0.691252  4.97913  
0.25125  0.147017  5.28693  
0.818523  0.6952  3.49198  
0.12499  0.640606  5.27549  
0.840156  0.763512  2.95488  
0.708687  0.709023  4.03583  
0.23677  0.273826  5.15721  
0.190888  0.225444  5.25208  
0.834522  0.742948  3.17795  
0.730406  0.27602  4.44379  
0.105191  0.0904459  5.64983  
0.801576  0.826997  2.78074  
0.125674  0.275884  5.35321  
0.148373  0.270617  5.2846  
0.844776  0.759483  3.00456  
0.276921  0.165334  5.25781  
0.124317  0.632874  5.32742  
0.0982832  0.681113  5.05078  
0.672513  0.828208  3.63526  
0.199838  0.0593554  5.52052  
0.0128871  0.0326736  5.94343  
0.206912  0.66308  4.99195  
0.212808  0.87526  3.91168  
0.868388  0.0397691  4.25639  
0.238772  0.225737  5.15898  
0.661461  0.849028  3.70182  
0.713604  0.264554  4.55739  
0.722265  0.047909  4.92042  
0.805846  0.747838  3.1528  
0.216729  0.70329  4.77461  
0.269305  0.737176  4.3886  
0.0609079  0.140024  5.63104  
0.0443077  0.238952  5.516  
0.85737  0.116665  4.08893  
0.648044  0.220812  5.0538  
0.761154  0.805177  3.08883  
0.179078  0.725138  4.53864  
0.0521708  0.708591  4.94234  
0.729316  0.177528  4.51806  
0.155927  0.182049  5.39896  
0.142842  0.262924  5.29474  
0.655243  0.773701  3.98727  
0.750546  0.822275  3.13099  
0.787211  0.867718  2.81068  
0.855446  0.675614  3.59492  
0.193048  0.12256  5.38627  
0.0108573  0.0600268  5.90746  
0.797672  0.73392  3.28586  
0.0643178  0.0405995  5.84398  
0.707159  0.135901  4.79247  
0.813848  0.241625  3.98257  
0.759892  0.882198  2.98341  
0.827698  0.718503  3.30482  
0.745577  0.0899579  4.69678  
0.763424  0.206747  4.32994  
0.24888  0.858195  3.88097  
0.859965  0.801643  2.73964  
0.105191  0.077475  5.67923  
0.720411  0.121194  4.7333  
0.266723  0.144575  5.29205  
0.642997  0.820473  3.86525  
0.79051  0.064968  4.3811  
0.85737  0.188106  3.93615  
8.46238e-007  0.0310806  5.97001  
0.231229  0.16065  5.26571  
0.197901  0.234669  5.19279  
0.00945626  0.148657  5.69793  
0.805959  0.245147  4.02517  
0.678283  0.817384  3.62653  
0.648846  0.683785  4.66634  
0.26316  0.734054  4.40627  
0.0592273  0.248167  5.48367  
0.799915  0.629446  4.0267  
0.106659  0.786435  4.31598  
0.0673368  0.758844  4.63879  
0.72511  0.159437  4.68252  
0.867067  0.670723  3.61384  
0.840156  0.750117  3.10406  
0.836994  0.0177431  4.30815  
0.813485  0.0846432  4.24384  
0.631556  0.844597  3.88995  
0.198676  0.183205  5.24822  
0.840555  0.738828  3.11874  
0.632188  0.267046  5.14692  
0.0344199  0.862971  4.26242  
0.123879  0.00919911  5.75267  
0.737683  0.00528366  4.79959  
0.031954  0.25201  5.53212  
0.743499  0.241761  4.39724  
0.77407  0.860251  2.87695  
0.134565  0.721518  4.66211  
0.185495  0.861226  3.93945  
0.120725  0.813574  4.15718  
0.677208  0.859927  3.57648  
0.0494788  0.145684  5.67258  
0.677208  0.275867  4.85142  
0.803013  0.701192  3.54863  
0.0469758  0.694358  5.06205  
0.661681  0.784478  3.88401  
0.0300992  0.679295  5.20227  
0.0684974  0.829372  4.23339  
0.0916451  0.103078  5.66086  
0.838636  0.228471  3.90534  
0.0477881  0.0074238  5.93467  
0.761318  0.705952  3.68555  
0.87167  0.852563  2.62479  
0.809297  0.628528  3.99489  
0.647885  0.0919799  5.31057  
0.779452  0.000980334  4.76337  
0.225724  0.290067  5.18118  
0.254798  0.763512  4.20702  
0.0160501  0.0973251  5.80715  
0.257112  0.19748  5.18779  
0.0884453  0.723211  4.75718  
0.0982832  0.682017  5.04361  
0.728592  0.669332  4.18402  
0.0752056  0.0919799  5.71502  
0.264804  0.0831927  5.43426  
0.0044097  0.269387  5.57376  
0.805846  0.763129  3.07301  
0.684755  0.0670935  5.09427  
0.0643178  0.0712889  5.78414  
0.722374  0.730511  3.79504  
0.784119  0.753861  3.25953  
0.247079  0.693921  4.7039  
0.127068  0.0100022  5.74453  
0.850062  0.671968  3.61475  
0.747185  0.705292  3.78263  
0.0771159  0.749485  4.67829  
0.0434716  0.256874  5.52363  
0.0160501  0.0582443  5.89392  
0.137066  0.68643  4.91885  
0.0274001  0.0443681  5.93453  
0.243937  0.714187  4.55089  
0.69116  0.290067  4.74805  
0.189771  0.12256  5.39112  
0.157922  0.269387  5.26305  
0.83831  0.861226  2.63164  
0.81146  0.674229  3.67568  
0.0240224  0.750117  4.70406  
0.76534  0.722846  3.53366  
0.231133  0.87329  3.89548  
0.688888  0.0419496  5.11746  
0.152049  0.843934  4.01433  
0.710805  0.686376  4.19005  
0.790518  0.0406696  4.57979  
0.149861  0.650406  5.15584  
0.693481  0.748072  3.86754  
0.0447345  0.0326048  5.89591  
0.809489  0.841845  2.75828  
0.792215  0.732873  3.31399  
0.660157  0.109693  5.17696  
0.877954  0.720452  3.25069  
0.643348  0.0135048  5.4945  
0.831859  0.859927  2.74493  
0.0521708  0.673835  5.2073  
0.64561  0.291212  5.08045  
0.795026  0.127216  4.21616  
0.798055  0.829372  2.7902  
0.84845  0.666442  3.64815  
0.759926  0.705125  3.71919  
0.219943  0.750117  4.3558  
0.789021  0.722686  3.46126  
0.108924  0.743984  4.56503  
0.670614  0.773701  3.87655  
0.257112  0.19718  5.18811  
0.65571  0.851276  3.72261  
0.79326  0.80516  2.8879  
0.224713  0.686376  4.81276  
0.194722  0.116744  5.40768  
0.787211  0.0460478  4.43546  
0.0107216  0.700033  5.07264  
