1.81383  0.0674332  0.0427924  
1.69417  0.0393661  0.656671  
0.0433552  3.61327  0.447367  
0.0486704  3.99893  0.0714793  
2.0405  0.0455821  0.0458348  
0.0492129  0.0407886  5.54452  
1.96867  0.0486457  0.0491011  
0.0525506  0.0412576  5.45704  
0.0552911  3.91745  0.0691174  
1.91508  0.0580962  0.0495907  
0.0542022  3.74748  0.227041  
1.95168  0.0567867  0.0752583  
1.8747  0.0584168  0.142797  
0.0692799  0.325028  4.22128  
0.356779  0.567501  2.41124  
0.0572645  0.0739557  5.40429  
0.163981  1.30569  2.27096  
0.0574888  3.70004  0.0855735  
0.48054  0.925027  1.14429  
1.89606  0.0487864  0.154241  
1.77443  0.0586507  0.315743  
0.180341  0.150545  4.16243  
1.67095  0.110896  0.13387  
0.179197  2.48762  0.325967  
1.8579  0.0615154  0.0616019  
0.403723  1.70577  0.287105  
1.71702  0.0557363  0.490997  
0.0649692  3.78855  0.080344  
0.0794584  0.069691  5.12614  
0.05828  0.193523  4.76271  
0.189495  0.268715  3.75249  
0.47111  0.220295  2.7129  
0.126421  2.90011  0.176888  
0.188028  0.287797  3.81556  
0.0686724  3.10049  0.481084  
0.0649189  1.79026  2.08528  
0.106766  3.27186  0.0810786  
1.78995  0.0785309  0.0579643  
0.129055  2.83118  0.246102  
0.148982  2.04021  1.13662  
0.232601  0.48069  3.12451  
0.186043  0.884281  2.48095  
0.0465868  3.45882  0.562525  
0.0744632  3.23046  0.284703  
0.0788574  0.0597916  5.32217  
0.178605  1.32862  1.9865  
0.141278  0.145395  4.25982  
1.6931  0.0632605  0.611781  
1.06744  0.0638262  1.76231  
1.70758  0.0967744  0.159188  
1.10405  0.34314  0.69565  
0.6372  0.112251  2.7965  
0.611477  1.06596  0.677294  
0.464248  1.15068  0.847791  
0.131332  1.96038  1.42433  
0.0825622  3.17054  0.28185  
1.27819  0.160436  0.828578  
0.327453  0.297474  3.29323  
1.84791  0.0499583  0.211998  
1.12099  0.434132  0.479419  
0.228938  0.868905  2.43557  
0.107645  3.05698  0.207878  
0.0710026  0.672354  3.90904  
0.15687  0.110208  4.45827  
0.0751588  0.133558  4.88056  
0.124466  0.26295  4.09968  
0.909219  0.113086  2.09625  
0.933854  0.0444366  2.16101  
0.596646  0.103785  2.94717  
0.128432  0.12313  4.42724  
0.124985  0.0948552  4.57116  
0.413005  0.176851  3.37707  
0.0607233  3.57461  0.249297  
1.56727  0.0885793  0.514188  
0.119015  2.75223  0.460929  
0.274205  0.174906  3.6611  
0.667329  0.854402  0.789184  
0.781745  0.899807  0.318487  
0.0753964  0.062767  5.22856  
1.82439  0.0539397  0.330525  
0.066944  0.0693169  5.36344  
0.0846509  0.196746  4.60591  
0.0970509  2.72997  0.700608  
0.671392  1.08014  0.254491  
0.100992  0.116957  4.67587  
0.89152  0.0457624  2.37282  
0.0720913  1.46922  2.74182  
0.0482662  3.89602  0.103987  
0.165139  1.71675  1.23094  
0.49167  0.0881391  3.22034  
1.26842  0.0907472  1.28143  
1.90503  0.0636265  0.0545458  
0.2502  0.617693  2.69034  
0.0643446  0.130401  4.92077  
0.351271  0.312358  3.04322  
0.0582612  3.84969  0.0615542  
1.3493  0.372322  0.0926938  
0.199939  0.41961  3.18565  
0.105662  0.562051  3.72036  
1.13643  0.0568299  1.66448  
0.167296  0.112976  4.38215  
0.615824  1.2334  0.449638  
0.196167  0.551691  2.99054  
0.0664763  3.64829  0.105555  
0.0758756  0.10145  5.03426  
0.109846  0.368703  4.06959  
0.215288  0.574358  2.91593  
0.161421  0.800064  2.87273  
0.944311  0.6092  0.462625  
0.214021  0.548172  3.01093  
0.0626396  3.63156  0.223013  
0.0686352  3.34041  0.282902  
1.76264  0.106335  0.138544  
0.122399  3.14902  0.121176  
0.223697  2.45495  0.18452  
0.152529  2.31129  0.829765  
0.415223  1.60152  0.579723  
0.310507  0.218895  3.35415  
1.08018  0.52945  0.267917  
1.12527  0.602082  0.105092  
0.287926  2.09075  0.299299  
0.459871  0.211144  2.85189  
0.993564  0.493493  0.630087  
0.339398  1.16821  1.35931  
0.0563866  3.66884  0.150461  
0.0589267  2.77549  1.3028  
1.37542  0.0855639  0.932268  
0.243762  0.812977  2.46233  
0.0814698  0.0877534  5.08385  
0.96788  0.118794  1.89719  
0.0958631  0.233575  4.40116  
1.54202  0.1581  0.39816  
0.147542  0.363255  3.63505  
1.65292  0.0774432  0.3987  
1.47324  0.180182  0.374859  
0.696982  0.244099  1.91028  
0.0666846  0.105818  5.25472  
0.0797066  0.564034  3.99806  
1.46564  0.084509  0.920869  
0.85887  0.488764  0.837898  
0.154173  2.28864  0.856767  
1.04693  0.115814  1.68526  
1.95591  0.0572862  0.0546566  
0.203466  2.02386  1.00124  
0.920263  0.131437  1.93997  
0.512331  1.45966  0.338377  
1.74092  0.0629157  0.366341  
0.0513363  3.00289  0.992397  
1.32132  0.317189  0.275442  
0.0822588  3.07399  0.323095  
0.0786337  2.54303  0.997565  
0.688933  0.215208  2.11991  
0.260954  1.61464  1.13894  
0.0520826  3.81717  0.149307  
0.118039  0.761603  2.96597  
0.0929425  1.09274  2.56403  
0.232603  0.452649  3.09734  
0.0659249  3.4836  0.264299  
0.161112  2.39945  0.556892  
0.0590455  2.81016  1.12439  
0.773581  0.897613  0.429465  
1.15097  0.0598235  1.59599  
0.190635  1.81075  1.11144  
0.0827333  0.118279  4.64247  
0.323195  1.64225  0.747953  
0.236437  1.49839  1.33346  
0.658133  0.678565  1.1977  
0.0445693  2.14441  1.89455  
0.373104  2.06245  0.140966  
0.134411  3.19879  0.0859942  
0.218964  2.56788  0.101601  
0.0981604  2.20007  1.26309  
0.64145  0.106769  2.82802  
0.390154  0.318803  2.76765  
0.306974  1.85238  0.663209  
0.520477  0.151839  3.06591  
1.05392  0.373629  0.812616  
0.165011  1.0576  2.29882  
0.156915  2.92307  0.0829461  
0.31386  0.224393  3.32525  
0.168029  1.66766  1.53774  
1.43331  0.132302  0.702947  
0.138325  0.228179  4.02623  
0.168  2.61749  0.219657  
0.102283  0.705854  3.43018  
0.0682783  3.12232  0.530819  
0.211182  0.442026  3.15709  
0.953746  0.165134  1.72839  
1.00137  0.240258  1.38865  
0.535356  0.385365  2.23346  
0.601896  0.96687  0.7118  
0.995192  0.162907  1.50269  
1.55474  0.165456  0.186819  
0.295643  0.687908  2.44132  
1.21532  0.471786  0.111085  
1.16253  0.483272  0.286309  
0.0825876  3.32391  0.122968  
1.61074  0.0809759  0.577756  
0.542605  0.472652  1.9502  
1.52615  0.0608236  0.819947  
0.234206  2.44603  0.201153  
0.105569  3.02818  0.349014  
0.835745  0.937655  0.162571  
0.20203  2.68192  0.0798609  
0.460271  0.661627  1.8074  
1.17674  0.250822  0.693052  
0.276822  1.09924  1.92409  
0.863801  0.520063  0.740153  
0.144521  2.38636  0.924032  
0.788728  0.264683  1.83899  
0.425248  1.20837  1.04828  
0.513362  0.291377  2.5163  
0.0943974  2.98353  0.531107  
0.0838995  3.30805  0.128115  
0.0663277  3.68481  0.0597646  
0.0808967  2.63998  0.743121  
1.61994  0.12819  0.23355  
1.36288  0.0450319  1.2289  
1.38293  0.0742657  1.12404  
0.0660682  3.44324  0.441904  
0.251873  0.335878  3.33434  
0.73304  0.142752  2.24961  
0.05898  3.83281  0.0804708  
0.188395  2.12724  0.722117  
0.884905  0.772523  0.101271  
0.0715686  1.75507  2.22575  
0.0618509  0.0760203  5.27988  
0.192559  0.302029  3.58674  
1.40629  0.176966  0.421734  
0.100832  3.29434  0.0644192  
0.114798  2.63274  0.539971  
1.74861  0.049559  0.510718  
0.376903  1.94043  0.0840164  
0.243414  0.0685773  4.32468  
0.523606  1.04794  0.790454  
0.286662  2.16348  0.200852  
0.100088  0.0996246  4.94481  
1.62667  0.106433  0.367173  
0.140383  2.37238  1.01083  
0.0591369  2.10543  1.92797  
0.181815  2.06837  0.873505  
1.44293  0.0859787  0.73397  
0.150582  0.1868  4.13505  
1.45663  0.108131  0.717906  
0.171861  1.4025  1.78086  
0.0751209  0.0997447  5.05569  
1.72945  0.0955264  0.293054  
0.0728021  1.28809  2.52912  
0.0561859  0.185248  4.80246  
0.0670278  3.03056  0.644204  
0.0476985  3.52446  0.547677  
1.03641  0.449097  0.626677  
0.387399  0.842998  1.73298  
0.153841  2.65993  0.289328  
0.229956  0.0688644  4.30792  
1.09287  0.128421  1.67723  
0.493146  0.630287  1.88425  
1.75554  0.0562278  0.400856  
0.550984  1.33678  0.476261  
0.0696918  3.41494  0.263841  
1.51138  0.109926  0.613402  
0.869031  0.835275  0.1534  
0.0505975  1.92337  2.0855  
0.0598636  2.76751  0.940465  
1.41784  0.223549  0.200945  
1.19171  0.247672  0.709265  
0.0922481  1.58119  2.25843  
1.06214  0.150239  1.24106  
0.113831  0.320316  4.05614  
0.173836  0.333925  3.57415  
0.917793  0.637947  0.469891  
0.962117  0.181674  1.48627  
0.0886984  0.221217  4.4868  
0.564573  0.405511  2.0168  
0.0582726  0.0767638  5.34671  
0.267061  0.579311  2.6618  
0.503704  0.505148  2.18781  
0.707689  0.0776204  2.75183  
1.10152  0.241895  1.06766  
0.766927  0.431359  1.27484  
1.49286  0.217091  0.138473  
0.0672461  3.53502  0.145797  
0.0634116  3.8012  0.062028  
0.0868519  0.564918  3.89329  
0.0680358  0.964374  3.24089  
0.499923  0.641579  1.7182  
0.286264  0.125527  3.93216  
1.79764  0.053073  0.449793  
0.147397  0.888958  2.84777  
0.232802  0.437783  3.03372  
0.0524016  3.2236  0.761297  
1.83629  0.0559902  0.153171  
0.17476  2.69778  0.0790811  
0.112231  2.95164  0.166646  
0.230456  1.22228  2.01641  
0.283216  1.18431  1.54099  
1.26128  0.108438  0.946405  
0.475381  0.100808  3.46847  
0.0575606  3.87238  0.0641306  
1.60445  0.166448  0.0612056  
0.0743393  2.24478  1.74778  
0.135132  2.93231  0.163756  
0.977119  0.0931776  2.05953  
0.555256  0.32931  2.3358  
0.31965  0.170807  3.51593  
1.66493  0.13138  0.181251  
0.0549997  2.70533  1.31411  
0.777322  0.977841  0.154295  
0.0993084  2.9479  0.524328  
0.60579  0.742834  1.1764  
0.384272  1.25037  1.06216  
0.291877  0.0589691  4.11706  
0.36939  1.83426  0.212054  
1.40385  0.190567  0.451817  
1.64703  0.107245  0.264705  
0.102715  2.41849  0.9729  
0.975076  0.127493  1.73802  
0.318575  1.87631  0.43626  
0.135662  2.11751  1.10383  
0.444769  1.76919  0.150816  
0.959382  0.592954  0.336998  
0.808623  0.0813322  2.67625  
1.23833  0.177988  0.801185  
0.930147  0.357284  1.06239  
1.22104  0.40205  0.237681  
0.144095  0.403725  3.54558  
0.378726  0.685532  2.00144  
0.0766207  0.0887358  5.15747  
0.851893  0.374023  1.31914  
0.687557  1.01237  0.376808  
0.157842  0.124383  4.35244  
1.36572  0.17871  0.570495  
0.334565  0.410056  2.59151  
0.51818  0.07514  3.46332  
0.0549833  3.3924  0.509001  
0.136047  2.79607  0.224662  
0.255174  0.168747  3.94768  
0.0859215  3.11643  0.309739  
0.0629771  2.59074  1.19012  
0.588731  0.462661  1.81826  
0.716944  0.137054  2.57954  
0.428157  0.713664  1.77635  
0.255819  2.50597  0.100199  
0.0998621  1.2648  2.31964  
0.64957  0.314314  2.1347  
0.182785  0.0792293  4.55059  
0.439919  1.90682  0.119479  
0.275799  0.786142  2.35651  
0.0773471  2.71822  0.719919  
0.435326  0.0697459  3.69275  
0.3886  1.51457  0.596863  
0.0691737  2.57637  1.00357  
0.152338  0.377452  3.5595  
0.249099  2.27726  0.22508  
1.331  0.123439  0.754675  
1.04271  0.489723  0.446275  
0.218044  1.89516  0.783451  
0.592752  1.44244  0.192496  
0.0805919  1.98461  1.61132  
0.281185  2.32445  0.110219  
1.57532  0.153313  0.183859  
0.300876  1.77016  0.808488  
0.6481  0.81912  1.05091  
0.703676  0.545932  1.32147  
0.61878  0.197971  2.50118  
1.53295  0.169896  0.363374  
0.0691418  1.40342  2.82343  
1.22698  0.446632  0.209293  
1.02062  0.269518  0.956228  
0.464616  1.13092  1.02101  
0.394346  1.11736  1.24378  
1.83349  0.0587308  0.231206  
0.161788  2.52395  0.369254  
0.130401  2.53843  0.574742  
0.215724  0.192635  3.9787  
0.399296  1.88518  0.202572  
1.39545  0.314025  0.167307  
0.269386  1.7366  0.906078  
0.0890383  0.730936  3.84489  
0.302351  0.801709  2.07177  
0.450035  1.3647  0.509369  
0.05682  3.87836  0.076019  
0.154197  1.48938  1.65625  
0.0636133  3.06859  0.68486  
0.0863817  2.23743  1.3683  
0.125711  3.01199  0.100365  
0.0608907  2.86374  0.915558  
1.58641  0.0759949  0.605889  
0.0653963  2.66785  0.877624  
0.635285  0.257676  2.14682  
0.132589  3.21041  0.099723  
0.315804  0.338517  3.26598  
0.802146  0.553134  1.07868  
1.63515  0.0862155  0.448898  
0.127599  0.33532  3.96823  
1.20637  0.391849  0.338009  
0.890662  0.192695  1.64208  
0.0976533  3.36213  0.067359  
0.057008  2.8504  1.1907  
1.31305  0.0666674  1.37992  
0.0667971  1.93513  1.84283  
0.426639  1.17418  1.15513  
0.0899275  1.86668  1.74839  
0.545462  0.25777  2.54442  
0.0551309  0.155261  4.97477  
0.370391  1.41389  0.958807  
0.154523  2.97424  0.085131  
0.0912194  1.99677  1.55685  
0.543159  0.786185  1.28785  
0.345314  1.90982  0.29045  
0.895872  0.422399  0.939183  
0.282788  0.12876  3.82801  
1.28647  0.0958091  1.22434  
1.55634  0.19279  0.0679181  
0.239229  0.106333  4.28536  
1.25627  0.28711  0.363778  
0.0663348  0.236307  4.73136  
0.349622  1.97093  0.195259  
0.108753  1.85938  1.62261  
0.322856  2.17859  0.102007  
0.0766134  3.27716  0.203254  
0.143421  2.42833  0.716116  
1.63941  0.140808  0.158906  
1.7313  0.0663514  0.329334  
0.0917576  0.45809  3.74983  
0.158344  0.28349  3.87087  
0.270487  0.431097  2.89178  
1.38956  0.0934764  0.920339  
0.0792236  3.49399  0.0635142  
0.627597  0.121109  2.67475  
0.419554  1.19319  1.09541  
1.50464  0.174425  0.332028  
0.064953  2.21716  1.83004  
0.0798124  2.41145  1.07626  
0.398138  1.02466  1.42185  
1.0253  0.679841  0.0882002  
0.0496933  3.55596  0.272015  
0.168533  0.555861  3.44294  
0.26351  0.944753  2.04689  
1.804  0.0548492  0.324436  
0.486493  1.54211  0.26712  
0.0537689  2.7975  1.27263  
0.121606  2.08004  1.46433  
0.897551  0.383996  1.13693  
0.583506  0.832726  1.03735  
1.20425  0.456834  0.307043  
0.84693  0.987203  0.103437  
0.112524  0.649686  3.61325  
0.395628  1.47206  0.589877  
0.881454  0.624486  0.519055  
0.0715645  3.59185  0.14354  
0.0820471  2.20157  1.4428  
0.262241  0.25569  3.40737  
0.0834975  2.17569  1.47693  
0.621165  1.39743  0.123853  
1.2306  0.175132  0.949335  
0.579743  0.503285  1.56212  
1.33135  0.203164  0.618877  
0.348397  1.81875  0.503166  
0.312095  1.82918  0.645467  
1.59574  0.0725971  0.691045  
0.709509  0.86643  0.467973  
0.904013  0.57548  0.585114  
0.362809  1.50403  0.808235  
0.423777  1.03114  1.39793  
0.106202  0.0968831  4.83356  
0.223221  1.22509  1.86935  
0.482209  1.52045  0.294634  
0.371255  0.182671  3.27801  
0.745379  0.459333  1.34057  
0.0489335  2.88156  1.17477  
0.718852  0.658789  1.05843  
0.819576  0.376248  1.35167  
0.628927  0.885626  0.888947  
0.528422  1.1937  0.60981  
1.49939  0.0736533  0.859191  
0.0745631  3.40495  0.233023  
0.0615345  0.531348  4.03825  
0.145151  1.34726  2.05266  
0.0914838  0.281923  4.14672  
0.0670027  0.106349  5.19751  
0.42038  1.61321  0.550144  
0.21398  0.808728  2.65249  
0.98431  0.533916  0.470498  
0.316107  1.58911  0.818785  
0.256525  0.0636064  4.2814  
0.111345  1.43535  2.03164  
0.5584  1.44825  0.185492  
0.794769  0.463225  1.23791  
0.279936  2.26533  0.12593  
1.48636  0.139988  0.443725  
0.448329  0.155411  2.90806  
0.798782  0.0985005  2.53175  
0.196721  1.53568  1.60246  
0.0849517  0.0857046  4.98106  
0.131719  2.21703  1.21973  
0.382664  0.110401  3.48202  
0.874296  0.751185  0.309661  
0.340772  1.38846  1.02972  
0.207896  0.0612071  4.54648  
0.735121  0.405043  1.40467  
0.569268  1.48137  0.144534  
0.0639411  3.59777  0.23236  
0.446139  1.69098  0.362761  
0.0563387  3.38086  0.562562  
0.845428  0.592871  0.797804  
0.762665  0.275869  1.69583  
0.560175  0.220308  2.54684  
0.279876  2.20325  0.210397  
0.195225  0.0658888  4.62577  
0.157568  2.60659  0.424821  
0.209273  0.467897  3.17004  
1.53902  0.0454246  0.949698  
0.171411  2.14937  0.783564  
0.319802  1.27378  1.51101  
1.31551  0.0661247  1.46039  
0.341624  0.99078  1.85235  
1.45101  0.108939  0.715293  
0.0830398  3.15453  0.196549  
0.679667  0.355707  1.97555  
0.572589  1.12964  0.751373  
1.33907  0.200752  0.46791  
0.179224  1.55193  1.61581  
0.089066  2.2683  1.18709  
0.238315  1.25654  1.7599  
0.846013  0.213843  1.70656  
0.783493  0.0923275  2.61456  
0.14188  0.0850895  4.85981  
0.715625  0.403927  1.57306  
0.056973  0.139703  5.00729  
0.0843363  0.758167  3.25591  
0.363345  1.03978  1.46385  
0.0820639  0.232574  4.69351  
0.0847582  0.0894899  5.07699  
0.0619376  3.55039  0.391422  
0.0997942  2.22822  1.09267  
0.0777036  0.249475  4.51372  
0.22202  0.587974  2.88331  
0.0705289  1.97946  1.81193  
1.1683  0.086404  1.40097  
0.245869  0.701245  2.63815  
1.18155  0.372685  0.385122  
1.18639  0.313692  0.576158  
0.203232  0.0810496  4.34706  
0.4873  0.702053  1.58184  
0.549249  0.39428  2.20551  
0.103265  0.104934  4.93247  
0.815796  0.374858  1.366  
0.202302  1.42087  1.4537  
0.46381  1.65647  0.37077  
1.34597  0.18295  0.452977  
0.784446  0.648654  0.785296  
0.815914  0.769397  0.500404  
0.750067  0.388894  1.46573  
0.806963  0.275187  1.61562  
0.0496012  3.50726  0.495127  
0.333259  1.41922  1.01485  
0.329851  1.84438  0.388415  
0.181055  1.57093  1.34372  
0.304333  1.64738  0.854915  
1.30724  0.235208  0.405152  
1.08505  0.32511  0.883653  
0.0653546  3.51181  0.38466  
0.525763  1.2857  0.542254  
0.268861  1.10856  1.63333  
0.113495  1.566  1.86191  
0.742408  1.13378  0.121274  
0.308801  1.73867  0.768245  
0.325221  1.00742  1.99731  
0.0742705  0.154874  4.82487  
0.267442  1.52893  1.2257  
1.09153  0.346492  0.730259  
0.0851246  3.37223  0.11591  
0.94781  0.107774  1.92431  
0.0764042  0.186173  4.72114  
0.502795  1.02067  1.10991  
0.777449  0.633773  1.05257  
0.876218  0.736327  0.470648  
0.712377  0.827259  0.650843  
0.0810173  0.851868  3.62211  
1.48187  0.182731  0.296209  
1.14785  0.539074  0.113018  
0.167496  0.0884577  4.70349  
0.373986  1.2509  1.12797  
1.24653  0.0975917  1.19856  
0.309605  0.253938  3.44468  
1.57906  0.0775198  0.623611  
0.57603  1.0284  0.778972  
0.509131  1.3514  0.581283  
0.0703717  0.150188  4.85579  
0.325618  0.114609  3.85634  
0.25876  0.48678  2.95697  
0.578387  1.12508  0.588646  
0.682138  0.590814  1.16006  
0.145111  1.25569  2.49505  
0.285966  1.51788  1.08588  
1.03087  0.626869  0.145071  
0.655558  0.201897  2.3315  
0.0802025  0.100014  5.00689  
1.51922  0.0652325  0.725774  
