0.0670748  3.26707  0.0377989  
1.78385  0.0422287  5.54206  
0.030552  3.67446  3.74429  
0.0390194  3.90694  0.580558  
0.0510196  1.22042  6.05091  
2.03929  0.0474507  0.051905  
0.0629606  3.35553  0.318008  
1.96667  0.0510148  0.0536058  
2.03207  0.0525636  0.0531905  
0.0513555  1.28805  5.35138  
0.0433671  3.81764  0.0423609  
0.0649924  3.42371  0.0666206  
0.0959993  0.0500116  5.71804  
0.0517991  3.77048  0.0546159  
0.0573781  0.160961  5.47497  
0.103974  0.0796103  5.41493  
0.0517807  0.104847  5.80498  
0.0522072  3.71143  0.0453515  
0.169052  2.64298  0.1441  
0.0384247  2.04806  5.28402  
0.0618611  0.71483  4.33528  
0.0415931  2.48718  4.03147  
0.12832  0.570816  3.6821  
0.0414234  2.37536  5.20623  
0.157823  2.68774  0.44592  
0.0374959  2.03579  5.29722  
0.0742818  0.191994  5.0924  
1.95694  0.0504383  0.141211  
0.348649  0.0869889  4.6213  
0.0561691  0.204295  5.0376  
0.0676358  0.725166  4.29131  
0.0691881  0.10747  5.6776  
1.62294  0.150937  0.0912977  
0.0644744  3.25293  1.0933  
0.117254  0.310874  4.54503  
1.52923  0.179621  0.553581  
0.106491  0.356643  4.43454  
0.157007  0.265088  4.77287  
0.0836192  3.21499  0.32261  
0.2316  2.24323  1.14547  
0.254221  1.33043  2.19423  
0.196197  0.243493  4.7292  
0.609165  0.590011  2.09283  
1.93243  0.0565186  0.0497184  
0.0809272  0.0786385  5.60903  
1.47386  0.231409  0.103155  
0.048936  1.2292  5.92547  
0.104026  1.10795  3.47636  
1.49386  0.174635  0.983432  
0.0757982  0.119781  5.14734  
0.259986  2.12157  1.16381  
0.0950436  0.453136  4.63969  
0.0549132  3.48169  0.689044  
0.0614492  0.163854  5.23484  
0.0669712  0.70522  4.48386  
1.44165  0.217056  0.606632  
0.0394884  2.461  4.37905  
1.66512  0.127561  0.0575161  
0.041171  2.51486  3.32995  
0.502621  0.237914  3.09527  
0.185121  1.64308  1.69915  
0.927456  0.283549  1.26765  
0.0603054  3.43985  0.133381  
1.51187  0.180902  0.0813221  
1.64272  0.146274  0.0860285  
0.101532  2.98464  0.537045  
0.16997  0.200442  4.81085  
0.124726  1.8232  1.87024  
0.240709  0.163151  4.01163  
0.0918928  3.09299  0.266814  
0.736041  0.991566  0.794711  
1.31574  0.326763  0.109484  
0.600765  1.23653  0.694454  
0.164932  2.61974  0.584326  
0.246358  2.27587  0.85517  
0.758481  0.389307  2.39959  
1.33014  0.302943  0.616396  
0.0885399  0.468167  4.06845  
1.83021  0.0590974  0.697731  
0.0566325  3.51502  0.217844  
0.0919565  3.19948  0.139389  
1.6461  0.128988  0.0854304  
0.0798964  0.0758159  5.6265  
0.0955404  3.12305  0.110073  
0.0465418  3.59931  0.351604  
0.492417  0.241854  2.86306  
0.0594179  0.094825  5.8633  
0.0763047  3.17221  0.570401  
1.90391  0.0586991  0.102746  
1.18532  0.120538  1.2928  
0.963684  0.636334  1.11224  
1.92355  0.0540963  0.128044  
0.141707  2.81299  0.196189  
0.251301  1.37462  1.61867  
0.0516062  1.20321  6.04784  
0.25147  2.14399  1.05051  
0.616258  0.536824  1.91587  
0.0416268  2.52891  3.28114  
0.0568405  3.64099  0.0494652  
0.180745  2.54131  0.465027  
1.41337  0.214451  0.929257  
0.0549783  0.168285  5.53583  
0.0329324  2.91167  1.68736  
0.159757  1.71275  1.8153  
0.14069  0.947627  3.34937  
0.0554904  0.0566563  5.96336  
0.651156  0.494286  2.42505  
0.105593  3.05504  0.0454153  
0.745579  0.956479  0.640404  
0.0436721  3.69653  0.502108  
1.06626  0.577719  0.109193  
1.85442  0.0598966  0.597293  
0.563813  0.179924  2.9174  
0.19317  0.336238  3.74109  
0.0610866  0.0655814  5.90345  
0.265774  2.17473  0.528231  
0.0502165  1.34848  4.69415  
1.16985  0.433526  0.168181  
0.0642636  3.57012  0.0505927  
0.301442  2.10737  0.284513  
0.0617762  3.46754  0.12965  
0.213203  0.737496  3.22185  
0.28057  1.26118  1.48929  
0.475125  1.52244  0.0636208  
0.0435757  3.79347  0.122039  
0.307556  1.24882  1.35948  
0.156581  2.79708  0.0562795  
0.295036  2.00534  0.464119  
0.273955  2.06724  0.937064  
0.128346  2.89618  0.0442515  
0.136687  2.85432  0.284156  
1.07216  0.530066  0.437071  
0.843124  0.892483  0.0660192  
1.1981  0.399137  0.622388  
1.25623  0.346621  0.929399  
0.200877  0.777104  3.43873  
0.0535924  0.0538801  5.99791  
0.210151  2.34174  0.862334  
0.955979  0.186383  2.0348  
0.228717  0.656182  3.50508  
0.682165  0.454077  1.89154  
0.117988  0.293354  4.82672  
0.175087  2.56477  0.529984  
0.0662866  0.079262  5.83521  
0.415908  1.61388  0.739646  
0.660889  0.525057  1.93656  
0.113726  2.96038  0.0415914  
0.950623  0.207726  1.71804  
1.46636  0.0476003  2.84319  
0.0939586  3.14348  0.0487434  
0.473599  0.87951  1.41288  
0.0930125  3.01551  0.916553  
0.304334  0.495162  3.26238  
0.205075  2.36993  0.875255  
0.584127  0.14083  2.89901  
0.0403494  2.38242  5.1267  
0.206674  1.57407  1.55797  
0.770207  0.115128  2.63951  
0.336945  1.9395  0.535623  
1.05812  0.559287  0.259216  
0.286196  0.139567  3.64991  
0.667581  0.514279  2.12159  
0.106849  2.92839  1.01677  
0.530991  0.670091  2.3227  
0.720697  1.06289  0.332796  
0.0686018  0.222923  4.98459  
0.914107  0.723934  0.251988  
0.50613  0.743771  1.9675  
0.145367  1.67553  2.22635  
0.794778  0.099404  2.58912  
0.3447  1.91907  0.153523  
0.402583  1.69863  0.68285  
0.690146  1.05779  0.771025  
1.53756  0.174079  0.389003  
0.20369  2.35439  1.2178  
0.934805  0.68375  0.745895  
0.061142  1.7883  2.82297  
0.470959  0.784922  2.38644  
1.80082  0.0671051  0.575069  
1.26941  0.349043  0.84262  
1.12224  0.0907291  1.90179  
0.394973  1.02509  1.52512  
0.904452  0.247693  2.29641  
1.08961  0.500927  0.373465  
1.42535  0.0807694  1.28419  
0.0871934  0.642754  3.77332  
1.69758  0.0954108  0.66106  
0.698926  0.110687  3.00291  
0.0729747  0.740965  4.19512  
1.57169  0.159582  0.400962  
0.361022  1.89717  0.0812075  
0.219338  2.32219  1.19487  
0.292437  0.617963  2.46812  
0.0498525  3.59746  0.760283  
0.312683  0.129908  3.91432  
0.043743  1.75774  2.83851  
0.0838463  0.674851  4.68231  
0.35901  0.425407  3.05811  
0.569695  1.40754  0.474842  
1.7508  0.0805273  0.419987  
0.457608  1.53644  1.22237  
0.103823  2.99834  0.391946  
0.183905  0.983488  2.67665  
0.0427956  2.75387  1.24018  
0.622584  0.634  1.3  
0.848036  0.30354  1.78628  
0.297197  2.12783  0.26452  
1.21502  0.443166  0.0687423  
0.425828  1.66202  0.481464  
0.50895  0.760221  1.67645  
0.102558  2.15934  1.34888  
0.221536  2.30976  0.401229  
0.141828  1.00168  2.99198  
0.997561  0.235048  1.58792  
1.10273  0.169968  1.26828  
1.26096  0.0941324  1.48499  
1.55169  0.15095  0.818397  
0.115106  0.0816917  4.99919  
0.633451  1.14774  1.06693  
0.755267  0.383855  2.44424  
0.182194  0.823624  3.37146  
0.484058  0.833569  1.77058  
1.77824  0.0731659  0.786601  
0.075013  1.31043  3.19587  
1.15751  0.472361  0.245444  
0.125049  2.86896  0.126267  
0.319757  1.97465  0.40417  
0.276402  2.23394  0.204702  
1.79049  0.0693864  0.909355  
0.548955  0.648159  2.36181  
0.285346  1.32106  1.34164  
1.81677  0.0743786  0.077952  
1.39111  0.283113  0.0586776  
1.60254  0.134631  0.376228  
1.2876  0.0605518  1.80503  
0.393209  0.0830035  3.96698  
0.630769  0.609548  1.50399  
0.374526  1.77543  0.9709  
0.352043  1.8812  0.67672  
0.869539  0.276031  1.73121  
1.27842  0.335077  0.886143  
0.466104  1.56011  0.189445  
0.167838  2.59374  0.337367  
1.84492  0.0733102  0.0718739  
1.67657  0.124993  0.487261  
0.188481  2.60445  0.222332  
1.86691  0.0583501  0.543951  
0.119439  0.364545  4.25722  
0.146775  0.0725378  4.85491  
0.426755  0.320247  2.97443  
0.885542  0.750042  0.189378  
0.555119  0.645926  2.07441  
1.40152  0.251702  0.276951  
0.878724  0.0622262  2.4523  
1.6712  0.121476  0.629177  
0.105021  0.139204  4.86827  
0.128522  2.77187  0.834166  
0.115772  1.95085  2.34253  
0.349909  1.85337  1.07753  
0.543139  1.33957  0.647537  
0.0972476  2.1898  1.25558  
1.5842  0.167363  0.154456  
0.237297  1.38571  2.0087  
0.180302  0.256345  4.39636  
0.835597  0.318643  1.40113  
0.0458817  3.66311  0.0610069  
1.34585  0.0594205  2.37702  
0.0977186  1.16107  3.30498  
1.72688  0.106371  0.0691438  
1.23686  0.406103  0.206481  
0.171  0.833889  3.40433  
0.0870341  3.16162  0.163587  
0.281229  2.19888  0.0582032  
1.38406  0.281569  0.232664  
0.325858  1.13359  1.67222  
0.0798181  1.45477  2.55096  
1.02064  0.586494  1.03572  
0.178031  2.70383  0.0608578  
1.37732  0.299746  0.162625  
0.620325  0.119308  3.59431  
0.559965  0.204735  2.93814  
0.036624  2.57681  1.43362  
0.246958  0.13791  4.5223  
1.17509  0.405133  1.01283  
0.0908052  1.18034  3.18595  
0.0783511  1.29579  3.24161  
0.128376  0.336638  4.22697  
0.711341  1.1046  0.179269  
0.0368513  2.74137  1.32112  
0.325626  1.15261  2.14966  
0.431872  0.942484  1.66212  
0.335205  1.95832  0.756956  
0.643676  1.16427  0.508769  
0.101632  3.09955  0.0704445  
0.251532  2.21934  0.237899  
0.801078  0.898442  0.665099  
1.30919  0.319258  1.24667  
0.11948  1.87029  1.37873  
0.313737  0.480369  3.53099  
0.322248  2.01654  0.390174  
0.498196  1.43139  0.295737  
1.68561  0.105673  0.0813649  
0.992883  0.623295  0.934528  
0.110034  3.0288  0.116105  
0.233756  0.67291  2.75734  
0.153013  2.77294  0.151628  
1.24487  0.0959208  1.89654  
0.406002  0.928101  2.10758  
0.413822  1.74316  0.216904  
0.706381  0.567135  1.6032  
0.296151  2.025  0.347768  
0.676737  1.08732  0.675884  
1.00283  0.624297  0.141918  
1.61028  0.129977  0.127161  
1.29645  0.360281  0.141106  
0.0679932  1.41961  3.416  
1.0081  0.172914  1.79732  
1.59729  0.164216  0.0659665  
0.97849  0.170334  2.04887  
0.283355  0.700955  2.60224  
1.83707  0.0671204  0.172096  
0.0345727  2.72899  1.43676  
0.408474  0.375419  2.77969  
1.74301  0.0877569  0.20516  
0.786825  0.970109  0.094173  
0.25419  1.36594  2.27723  
0.657767  1.21691  0.097155  
1.5603  0.176248  0.0590801  
0.805952  0.866748  0.518375  
0.22642  2.4675  0.0662765  
0.272288  2.09264  1.09759  
0.538306  0.664666  2.11101  
0.873383  0.767571  0.911276  
0.193197  2.41226  0.899182  
0.48013  0.260581  3.38251  
0.0788287  0.755133  4.13509  
0.288624  0.520683  2.94352  
0.941106  0.68949  0.480691  
0.860362  0.797987  0.750308  
0.574136  1.30328  1.02744  
0.728183  0.124899  2.70124  
0.0797512  0.096981  4.94571  
0.114833  0.382306  4.11951  
1.22841  0.421323  0.0622604  
0.39087  1.84463  0.0579792  
1.75942  0.0903623  0.0487598  
1.04967  0.56334  0.366292  
0.11179  3.03519  0.0468947  
0.442782  0.322065  2.7166  
0.217427  1.46959  1.95208  
0.763358  0.920114  0.964442  
1.8911  0.0527958  0.160721  
1.71856  0.090968  0.113614  
0.314044  0.486507  3.04468  
0.0549126  3.54245  0.217614  
0.398384  0.416093  2.57109  
1.15399  0.475914  0.244001  
0.0875253  0.248621  4.9058  
0.13914  1.11726  2.50826  
0.057165  3.5548  0.0774379  
0.155412  1.73883  1.7557  
0.968166  0.691046  0.269289  
0.467991  0.827549  1.92513  
0.366031  1.80218  0.255518  
0.152172  0.269073  4.49361  
0.516479  1.49949  0.0801043  
1.45968  0.227507  0.279298  
0.726614  1.01852  0.417788  
0.284437  1.40111  1.47485  
0.121347  0.471105  3.85596  
1.35031  0.0561333  2.34715  
0.459366  0.279824  2.79943  
1.30192  0.336919  0.0988539  
1.50134  0.208102  0.180469  
0.461436  1.5972  0.217128  
1.1062  0.143264  1.8386  
0.776698  0.398261  1.56615  
0.318107  0.59527  2.68884  
0.168466  0.334571  3.93743  
0.809482  0.321863  2.17734  
0.368206  0.121831  3.79956  
0.251235  0.640403  3.54946  
1.04115  0.604411  0.0600019  
0.176849  0.851762  3.21066  
0.746468  0.0885259  2.87853  
0.0939292  1.16743  3.61819  
0.150283  0.903755  3.15757  
0.68731  1.20507  0.0787171  
0.161434  0.32298  4.09227  
1.03408  0.544059  1.07901  
0.0505913  3.64445  0.292895  
0.214969  0.701743  3.1257  
0.652866  0.506947  2.24254  
0.233419  2.2919  0.718078  
1.71238  0.0924965  0.708877  
0.789017  0.103282  2.62175  
0.576689  0.154504  3.04038  
0.241469  2.29856  0.559605  
0.64504  1.25338  0.236422  
1.14812  0.149854  1.37574  
0.89716  0.301036  1.27944  
0.330598  0.469923  2.80772  
0.200708  0.223275  3.95141  
0.0647178  3.52731  0.0496691  
1.20946  0.409136  0.0892359  
0.0436591  3.67682  0.649666  
0.523914  1.49718  0.0716844  
0.0393973  2.4552  4.39442  
0.272291  0.547507  3.63109  
0.0579256  2.40025  1.68288  
1.14304  0.458254  0.316191  
0.236102  2.28682  0.788514  
0.167531  2.71937  0.0927473  
0.384144  1.18842  1.29761  
1.35737  0.339271  0.074861  
1.80878  0.0712723  0.278606  
0.834085  0.800015  0.955012  
0.352656  0.610038  2.68149  
0.49512  0.813747  1.73951  
0.589169  1.29117  0.749206  
1.42435  0.258336  0.0591485  
0.432855  0.864064  2.16792  
0.106031  2.95125  0.322912  
0.554821  1.35465  0.603844  
0.0774186  1.29742  3.13732  
0.347203  1.91391  0.0885003  
0.13758  2.83463  0.0440755  
0.0708684  1.67964  2.57977  
0.126385  2.94097  0.0499412  
0.196648  0.295347  3.83255  
0.0467935  1.57828  3.01276  
0.454437  0.397407  2.5771  
0.384952  1.07365  1.59531  
0.270285  2.2572  0.132719  
1.40778  0.252843  0.276869  
0.185546  2.47868  1.22352  
1.5479  0.224569  0.0804806  
1.58651  0.160093  0.0905325  
0.365769  1.0516  1.85299  
1.89975  0.0513694  0.128837  
0.0768287  1.47846  2.74105  
0.441602  1.56509  0.991601  
0.339026  1.07415  2.02049  
0.782468  0.910317  0.821928  
1.45082  0.216577  0.767158  
1.87969  0.0535069  0.382726  
1.11321  0.162973  1.26618  
0.43998  0.262487  3.56572  
0.340694  0.12201  3.86791  
0.220367  1.58604  1.26345  
0.70706  1.03254  0.59116  
0.262907  2.26061  0.187932  
0.595961  0.608385  2.30621  
0.852505  0.814199  0.0513455  
0.3774  1.95451  0.0737543  
0.518394  0.740488  2.2615  
1.70956  0.0895593  1.20408  
1.12879  0.493346  0.524426  
1.08095  0.559602  0.0597986  
0.779901  0.936418  0.950234  
1.34106  0.0849323  1.49569  
0.465335  0.80881  2.30662  
1.20281  0.14518  1.28591  
1.27202  0.340459  0.712637  
0.543837  1.38344  0.534438  
0.080972  1.41057  2.78155  
0.107495  0.370207  4.1697  
0.440384  0.411787  2.74071  
0.823274  0.388476  1.32399  
0.0392104  3.80943  0.0435944  
0.219205  1.46938  1.98653  
0.160298  0.826158  3.58195  
0.635936  1.22136  0.414963  
0.167035  1.62978  2.01308  
0.801179  0.362161  1.64809  
1.8759  0.0625933  0.103048  
0.57349  0.210366  2.61468  
0.102797  1.19321  2.81986  
0.174855  0.0629065  5.11606  
1.13399  0.152705  1.46715  
0.972346  0.184985  2.04756  
0.88267  0.250999  2.27554  
0.102915  0.0858176  4.9086  
0.177754  2.5245  1.04417  
0.581695  1.25986  0.83715  
0.593061  1.36128  0.0673316  
0.391259  0.0835906  4.24528  
0.0588473  0.982366  4.5357  
0.70181  0.596536  1.37114  
0.816722  0.906872  0.228117  
0.802631  0.849757  1.18679  
1.01146  0.224751  1.44225  
0.120487  1.81787  2.14628  
0.410388  0.917303  1.86565  
0.0884403  0.0563679  5.99041  
0.831487  0.815812  0.94555  
1.77105  0.0804226  0.364265  
0.479129  1.46351  0.305243  
0.281174  2.07677  0.4269  
0.404739  1.7639  0.615045  
1.50537  0.230457  0.0715179  
0.194393  0.842679  3.07329  
0.0965873  2.22535  1.39362  
0.0768361  1.62993  2.48542  
0.142231  0.97466  3.31551  
0.164089  0.365098  3.81617  
0.556883  1.44135  0.0880984  
0.0783143  0.0975555  4.93852  
0.264601  2.39393  0.0788439  
0.981765  0.645285  0.0955973  
0.781904  0.875694  0.904553  
0.271941  2.33463  0.090293  
0.820487  0.0775154  3.06444  
0.166583  1.68802  1.45417  
0.420125  1.72506  0.0580406  
0.456762  1.60369  0.352009  
0.361766  0.12574  3.83674  
0.131445  2.86559  0.042939  
1.81313  0.0665422  0.562724  
1.11086  0.515202  0.23866  
1.13709  0.49863  0.127104  
0.0923422  1.1819  3.07495  
0.178638  2.51582  1.22755  
0.127155  0.595797  3.74654  
1.3702  0.293983  0.188319  
0.515522  0.702055  2.3508  
0.143369  0.420727  3.89699  
1.88575  0.0684227  0.0661655  
1.22035  0.0873418  2.17169  
1.24348  0.373853  0.304046  
0.53101  0.678989  1.38965  
0.748115  0.437571  1.66755  
0.672192  1.10081  1.00024  
0.178582  0.792892  3.61095  
0.55031  1.44973  0.132498  
0.203625  0.686452  3.42716  
0.772405  0.374255  1.83752  
0.142213  2.83194  0.0536194  
0.721698  0.534003  1.30737  
0.423156  1.66932  0.143602  
0.352152  1.03856  2.00065  
1.4481  0.210252  0.913215  
1.86701  0.0580904  0.212334  
0.167568  1.53105  1.8633  
0.366941  1.98854  0.0738406  
0.187284  2.44439  0.752823  
0.450085  0.922628  1.28615  
0.699463  1.12166  0.0747951  
0.371916  0.403228  3.51034  
0.536517  0.747428  1.30611  
1.76617  0.0763765  0.413226  
1.36317  0.305255  0.229728  
0.143986  0.976211  3.1699  
1.12672  0.461843  0.690802  
1.02651  0.596708  0.298991  
1.73533  0.0817812  0.408908  
0.438281  0.305473  3.51856  
1.33758  0.310502  0.101152  
0.387677  0.437807  2.52527  
0.104721  3.05038  0.0517011  
1.02024  0.600382  0.521254  
1.45063  0.219703  0.451634  
1.22391  0.361479  0.367999  
0.146399  0.357751  4.10371  
0.911514  0.748477  0.595033  
0.960809  0.672063  1.17303  
0.230936  1.44482  1.69222  
0.946539  0.721853  0.0812444  
0.740621  0.0874311  2.95656  
1.36652  0.331807  0.0813096  
0.394  1.81142  0.113237  
0.829344  0.845747  1.08097  
1.60881  0.15792  0.319451  
0.448041  0.407475  2.63628  
0.0938463  2.08748  2.13539  
0.191391  2.44248  0.306979  
0.864129  0.0950272  2.50352  
1.68234  0.100705  0.172669  
0.117282  0.550779  3.81154  
1.01401  0.217787  1.29447  
0.370344  0.532934  2.49308  
0.183377  1.69149  1.38075  
0.0933358  1.18055  3.02959  
0.812707  0.117024  2.54023  
1.14398  0.430497  0.575002  
1.04722  0.598155  0.0610472  
0.166236  1.72078  1.46226  
0.733017  0.528807  1.56309  
0.653406  0.129723  3.17452  
0.369123  0.417354  3.15373  
0.499666  0.339633  2.52001  
0.189847  0.247868  4.17933  
0.352358  0.076981  4.50534  
0.364886  0.0838241  3.87579  
1.0834  0.546196  0.0577585  
0.482381  1.48713  0.0911564  
0.897838  0.249921  1.76909  
0.190216  2.57944  0.296556  
0.494197  0.74169  2.25073  
1.55053  0.0437507  3.55358  
