1.98268  0.0472789  0.0549297  
0.0423087  3.40351  5.64626  
0.401881  1.73644  0.0394692  
0.0446964  3.96765  0.0447131  
0.0489328  0.0493899  5.91238  
0.0469788  3.91727  0.699805  
0.0796427  0.070764  5.55071  
0.0468188  3.72838  0.749053  
0.0670257  0.063189  5.81379  
0.047008  3.8635  0.233389  
0.067039  0.123996  5.46064  
0.0505021  1.9165  5.2402  
0.0544053  3.66125  0.0556623  
1.4771  0.194008  1.00566  
0.0686233  0.105023  5.73691  
0.25074  0.121937  4.69055  
0.0466684  2.24761  4.75827  
0.0574296  0.572575  5.61554  
1.3578  0.276126  0.953025  
0.0593271  3.60528  0.053288  
1.91078  0.0652959  0.0573357  
1.62245  0.138514  0.157157  
0.0924914  0.0538983  5.87494  
0.186912  0.0633829  4.96576  
0.0434916  2.15802  5.32883  
0.059107  3.64506  0.192732  
1.97219  0.0586791  0.0610886  
0.0687798  0.159172  5.41614  
0.125563  1.85866  1.85084  
0.0813349  0.0776334  5.36851  
0.100687  3.17023  0.0528188  
1.78667  0.0752241  0.414573  
0.52222  1.42017  0.718435  
0.166455  2.67597  0.186774  
0.0727834  3.35416  0.0693216  
1.76679  0.0803266  1.10246  
0.371232  1.81459  1.13261  
0.22873  1.45737  1.90967  
0.090366  0.0707192  5.19028  
0.174345  0.19844  4.6547  
0.0608737  3.49559  0.982847  
1.37273  0.239491  1.17407  
0.0978179  0.0758368  4.8429  
0.0762462  3.32096  0.0503714  
0.183842  0.686617  3.40775  
1.34146  0.296773  0.0713094  
0.111444  2.0422  1.73047  
0.322746  1.0913  2.41416  
0.0696707  0.66525  4.81064  
0.214818  2.42406  0.314896  
0.369554  0.412256  2.88546  
0.0554976  3.53775  1.07997  
0.150893  2.69624  0.943089  
1.58643  0.143483  0.0970028  
1.49583  0.212269  0.110259  
0.101738  3.12843  0.121569  
1.95219  0.0568397  0.088553  
0.77282  0.0763344  2.56503  
0.0759059  0.0591973  5.70259  
0.379164  1.7901  0.683987  
1.93465  0.0575873  0.0860615  
0.150577  0.888814  3.57846  
0.0519521  3.82962  0.0493823  
0.0528381  3.74955  0.121086  
0.492079  0.71239  1.93441  
1.32729  0.33603  0.119291  
0.111765  3.0079  0.799304  
0.256813  0.130608  4.50323  
0.105533  2.08855  1.56661  
0.0930334  0.417543  4.60887  
0.131271  1.83217  1.79754  
0.39073  0.913865  1.78187  
0.485984  1.48996  1.1438  
0.0553276  1.00583  5.28188  
0.0731857  0.2487  5.07367  
1.3849  0.256312  0.546154  
0.0464355  2.28456  4.41747  
0.302111  1.95073  1.04086  
1.35232  0.289217  0.655428  
0.10484  1.20859  2.93612  
0.39766  0.337513  3.24271  
1.86576  0.0668844  1.10076  
1.6023  0.157326  0.0549337  
0.184669  2.58561  0.165926  
0.080303  0.633786  4.59198  
1.09282  0.495045  1.11387  
0.941737  0.236266  1.8144  
1.80752  0.0808717  0.0511258  
0.746419  0.963124  1.21203  
0.0582565  1.13876  4.98936  
0.122611  2.98167  0.0516756  
0.0892905  0.538766  4.16358  
0.213597  2.38933  0.595599  
0.307453  0.100339  4.2167  
0.176139  2.55973  0.296377  
0.0818027  0.0900076  5.10989  
0.0839018  1.15438  3.04366  
0.156571  1.70703  1.96929  
1.46563  0.211975  0.153343  
0.174921  1.60369  2.23009  
0.440728  0.958688  1.53406  
0.412863  0.323988  3.1307  
0.0795248  3.28101  0.388941  
0.284817  2.1436  0.244132  
0.198133  0.304858  3.81712  
0.0447935  2.90371  1.68997  
1.57602  0.146482  0.0835661  
0.0657904  1.29372  3.34989  
1.60839  0.123219  0.455769  
0.0595618  0.672782  4.2592  
0.140621  0.309754  4.12531  
0.517372  0.179183  3.55091  
0.78138  0.927977  0.81387  
1.79409  0.0712314  0.88447  
1.89115  0.0713761  0.0605065  
0.446826  1.69441  0.070801  
0.416738  1.66753  1.04442  
0.0831735  1.22876  3.18839  
0.243318  1.3127  2.19769  
0.0681124  3.46941  0.0586232  
0.613025  1.26078  0.500371  
0.0799153  0.121847  4.90268  
0.0629008  3.54588  0.202153  
0.139128  1.93388  1.4221  
0.128657  1.00315  3.49313  
0.0864076  3.29729  0.0516018  
0.159888  0.072644  4.8905  
0.205393  2.48562  0.237995  
0.178486  2.45778  1.02529  
0.247038  0.569073  3.50329  
0.879395  0.771434  0.571684  
0.0572379  3.77529  0.0524345  
0.816696  0.895968  0.0642121  
0.0991779  3.06974  1.07584  
0.98279  0.179702  1.48631  
0.0751439  3.34652  0.525999  
0.0480566  3.79018  0.174817  
1.63574  0.124589  0.156269  
0.254046  2.20564  0.861923  
0.0742705  3.41763  0.0533295  
0.805909  0.429572  1.46749  
0.452764  0.833747  1.94082  
0.355697  1.87942  0.659477  
0.0482923  3.81351  0.0642663  
0.859666  0.804709  0.701928  
1.2148  0.392841  0.144297  
0.276157  2.13025  0.897136  
0.217824  0.177394  4.44019  
0.0692165  3.4418  0.455233  
0.668393  1.14506  0.334728  
0.288178  2.06936  1.05885  
0.0553299  1.39782  4.5576  
0.0896893  3.1215  0.336262  
0.227643  0.190169  3.9524  
1.74378  0.0919595  0.127236  
0.657842  0.113486  3.37346  
1.13437  0.498591  0.0904668  
0.141182  2.79557  0.210321  
1.90243  0.0701659  0.0586499  
1.67859  0.125713  0.132449  
0.326408  1.08576  1.87888  
0.218586  0.588754  3.45024  
0.335781  1.86963  0.853731  
0.36142  0.0561119  4.18033  
0.468704  0.317494  2.79106  
0.225376  2.33635  0.349169  
1.25311  0.0691067  1.54817  
0.426457  1.66069  0.914073  
0.792039  0.943134  0.66454  
0.11184  0.0619795  5.65831  
1.43498  0.218065  0.488959  
0.103948  3.09431  0.144824  
0.384145  0.345728  3.43921  
0.646487  0.150093  2.72686  
1.73671  0.0831307  0.451828  
0.913499  0.198969  2.2531  
1.18105  0.06968  2.33491  
0.212605  2.44487  0.152581  
0.123302  2.92824  0.143203  
0.547017  0.23267  3.2014  
1.50818  0.181559  0.926614  
0.104141  3.0523  0.195409  
0.37591  1.07356  1.35221  
0.0452939  2.88541  1.6104  
1.4185  0.205592  1.03047  
1.00678  0.202907  1.37822  
0.156149  1.74556  2.10545  
0.87538  0.285633  1.6992  
1.01133  0.589538  0.552766  
1.08439  0.109922  2.40041  
0.173229  0.372285  3.70296  
0.0881068  0.0750947  5.15935  
1.72058  0.0877647  0.757897  
0.534532  1.40005  1.22724  
0.430753  0.332211  3.01549  
1.24331  0.0895485  1.67269  
0.68257  0.118405  3.29937  
0.416719  0.341319  2.96057  
0.228732  0.208045  3.88776  
0.165049  0.264559  4.03297  
0.095175  0.525835  4.08301  
0.090286  3.23566  0.247377  
0.921543  0.751043  0.402206  
0.145655  2.81789  0.0858491  
0.998087  0.645525  0.532621  
0.142093  1.97559  1.30164  
0.276757  0.723393  2.69254  
0.136413  2.8578  0.0562265  
1.81651  0.0697337  0.334792  
0.445378  0.0589565  3.64402  
0.05622  3.57831  0.196027  
0.303922  2.02893  0.721147  
0.112574  3.03351  0.065684  
0.169013  1.63062  2.14394  
0.38167  1.76011  0.967752  
0.170753  0.777708  3.3199  
0.166452  2.52986  0.792892  
0.913676  0.242048  2.09152  
0.235406  0.121721  4.78992  
0.107554  1.02341  3.02663  
0.204421  2.35244  1.19798  
0.841271  0.314588  2.27936  
0.0824705  0.652044  4.30474  
1.26632  0.326306  0.836447  
0.702066  0.101342  3.16412  
1.10225  0.519116  0.637522  
0.289672  0.183036  3.7767  
0.618611  0.135551  3.26354  
0.0599266  3.57179  0.227341  
1.66827  0.106177  0.439342  
0.761327  0.346622  2.17445  
1.28568  0.0727748  1.33918  
1.27708  0.328703  0.766488  
0.0688759  0.0970983  5.13911  
1.10845  0.473716  1.16912  
0.344642  0.475921  2.9805  
1.44542  0.251084  0.0593367  
0.135048  1.82297  2.35961  
0.40811  1.02751  1.42187  
0.713418  0.450429  1.52141  
0.579543  1.35854  0.487875  
0.342475  1.98204  0.777954  
1.02961  0.609574  0.270592  
0.198701  2.47061  0.72297  
1.52256  0.185916  0.909256  
1.87447  0.0616039  1.03588  
1.56387  0.153295  1.11969  
0.192075  1.58618  1.45845  
1.50265  0.197715  0.714328  
0.347616  0.0569274  5.04655  
0.134343  1.02144  2.70172  
0.260884  0.675551  2.8219  
0.132047  0.925784  2.93848  
0.276719  2.11696  0.679207  
1.20537  0.0948699  1.38806  
1.85472  0.0760103  0.0558769  
0.11294  3.01953  0.290267  
0.174609  2.71651  0.0615298  
1.04062  0.163025  1.31751  
1.88088  0.0722643  0.0608556  
0.130454  2.88292  0.124659  
0.420204  0.0716552  3.72461  
0.293385  2.05594  0.743584  
0.262294  2.21978  0.407024  
1.65789  0.129713  0.0785518  
0.246155  0.143911  4.37385  
1.72717  0.111133  0.0571048  
0.720554  0.46762  1.27778  
1.24975  0.057139  3.91603  
1.51537  0.196408  0.168594  
0.474826  0.827816  1.74238  
0.820948  0.346786  1.75779  
1.64985  0.133276  0.103653  
0.663909  0.107648  3.62051  
1.52613  0.161788  0.66982  
0.633978  0.522523  2.43714  
0.835597  0.409994  1.28824  
0.0547321  2.64625  1.26236  
0.276924  0.112033  4.39264  
0.554818  0.789632  1.30662  
1.26035  0.0768949  1.431  
0.145311  0.305962  4.10685  
0.0877908  1.30579  2.80408  
0.208443  0.191776  4.33883  
0.891503  0.0620303  2.51696  
0.251692  2.26234  0.0486946  
1.75464  0.0950227  0.0776935  
0.370708  0.365658  3.61799  
0.262556  2.18376  0.463581  
0.397212  1.77756  0.518053  
1.42415  0.237673  0.699593  
0.426305  1.0172  1.40646  
0.271617  2.17028  0.82048  
0.0840958  0.0703312  5.31883  
0.988565  0.1548  2.35132  
1.45627  0.214936  0.202311  
1.69385  0.125183  0.0600496  
1.71517  0.106313  0.254669  
0.388332  1.90205  0.150487  
0.278217  2.10582  0.476132  
0.280702  2.09659  1.04608  
0.754781  0.398222  2.21601  
0.728076  1.16237  0.0946051  
0.231041  2.29567  1.0722  
1.4104  0.259228  0.128839  
1.84869  0.0774409  0.0560539  
0.196026  0.199099  4.52189  
1.14387  0.101003  1.99575  
1.5336  0.1876  0.185151  
0.318952  1.99054  0.538205  
1.18935  0.435666  0.378604  
0.127478  2.82799  0.205168  
1.16048  0.487161  0.0815217  
1.39462  0.055341  1.36035  
0.399185  0.971288  1.49969  
1.66508  0.111497  0.832096  
1.55062  0.159165  0.640961  
0.0556186  2.6284  1.25419  
0.185754  0.257636  4.28449  
0.182805  0.280059  3.92414  
0.676209  0.502389  2.16222  
0.210345  0.180803  4.3509  
0.148423  2.76735  0.0588822  
0.288889  1.24118  2.05109  
0.0955649  0.531432  4.04826  
0.244591  2.36642  0.0611266  
0.114417  2.93801  0.511  
0.365948  0.120406  3.67262  
0.651668  0.553668  2.0019  
0.851649  0.251789  2.1571  
1.14607  0.0984279  1.86763  
0.740185  0.989867  0.717706  
0.154107  0.300681  3.97173  
0.248666  2.27711  0.862415  
0.0651155  3.45454  0.140388  
0.557623  1.37967  0.123691  
1.05806  0.583878  0.181421  
1.70512  0.11124  0.138301  
1.23163  0.365687  1.048  
0.358242  1.05046  1.65318  
0.863994  0.864626  0.149836  
0.463587  1.58329  0.5173  
0.18223  0.797747  2.99901  
0.392167  1.76348  0.662256  
0.142038  2.73006  0.644461  
0.458421  1.62467  0.344106  
0.269303  1.33123  1.36752  
0.252539  1.36487  1.40452  
0.597481  1.28695  0.392639  
0.321396  1.12736  2.00577  
0.504583  1.5432  0.116451  
0.948862  0.158992  2.21846  
0.0543421  0.0518755  5.90465  
0.403319  1.72372  0.578007  
0.124188  1.06251  2.45083  
1.20893  0.401955  0.775835  
0.719231  0.407562  1.82952  
1.22655  0.0712562  2.30203  
0.064431  3.49548  0.0513397  
0.543438  1.39551  0.730179  
0.613579  0.17084  2.61874  
0.273813  1.24756  2.32008  
0.0973181  3.08381  0.606438  
0.910474  0.706748  1.17888  
1.43183  0.246406  0.656967  
0.608585  1.21085  0.975163  
0.0974701  1.1147  3.07208  
0.637678  0.13315  2.86928  
1.01865  0.584492  0.992686  
0.622009  1.22289  0.266292  
0.346299  1.05085  2.02229  
0.899335  0.741492  0.848166  
0.789837  0.351115  2.12291  
0.93256  0.19312  2.07271  
1.64243  0.134455  0.0520246  
0.689478  0.529089  1.86075  
0.244432  1.3463  1.91384  
1.75985  0.0915349  0.198545  
0.563171  1.35036  0.522385  
1.02472  0.151819  1.54136  
1.31947  0.0483381  2.54051  
1.17034  0.469078  0.0736683  
0.0857805  3.20984  0.258957  
0.0860795  3.18607  0.481822  
0.349054  0.0735724  4.46929  
0.495022  1.46966  0.603518  
0.90356  0.749535  0.600616  
0.476602  1.50381  0.998438  
0.101095  2.19153  1.69222  
0.304632  1.19332  1.68989  
0.287459  1.2807  1.95843  
0.23778  2.30485  0.562199  
0.289819  1.26826  1.34738  
0.348343  1.89295  0.470173  
0.0583135  2.41111  1.52828  
0.116262  2.96402  0.358248  
1.03119  0.576623  0.87513  
0.989098  0.731708  0.0818643  
1.12469  0.504169  1.03951  
0.222514  0.73671  2.52623  
0.368733  1.11284  1.35874  
0.599354  0.183478  2.75069  
0.999978  0.644832  0.899709  
0.309003  0.551904  2.58635  
1.11414  0.5493  0.257983  
1.55673  0.160906  0.156071  
0.115435  0.512344  3.86424  
0.118918  2.84965  0.687316  
0.869398  0.83336  0.305428  
0.797842  0.902127  0.627285  
0.335066  0.0744948  4.53808  
0.368796  0.394564  3.1525  
0.0653271  1.31987  2.47096  
0.103586  1.28121  2.77201  
0.07957  3.21737  1.17481  
0.450789  1.64843  0.0617527  
0.0565293  1.38473  4.26747  
1.27071  0.0765935  1.43174  
1.94588  0.0548644  0.428413  
0.435549  0.852454  1.60273  
0.350925  0.086607  3.76098  
0.1217  0.0567943  5.2648  
0.0676019  2.31376  1.44389  
0.232845  2.50201  0.145809  
0.406253  0.868743  1.7924  
0.575504  0.167126  3.1989  
0.121841  0.0638576  5.02349  
0.188916  2.64497  0.062398  
1.11858  0.105222  2.06595  
1.12866  0.10609  1.47825  
1.82528  0.0664345  1.17266  
0.388605  0.997462  1.64538  
0.501352  0.208047  3.27248  
0.874557  0.873484  0.0784712  
0.195362  0.225965  4.00537  
0.349706  0.0821859  3.98443  
1.05482  0.597253  0.169562  
0.45644  0.312455  3.33839  
0.962812  0.214166  1.88426  
1.16801  0.424804  0.460209  
0.548112  1.33827  1.09122  
0.561553  0.657887  1.45318  
0.845023  0.784169  1.18269  
0.567951  0.231358  2.67031  
0.509791  1.46287  0.286905  
0.20152  0.849003  2.84228  
0.766615  0.984277  0.335836  
0.658854  1.20008  0.0636245  
0.367851  0.0556436  4.06821  
0.159466  2.59685  0.61884  
0.202408  0.847556  2.63322  
0.154451  2.75086  0.0983927  
0.705624  0.441973  1.73142  
0.348853  2.01255  0.0803389  
0.217387  0.816658  2.65543  
0.0724537  2.35905  1.32781  
0.66542  0.48307  2.19048  
1.06496  0.558768  0.561112  
0.138935  0.304707  4.31975  
0.177761  2.55405  0.370894  
0.508238  1.48627  0.450003  
1.9431  0.0531018  0.554789  
0.825851  0.067755  3.08578  
0.630584  0.56634  1.50907  
1.28021  0.369849  0.213947  
0.642715  0.463887  2.38774  
1.30734  0.340301  0.307554  
0.433561  1.60603  1.24031  
0.887332  0.307084  1.39833  
1.40739  0.230438  1.10712  
0.523769  1.55232  0.106929  
0.545081  0.620058  1.97813  
0.470859  0.904723  1.26551  
1.19365  0.403063  1.01752  
0.343503  0.0649944  4.76247  
1.16959  0.417335  1.15802  
0.484188  0.267823  3.09668  
0.883884  0.758267  0.508557  
1.23798  0.0901331  1.53047  
1.56655  0.160267  0.0506806  
1.15822  0.0875475  1.89175  
0.151434  2.7364  0.221404  
0.395991  0.35742  2.79685  
0.736663  0.142382  2.85216  
0.271499  2.23618  0.149392  
0.800071  0.331073  2.37228  
0.217159  0.691625  3.11433  
0.230668  0.215913  3.83696  
0.634097  0.554398  2.05065  
0.95964  0.215801  1.97724  
0.125184  2.84125  0.126916  
0.313425  0.459983  3.37326  
0.300433  0.116249  4.19832  
0.5028  0.69478  2.31977  
0.143992  2.78297  0.58359  
1.21785  0.0575215  2.32976  
0.756878  0.0775795  2.54984  
1.93603  0.0500456  0.783379  
1.6897  0.104858  1.18271  
1.29972  0.0610393  2.18674  
0.219137  1.53765  1.63039  
0.931888  0.0598965  2.67538  
1.82837  0.0790141  0.124043  
0.697972  1.13349  0.228637  
0.594428  1.27653  0.417927  
0.83105  0.363651  1.37236  
0.1378  0.544657  3.69857  
0.951647  0.699895  1.05993  
1.45082  0.23974  0.0767145  
1.83897  0.075264  0.062222  
1.19381  0.440905  0.0732579  
0.192427  1.57439  1.5321  
1.68564  0.120698  0.0679135  
0.804698  0.884718  0.304359  
0.829257  0.349865  1.62455  
1.22255  0.371046  0.363627  
0.851555  0.310458  1.24315  
0.624177  0.147727  2.73624  
0.169249  0.294832  4.01341  
0.329992  2.05842  0.177976  
0.969739  0.752266  0.0997998  
0.626142  0.222905  2.49415  
0.529925  0.626421  2.12703  
0.0928928  3.19148  0.0632327  
0.975442  0.747205  0.0901789  
0.142222  1.72774  2.28964  
1.04742  0.602747  0.227287  
0.718767  0.406864  2.02539  
0.238045  1.40297  1.63616  
0.143822  1.7497  1.38598  
0.116891  0.443059  4.19965  
1.53958  0.197058  0.110883  
0.320676  0.0760047  4.46299  
0.195397  2.39776  0.742458  
0.480448  1.64263  0.14544  
0.158318  0.820561  3.56155  
0.163444  2.61351  0.474311  
0.231609  2.32802  0.584083  
0.115495  2.17581  1.29816  
1.31217  0.0843584  1.30974  
0.118197  2.95668  0.342915  
1.70845  0.115143  0.0649342  
0.331865  0.641203  2.49908  
1.07851  0.533264  0.695067  
0.517765  1.4813  0.173139  
0.147675  2.77659  0.0466989  
0.75087  0.070672  3.33023  
0.200926  2.50747  0.609359  
0.194598  1.56492  1.52598  
0.926151  0.24246  1.50792  
1.07113  0.136508  1.57724  
0.296949  0.146738  3.86916  
0.310056  2.003  0.715701  
0.701423  0.494925  1.25393  
0.152223  2.61537  0.577613  
1.54308  0.183363  0.106998  
1.18694  0.438853  0.239405  
0.685979  1.07067  0.61107  
1.02077  0.585122  0.741867  
1.03684  0.603272  0.308729  
0.0846047  3.24779  0.541762  
1.83662  0.0797833  0.0558021  
0.514576  0.754421  1.74753  
0.820295  0.857453  0.311561  
0.838888  0.0681563  2.81383  
1.052  0.565778  0.702378  
0.60597  0.565702  2.39904  
0.671416  0.618876  1.33926  
0.693473  1.0489  1.08529  
1.10462  0.53753  0.546354  
0.121543  2.94933  0.246149  
0.48154  0.293604  3.10627  
0.317937  0.517036  2.60272  
0.571889  0.209418  2.59483  
1.30067  0.314342  0.422355  
0.228156  1.51337  1.59444  
0.152013  1.04052  2.64009  
0.161585  2.74559  0.0551115  
0.686675  1.17041  0.0753029  
0.0517386  2.54372  1.41209  
0.211854  1.61319  1.26065  
0.447461  1.61067  0.630624  
0.731154  1.11997  0.0776523  
0.483763  0.762129  1.47377  
0.0488628  2.60224  1.62746  
0.734559  1.09047  0.282044  
0.586807  0.699099  1.32854  
0.620872  0.135037  3.30197  
0.333313  2.22871  0.100944  
0.73261  0.0849001  2.99619  
0.074498  0.749637  3.65693  
0.953263  0.73597  0.102668  
1.22631  0.368464  1.20304  
0.344854  0.457606  2.45609  
0.790646  0.355878  1.58954  
0.496029  1.56075  0.287976  
0.756666  1.04016  0.360758  
0.539023  0.680458  1.50887  
0.643609  1.17577  0.351632  
0.802291  0.935294  0.421254  
