7.87478e-012  7.9388e-011  6.00079  
0.116783  0.887838  4.11895  
0.856442  0.861847  2.61538  
2.63983e-013  0.821482  4.36499  
0.886274  0.729053  3.21159  
0.309378  0.755544  4.30507  
0.620412  0.779527  4.18118  
0.72316  0.303538  4.5235  
0.000159819  0.605023  5.85747  
0.68753  0.630188  4.76117  
0.0665361  0.294646  5.49564  
7.87478e-012  0.60735  5.72324  
0.0770143  0.287399  5.46531  
0.681467  0.876096  3.54256  
0.278916  0.692468  4.72591  
0.298158  0.782081  4.13217  
0.0114253  0.0391908  5.93533  
0.198822  0.046649  5.54588  
0.751917  0.70505  3.75689  
0.235491  0.249496  5.16776  
0.645127  0.193395  5.10513  
0.173878  0.199839  5.26356  
0.676032  0.225437  4.84852  
0.14049  0.268001  5.32316  
0.0665361  0.883838  4.22579  
0.867672  0.7494  3.03392  
0.258744  0.745408  4.3252  
0.0604005  0.744535  4.75433  
0.22456  0.217109  5.17521  
0.709158  0.0661687  4.91414  
0.843591  0.843628  2.63571  
0.828615  0.86783  2.65503  
0.6845  0.280357  4.78843  
0.862596  0.690426  3.46812  
0.288879  0.749003  4.32085  
0.0997426  0.263525  5.39594  
0.72697  0.817174  3.2635  
0.854115  0.714749  3.28955  
0.212359  0.132085  5.33817  
0.217531  7.9388e-011  5.65738  
0.746933  0.799763  3.18156  
0.787462  0.78385  3.01421  
0.718809  0.765042  3.56523  
0.820494  0.852704  2.67481  
0.148325  0.0527266  5.6291  
0.840965  0.689392  3.48483  
0.2734  0.168254  5.24648  
0.788034  0.842831  2.81311  
0.0111774  0.0147082  5.97215  
0.187307  0.717786  4.58077  
0.870912  0.694273  3.44137  
0.0140472  0.0232308  5.95731  
0.288879  0.671477  4.89356  
0.0364967  0.155797  5.67571  
0.243139  0.661797  4.98497  
0.1141  0.031201  5.74637  
0.250805  0.824326  3.92839  
0.191704  0.160299  5.30281  
0.656679  0.259413  4.98089  
0.731728  0.761276  3.49574  
0.295416  0.845096  3.91696  
0.776739  0.87278  2.86887  
0.0755896  0.0606412  5.78229  
0.642055  0.653539  4.93573  
0.833218  0.19435  3.95185  
0.2734  0.204625  5.19706  
0.812903  0.111838  4.18203  
0.20695  0.716846  4.55862  
0.764331  0.857797  2.9467  
0.238565  0.810785  4.00835  
0.124042  0.709581  4.7741  
0.84946  0.646652  3.78603  
0.859469  0.804898  2.77754  
0.154617  0.220664  5.28008  
0.265802  0.873021  3.89169  
0.163884  0.269986  5.2517  
0.022101  0.0102393  5.96323  
0.219855  0.856287  3.89515  
0.649295  0.780747  3.98931  
0.797354  0.0258273  4.47995  
0.880583  0.198513  3.93803  
0.270516  0.0980989  5.40256  
0.779649  0.82494  2.89269  
0.879873  0.232857  3.90333  
0.846594  0.7091  3.33362  
0.654227  0.140276  5.14677  
0.0983703  0.211984  5.41977  
0.748424  0.744494  3.58646  
0.69568  0.849072  3.42915  
0.034415  0.103031  5.77015  
0.839135  0.13715  4.05555  
0.22845  0.66341  4.94259  
0.16922  0.1228  5.42739  
0.765521  0.243672  4.20519  
0.67272  0.269986  4.86826  
0.758191  0.832509  3.00247  
0.12802  0.150156  5.4566  
0.723662  0.734569  3.73464  
0.724071  0.854401  3.22147  
0.0876589  0.183922  5.48397  
0.703553  0.214689  4.69243  
0.627267  0.635654  5.15201  
0.253727  0.106875  5.37836  
0.634299  0.872468  3.87059  
0.703553  0.714565  4.07259  
0.172741  0.185853  5.34607  
0.0326975  0.0666912  5.85205  
0.743512  0.681997  3.98417  
0.109546  0.70082  4.87494  
0.20695  0.719861  4.53657  
0.768846  0.775548  3.1647  
0.156296  0.220664  5.27676  
0.730294  0.826677  3.2081  
0.794967  0.861518  2.76948  
0.668771  0.742068  4.13309  
0.779928  0.716213  3.61655  
0.849631  0.661415  3.68282  
0.224691  0.00286113  5.58156  
0.024418  0.0527483  5.90248  
0.882125  0.150936  4.02811  
0.0672977  0.669783  5.20826  
0.795269  0.770701  3.05212  
0.0786026  0.739274  4.74618  
0.651387  0.839499  3.76537  
0.679131  0.279598  4.82745  
0.800778  0.725753  3.32695  
0.631  0.635654  5.12845  
0.812903  0.255016  3.96377  
0.732431  0.235912  4.43344  
0.177684  0.819824  4.025  
0.755356  0.734186  3.5147  
0.872884  0.0698261  4.20275  
0.754863  0.830349  3.10483  
0.0058259  0.0493428  5.92347  
0.0140472  0.0281373  5.95013  
0.0294612  0.0962326  5.79473  
0.666338  0.668984  4.65319  
0.0904008  0.176821  5.48933  
0.0944125  0.753869  4.52842  
0.103622  0.142591  5.53009  
0.802894  0.835218  2.75844  
0.716961  0.0865622  4.80776  
0.278691  0.756789  4.26097  
0.744075  0.062807  4.6669  
0.788376  0.696071  3.66734  
0.0823948  0.870553  4.17278  
0.885269  0.814758  2.72576  
0.0528399  0.773466  4.49606  
0.872349  0.65692  3.71788  
0.203684  0.00579336  5.60035  
0.734632  0.809374  3.23239  
0.0163919  0.247046  5.56472  
0.659063  0.187172  5.01815  
0.0274918  0.0909466  5.80656  
0.843591  0.645134  3.80415  
0.758529  0.138367  4.59099  
0.835802  0.0964774  4.16454  
0.238795  0.636605  5.11757  
0.727616  0.129766  4.63829  
0.859795  0.240581  3.88259  
0.133008  0.153362  5.43558  
0.662089  0.657735  4.79828  
0.0552948  7.9388e-011  5.91884  
0.145248  0.759136  4.39734  
0.723109  0.809374  3.31328  
0.182325  0.700808  4.71787  
0.808509  0.161406  4.18161  
0.024418  0.0566671  5.88604  
0.14389  0.107639  5.51719  
0.133454  0.031201  5.70074  
0.809882  0.754918  3.08775  
0.119974  0.21658  5.36259  
0.746881  0.696318  3.8535  
0.739081  0.0698261  4.68344  
0.74479  0.770701  3.34684  
0.124042  0.209704  5.36132  
0.718356  0.771253  3.53333  
0.850073  0.13715  4.04365  
0.252647  0.642297  5.07876  
0.0692776  0.749325  4.61495  
0.178354  0.269986  5.22357  
0.254597  0.642297  5.078  
0.806255  0.773855  2.98461  
0.112511  0.697487  5.05926  
0.138642  0.137548  5.47488  
0.138751  0.140976  5.45055  
0.0492176  0.0962326  5.76051  
0.715481  0.763697  3.59922  
0.825466  0.675589  3.63482  
0.697845  0.0484274  5.03075  
0.215608  0.738085  4.39419  
0.131785  0.0819071  5.60586  
0.827121  0.790454  2.83033  
0.87683  0.179548  3.96293  
0.839135  0.189375  3.95434  
0.797354  0.0260605  4.42017  
0.0669629  0.866751  4.22368  
0.786931  0.728094  3.4202  
0.034415  0.082975  5.81742  
0.146766  0.678607  4.96767  
0.74358  0.224238  4.3579  
0.0242944  0.0793008  5.83911  
0.627515  0.788374  4.0935  
0.642967  0.876096  3.81833  
0.705087  0.849072  3.35848  
0.87683  0.782081  2.84634  
0.71312  0.654008  4.41001  
0.821074  0.837343  2.69064  
0.2734  0.640621  5.10639  
0.775474  0.209138  4.16214  
0.170982  0.0314699  5.6195  
0.791031  0.769592  3.07765  
0.721015  0.0339957  4.92365  
0.0163919  0.204935  5.59453  
0.776779  0.036733  4.52167  
0.72122  0.650511  4.37304  
0.699083  0.635654  4.64205  
0.732402  0.796393  3.31006  
0.771045  0.70505  3.63706  
0.749105  0.687001  3.91854  
0.787045  0.665555  3.84223  
0.253727  0.171594  5.23228  
0.18443  0.657735  5.0418  
0.792208  0.803018  2.90319  
0.628617  0.182962  5.2285  
0.632863  0.652403  5.00217  
0.664917  0.803783  3.7705  
0.685362  0.0512433  5.12055  
0.76935  0.133574  4.34028  
0.716881  0.723267  3.8665  
0.160205  0.801549  4.11335  
0.0761265  0.0917199  5.71333  
0.145357  0.768001  4.34985  
0.718809  0.864244  3.25072  
0.153578  0.0825261  5.55494  
0.862596  0.699593  3.39861  
0.0798086  0.190654  5.49105  
0.00202506  0.0930281  5.8369  
0.77273  0.229386  4.17455  
0.0284684  0.0803435  5.82899  
0.669339  0.673308  4.6007  
0.758232  0.810785  3.06374  
0.70611  0.738906  3.83489  
0.152084  0.0155325  5.68028  
0.121355  0.870553  4.08103  
0.00831684  0.0772445  5.86355  
0.230781  0.847536  3.89209  
0.820494  0.803018  2.79407  
0.0274648  0.000454158  5.96624  
0.147062  0.0172048  5.70192  
0.859795  0.0109698  4.29568  
0.263299  0.00579336  5.5734  
0.118285  0.0068412  5.81068  
0.141927  0.144924  5.43361  
0.104847  0.642297  5.31276  
0.00398578  0.157197  5.68366  
0.804657  0.773855  2.9909  
0.863684  0.00819773  4.34129  
0.689325  0.116523  4.94568  
0.194611  0.781113  4.14891  
0.761619  0.138367  4.57067  
0.198822  0.115692  5.39408  
0.00450229  0.75163  4.70558  
0.875536  0.00813112  4.41436  
0.758474  0.244062  4.23932  
0.206092  0.650511  5.05121  
0.00238595  0.735744  4.85652  
0.816501  0.826813  2.74424  
0.688618  0.765042  3.7949  
0.158852  0.654008  5.10726  
0.783167  0.27713  4.10331  
0.152084  0.0680177  5.59013  
0.787462  0.00555692  4.49549  
0.0479403  0.733226  4.86227  
0.867672  0.671874  3.60586  
0.769693  0.82098  2.9605  
0.702474  0.0739661  4.95292  
0.0492544  0.798692  4.38392  
0.129892  0.121085  5.51854  
0.217932  0.815072  3.97382  
0.705533  0.228799  4.62431  
0.702472  0.863598  3.37459  
0.246951  0.678566  4.82007  
0.768946  0.820281  2.96633  
0.67911  0.633234  4.80562  
0.699083  0.869897  3.40596  
0.0392213  0.059892  5.86595  
0.701695  0.174517  4.72411  
0.664328  0.794725  3.81913  
0.212981  0.01176  5.58261  
0.158214  0.150156  5.38658  
0.0409473  0.034682  5.90292  
0.701707  0.180927  4.71204  
0.705326  0.0378467  4.99683  
0.652129  0.140276  5.16148  
0.818316  0.725753  3.26293  
0.735812  0.830349  3.16776  
0.822945  0.82491  2.71237  
0.784939  0.247332  4.09612  
0.781413  0.125954  4.28695  
