0.0453015  3.30687e-012  5.94307  
0.907614  4.83977e-006  4.40689  
1.29872e-005  0.905506  4.39115  
7.28318e-012  0.839327  4.64064  
0.864301  0.858403  2.61587  
1.78534e-011  1.20264e-007  6.00812  
0.833526  0.289547  3.92777  
0.00687663  0.625102  5.60837  
0.289489  0.807094  4.00672  
0.616351  0.671058  4.97042  
0.890695  0.0890648  4.19332  
0.732418  0.899572  3.21314  
0.198595  0.162244  5.2881  
0.627556  0.637759  5.1337  
0.214456  0.197128  5.20662  
0.00190737  0.00300403  5.99646  
0.762589  0.879612  2.96256  
0.784814  0.277937  4.09602  
0.0820108  0.884571  4.21659  
0.637053  0.252793  5.11296  
0.218948  0.178492  5.23298  
0.233543  0.644133  5.07029  
0.723491  0.226842  4.52073  
0.0597645  0.15375  5.64377  
0.726362  0.818006  3.32746  
0.850833  0.821753  2.6716  
0.798419  0.79058  2.92861  
0.279639  0.693511  4.71893  
0.0404042  0.037735  5.92422  
0.777449  0.739597  3.35366  
0.641844  0.834416  3.83872  
0.660946  0.22108  4.9631  
0.271218  0.113881  5.39224  
0.259847  0.852076  3.885  
0.8243  0.676285  3.70486  
0.0365785  0.000481255  5.95166  
0.121737  0.722036  4.68752  
0.802571  0.782278  2.95363  
0.273155  0.70769  4.61537  
0.836626  0.802873  2.7557  
0.87746  0.652824  3.75359  
0.0507409  0.0565836  5.84339  
0.265051  0.117716  5.35331  
0.255418  0.731301  4.42421  
0.876487  0.716127  3.28118  
0.75106  0.832934  3.04802  
0.652408  0.260966  5.00998  
0.626273  0.637759  5.14178  
0.142605  0.203806  5.32449  
0.00687663  0.81853  4.36571  
0.871438  0.0906033  4.17804  
0.207618  0.852076  3.91025  
0.790456  0.660869  3.85885  
0.76539  0.697647  3.73314  
0.235482  0.050907  5.50415  
0.0688993  0.15698  5.57667  
0.852425  0.843306  2.63027  
0.616351  0.677855  4.92007  
0.704203  0.205901  4.73832  
0.823035  0.0102004  4.49251  
0.205436  0.193511  5.2235  
0.11915  0.0405181  5.71816  
0.838201  0.87651  2.64352  
0.756927  0.0747105  4.56106  
0.0217793  0.0890648  5.82131  
0.813708  0.871061  2.70064  
0.657522  0.838514  3.74985  
0.754157  0.100846  4.58056  
0.0238658  0.0565836  5.88854  
0.181147  0.105139  5.45084  
0.794262  0.261318  4.08493  
0.659343  0.212701  4.98271  
0.242608  0.16437  5.24682  
0.671317  0.640281  4.81727  
0.755683  0.0917414  4.59213  
0.843972  0.72202  3.24808  
0.0446965  0.0291046  5.90103  
0.277032  0.711975  4.57859  
0.103158  0.864128  4.12113  
0.838709  0.136208  4.05808  
0.277983  0.208311  5.18301  
0.0325752  0.848519  4.2711  
0.211742  0.124468  5.35852  
0.849187  0.808966  2.71548  
0.102694  0.202136  5.4206  
0.134364  0.74255  4.53473  
0.800174  0.276296  4.02148  
0.0770655  0.0176999  5.85236  
0.724245  0.0397477  4.84826  
0.857357  0.792791  2.77912  
0.692515  0.858439  3.47455  
0.786569  0.781203  3.03237  
0.16889  0.654499  5.09004  
0.121724  0.75228  4.47245  
0.107856  0.853337  4.11041  
0.808573  0.656144  3.83149  
0.784814  0.18423  4.14655  
0.263199  0.737361  4.38442  
0.713632  0.761224  3.62812  
0.70945  0.755675  3.69484  
0.248137  0.74863  4.31133  
0.792415  0.181636  4.16803  
0.0516874  0.109199  5.78475  
0.683303  0.823999  3.5685  
0.245539  0.0952081  5.40612  
0.791283  0.795115  3.00997  
0.885407  0.698434  3.42996  
0.803904  0.219052  4.01181  
0.0238674  0.0451646  5.90968  
0.239346  0.190573  5.20078  
0.676117  0.828226  3.61523  
0.646373  0.235006  5.05475  
0.115552  0.877054  4.10315  
0.112981  0.641459  5.31294  
0.663493  0.879562  3.68508  
0.749408  0.748463  3.46376  
0.281947  0.719226  4.52838  
0.77832  0.717885  3.49921  
0.722374  0.867894  3.22599  
0.77545  0.764403  3.18963  
0.288977  0.000481255  5.62311  
0.829407  0.812925  2.73174  
0.774252  0.870798  2.88242  
0.802571  0.775946  2.98858  
0.0162305  0.15375  5.74618  
0.778189  0.774733  3.11614  
0.772717  0.832759  2.9125  
0.790455  0.86347  2.79284  
0.835684  0.8055  2.74781  
0.883766  0.692489  3.473  
0.0546283  0.0653074  5.81687  
0.769732  0.787544  3.09322  
0.704741  0.258213  4.62239  
0.811483  0.74863  3.13378  
0.683044  0.847512  3.52528  
0.718315  0.0436061  4.88829  
0.177469  0.112243  5.51792  
0.224424  0.0679165  5.47545  
0.0944019  0.0947834  5.66722  
0.821249  0.680004  3.71464  
0.0956368  0.876095  4.14832  
0.86021  0.265713  3.88377  
0.87135  0.185129  3.9466  
0.19197  0.105139  5.43303  
0.148095  0.68896  4.87604  
0.201017  0.696628  4.78617  
0.639016  0.255336  5.10052  
0.813475  0.0518757  4.32177  
0.263199  0.777606  4.12706  
0.123956  0.233372  5.34109  
0.741539  0.780481  3.3117  
0.758498  0.0937473  4.49891  
0.136732  0.770517  4.33082  
0.835275  0.651143  3.77488  
0.228475  0.813891  3.96869  
0.712442  0.0874255  4.8692  
0.829581  0.00641868  4.337  
0.160452  0.0864798  5.53057  
0.730501  0.720488  3.79866  
0.805957  0.173154  4.07012  
0.182533  0.185129  5.27159  
0.0029638  0.629035  5.68129  
0.861808  0.646922  3.78454  
0.731676  0.70925  3.98803  
0.834386  0.635744  3.87966  
0.736179  0.748524  3.54576  
0.712442  0.0582369  4.90249  
0.140212  0.700609  4.80617  
0.0100517  0.242458  5.56644  
0.260964  0.00130599  5.65286  
0.744606  0.81243  3.29047  
0.285731  0.679342  4.83367  
0.792415  0.691874  3.67475  
0.0361953  0.632595  5.52178  
0.767942  0.0991281  4.42834  
0.230546  0.0719034  5.46302  
0.0730564  0.0158044  5.86383  
0.174719  0.725817  4.54333  
0.646837  0.0379064  5.45793  
0.175433  0.122761  5.4169  
0.738618  0.679913  4.03612  
0.715716  0.0333462  4.92482  
0.673631  0.869385  3.60029  
0.767604  0.735049  3.44693  
0.109259  0.133805  5.53871  
0.0622061  0.844977  4.21962  
0.833478  0.18776  3.96176  
0.674739  0.0959007  5.10333  
0.779023  0.764263  3.17001  
0.83183  0.725294  3.23132  
0.83183  0.723953  3.40666  
0.772717  0.884028  2.90896  
0.19076  0.798212  4.15926  
0.748153  0.215385  4.32564  
0.678791  0.157886  4.94752  
0.0807237  0.671069  5.18296  
0.812945  0.799638  2.83094  
0.74657  0.810109  3.14407  
0.285477  0.841006  3.91083  
0.156795  0.0275292  5.65267  
0.865304  0.780614  2.84226  
0.028795  0.266729  5.54271  
0.786569  0.859604  2.80957  
0.787339  0.773134  3.07337  
0.864301  0.0621748  4.21238  
0.76023  0.77807  3.21065  
0.827775  0.70925  3.52161  
0.197615  0.658757  5.00452  
0.164914  0.663243  5.02936  
0.223487  0.771355  4.22268  
0.0956368  0.169364  5.49164  
0.164034  0.127448  5.42616  
0.76023  0.750839  3.37733  
0.638562  0.00439981  5.59338  
0.172615  0.840051  3.97812  
0.798833  0.796433  2.89984  
0.099315  0.175396  5.47528  
0.0830333  0.668693  5.19509  
0.72486  0.826734  3.26503  
0.790456  0.702769  3.54643  
0.0891112  0.145794  5.55601  
0.0186542  0.025409  5.947  
0.728283  0.253421  4.44609  
0.809571  0.805956  2.81696  
0.15265  0.701794  4.76954  
0.73456  0.809413  3.30056  
0.0636792  0.0825352  5.76055  
0.781893  0.0991281  4.34917  
0.666451  0.0822005  5.37348  
0.694854  0.798212  3.57848  
0.670844  0.646649  4.77998  
0.698564  0.24117  4.67005  
0.857435  0.0336927  4.26362  
0.686711  0.140718  4.90802  
0.699266  0.787305  3.6648  
0.848283  0.0418046  4.28348  
0.148095  0.126029  5.46512  
0.690506  0.142889  4.87966  
0.229616  0.271754  5.16139  
0.0670855  0.830203  4.23969  
0.172615  0.834468  3.98711  
0.712442  0.855435  3.29799  
0.0281483  0.870379  4.27942  
0.721193  0.826727  3.27276  
0.741539  0.83627  3.10638  
0.781443  0.764146  3.17855  
0.192014  0.705702  4.66361  
0.127442  0.0158044  5.73692  
0.704792  0.696586  4.25957  
0.818224  0.863312  2.68139  
0.0131461  0.0761408  5.87721  
0.0141382  0.861454  4.29433  
0.866863  0.659009  3.69816  
0.0829053  0.151715  5.55783  
0.815192  0.8537  2.69137  
0.845158  0.66702  3.76801  
0.756927  0.731069  3.58856  
0.0297821  0.111043  5.77415  
0.242608  0.828937  3.91849  
0.680191  0.244793  4.80988  
0.0100534  0.231037  5.57085  
0.1874  0.75744  4.3036  
0.769732  0.645807  4.07693  
0.816685  0.0368047  4.32973  
0.76023  0.748463  3.39315  
0.856845  0.0602068  4.22213  
0.759542  0.768137  3.27182  
0.273155  0.70437  4.7644  
0.0512222  0.119029  5.69931  
0.0778406  0.0653074  5.76838  
0.701142  0.254114  4.64897  
0.230546  0.271754  5.15916  
0.140534  0.0587362  5.6957  
0.0528707  0.0128231  5.90789  
0.716917  0.0240108  4.94543  
0.124868  0.133251  5.50035  
0.778561  0.782148  3.07043  
0.701208  0.142889  4.83742  
0.857175  0.642608  3.81649  
0.188803  0.722428  4.54328  
0.676675  0.0117436  5.33148  
0.0717064  0.826727  4.23198  
0.853626  0.667274  3.63777  
0.195247  0.658129  5.01257  
0.78792  0.18776  4.12393  
0.806909  0.799129  2.8547  
0.861732  0.642608  3.81021  
0.795638  0.713687  3.45735  
0.0924193  0.249924  5.43011  
0.132915  0.185536  5.37335  
0.716917  0.0286899  4.93868  
0.0783689  0.789726  4.35564  
0.099315  0.170349  5.48491  
0.16501  0.628678  5.26255  
0.883766  0.699357  3.41988  
0.130039  0.14183  5.46821  
0.178611  0.0212955  5.61884  
0.184243  0.85948  3.94286  
0.795825  0.847435  2.9018  
0.230546  0.728115  4.45318  
