0.0426843  0.042685  6.02595  
0.0315459  3.29308  0.722701  
0.128864  2.84795  0.0396278  
0.0446432  4.03766  0.0478916  
2.02819  0.0564742  0.0625966  
0.0497902  0.0520768  5.78566  
0.0407681  3.72877  0.301481  
0.0546392  0.0529641  5.61198  
0.0456106  3.98789  0.0565064  
0.0466219  0.0524016  5.76628  
0.0452863  3.82048  0.226528  
0.0394672  3.89841  0.0775562  
0.0487088  0.0541889  5.40941  
0.0485351  0.053946  5.51757  
0.0711185  3.34184  0.175167  
0.0411748  3.40141  0.462456  
1.7585  0.0740712  0.609882  
0.105748  0.062856  5.05689  
0.0414623  3.67293  0.265777  
1.7824  0.101222  0.0712355  
0.0483854  0.0653224  5.53885  
0.255155  2.45818  0.115693  
2.00616  0.0577625  0.138642  
0.0454796  3.83782  0.0994647  
1.70861  0.0764051  0.680653  
1.68503  0.0725704  0.732242  
0.0414042  3.88488  0.179496  
0.0370955  3.06122  0.941025  
0.076866  1.92124  1.89348  
0.0780045  2.67383  0.800033  
0.201758  0.30596  3.58937  
0.106611  0.0467655  4.98713  
1.88927  0.071593  0.190271  
0.16962  2.63315  0.0426385  
1.96218  0.0639671  0.0774011  
1.98524  0.0630378  0.0734319  
0.145009  1.79653  1.63206  
1.9255  0.0715701  0.0627685  
0.405421  0.0549321  3.65941  
1.4558  0.201375  0.289993  
0.0537472  3.52413  0.130487  
0.116888  0.129073  4.65866  
1.86855  0.0694704  0.377609  
0.75132  0.142048  2.55341  
0.0509715  0.149519  5.17839  
0.055116  3.4972  0.134812  
0.192892  2.57537  0.0628586  
1.40416  0.167711  0.633043  
1.94173  0.0656882  0.116131  
0.355466  0.10357  3.72883  
0.153201  1.05885  2.52433  
1.34647  0.248973  0.405753  
0.962441  0.659072  0.314809  
0.0594324  2.75528  0.785549  
0.0617285  3.26704  0.218338  
0.0865548  0.05481  5.26529  
0.0789071  0.0670274  5.35308  
0.127846  2.26983  1.2048  
1.51773  0.239515  0.136983  
0.0638422  2.59594  1.30788  
0.0470302  3.59986  0.232934  
0.14343  2.80559  0.14064  
0.0744374  2.2071  1.41827  
0.304068  1.51561  0.946339  
0.173127  0.0432885  4.61412  
0.0905984  2.38083  1.25225  
0.0973653  0.0929339  4.91412  
0.133819  2.408  0.648488  
0.0427504  3.62007  0.312847  
0.860381  0.822575  0.43765  
1.23365  0.0874782  1.45754  
0.0855121  1.17362  2.8513  
1.91147  0.0719474  0.0749531  
0.633207  0.26047  2.38775  
1.73231  0.0734179  0.644206  
0.0419365  3.64342  0.289141  
0.132921  0.715219  3.33158  
0.0461743  3.0407  0.954067  
0.0452253  3.5449  0.255669  
0.0717244  1.09171  3.21047  
0.0522833  0.0931586  5.12689  
0.158868  2.09223  0.89468  
0.928506  0.0803966  2.39871  
0.0615919  0.616044  3.99985  
0.133534  0.0490225  4.88318  
0.158027  0.0670009  4.44001  
1.72007  0.0916032  0.362109  
1.85286  0.0707151  0.309196  
1.10808  0.285494  0.87406  
0.090721  0.379342  4.03342  
0.284519  1.89643  0.469427  
0.266778  2.4259  0.099507  
1.53405  0.19709  0.127112  
0.808463  0.16404  2.1919  
0.125293  1.40178  2.10285  
0.445596  1.49822  0.524299  
0.304445  1.74786  0.576778  
0.514775  1.41755  0.344868  
0.0891473  2.91931  0.34803  
0.0505306  3.57882  0.0430568  
0.555641  0.938911  0.971984  
0.524146  1.03589  0.996166  
0.0463522  3.16944  0.829234  
0.215238  2.1166  0.515198  
0.0924725  0.0464465  5.0941  
0.0906551  0.840472  3.29907  
0.0689044  0.162909  4.85576  
0.0485105  0.0863815  5.30701  
0.482773  1.24308  0.82215  
0.06289  2.98093  0.598203  
0.06103  0.369577  4.5403  
0.0692137  3.11524  0.321492  
1.58442  0.156126  0.318831  
0.589867  0.131473  2.95262  
1.06089  0.0714468  2.07408  
0.0920736  0.132334  4.71813  
0.181279  2.51637  0.196591  
0.342549  1.7628  0.434739  
0.105306  3.02383  0.043016  
1.17414  0.326357  0.427313  
0.107993  0.0917797  4.75153  
1.74719  0.127231  0.0993108  
0.844527  0.861524  0.486566  
0.252236  1.15405  1.79671  
0.474689  0.20158  2.8929  
0.0512285  0.0608191  5.37701  
0.245103  0.620972  3.17241  
1.81476  0.0892279  0.0771585  
0.0684926  0.928495  3.36133  
1.47594  0.174404  0.316859  
0.203317  0.0561493  4.46786  
0.0724979  0.442996  4.22606  
1.22283  0.456226  0.279314  
0.059565  2.23959  1.5913  
0.0389611  2.61235  1.24729  
0.976902  0.157312  1.42885  
1.66587  0.129915  0.157981  
0.039876  3.66145  0.389873  
0.250404  0.971043  2.15827  
0.143398  2.36647  0.5137  
0.41285  1.77583  0.325331  
1.06867  0.291212  0.815463  
1.8314  0.0693376  0.485157  
1.43378  0.207734  0.301025  
0.0748403  3.32433  0.0726678  
0.0574638  0.173842  4.82419  
1.41902  0.135276  0.620309  
0.724359  0.278952  1.85911  
0.154906  2.32197  0.491948  
0.242312  0.0665177  4.39142  
0.463367  0.0584028  3.55783  
1.96813  0.0635295  0.0635882  
0.605657  1.38537  0.165738  
1.09705  0.104078  1.57308  
0.416194  1.56745  0.551017  
0.150158  2.77868  0.124803  
1.47033  0.134468  0.515924  
1.48839  0.12186  0.613879  
0.122959  2.87345  0.202606  
0.260802  2.22285  0.14178  
0.134851  1.89963  1.63602  
0.146292  0.100038  4.51555  
0.36495  0.651194  2.33891  
1.03407  0.318941  1.10505  
0.562877  0.0630085  3.24645  
1.79068  0.0760233  0.229575  
0.108401  2.52969  0.615564  
0.261762  2.17763  0.13954  
0.921015  0.840978  0.163607  
0.122856  0.411811  3.80311  
1.59617  0.123062  0.421011  
0.993885  0.439814  0.842075  
1.97979  0.0593829  0.181986  
0.378672  0.758709  1.75069  
0.507585  0.250117  2.56614  
1.31075  0.342312  0.308556  
0.105873  1.93801  1.77039  
0.0867997  3.14439  0.234605  
1.07546  0.0906303  2.04727  
1.15007  0.11688  1.55396  
0.439433  0.669458  1.81354  
1.20466  0.151346  1.0163  
0.0623614  3.43134  0.0942715  
0.209308  0.429575  3.39383  
1.35959  0.068441  1.35285  
0.85227  0.26186  1.84011  
0.0441365  3.30624  0.546602  
0.950094  0.566409  0.516145  
0.402048  1.81507  0.192903  
1.27749  0.334798  0.356705  
0.217035  0.214451  3.8321  
0.0653292  3.08947  0.394578  
0.104484  0.602736  3.75745  
0.0488685  3.41559  0.340117  
0.0764182  2.72988  1.21018  
1.8245  0.0961093  0.0689923  
1.67434  0.137055  0.114921  
0.328356  0.244831  3.11076  
0.250724  1.71051  0.901855  
0.0562187  0.5089  4.15062  
0.211769  2.15525  0.443538  
0.0544134  3.00312  0.636725  
0.863979  0.28207  1.68975  
0.0900287  0.382176  4.25572  
1.27052  0.0788091  1.43892  
1.11423  0.117337  1.49692  
0.657036  0.307654  2.06339  
0.174609  0.920877  2.4905  
0.058332  0.468163  4.20638  
1.73962  0.088202  0.251132  
0.234997  2.34003  0.260241  
0.164646  2.34899  0.449112  
1.1991  0.18068  1.00772  
1.93823  0.0666454  0.236264  
0.762743  0.109789  2.6582  
0.449238  0.20202  3.1515  
1.4141  0.298958  0.121744  
0.163182  0.0677535  4.41377  
0.0766288  2.88119  0.541426  
1.42686  0.244111  0.228792  
0.0880136  0.0537144  5.22653  
1.11869  0.40897  0.509842  
0.983031  0.232219  1.35768  
1.12684  0.150141  1.29634  
0.0382865  3.18218  0.828407  
0.244924  2.55281  0.107886  
0.505741  0.226507  2.7245  
1.8649  0.0722571  0.209185  
0.339868  0.218823  3.12815  
1.90412  0.0614446  0.339679  
0.604778  1.37203  0.205244  
0.119911  0.0882139  4.68449  
0.291775  2.15353  0.103246  
0.181182  0.0446598  4.59434  
0.27488  0.461435  2.91792  
0.422251  1.84228  0.102517  
0.0911784  2.24999  1.38976  
0.340557  2.00757  0.168872  
0.0800254  0.558159  3.94167  
0.110269  0.269132  4.29933  
0.389126  0.451953  2.63548  
0.500409  1.00594  1.08736  
0.0829301  3.24667  0.050575  
1.02375  0.695654  0.178878  
0.186302  0.0482042  4.57147  
0.703623  0.580823  1.57564  
0.112807  2.93399  0.188321  
0.641355  1.16375  0.440618  
0.315831  1.26243  1.27416  
0.732109  0.336319  1.78232  
0.0756157  3.44802  0.0548548  
0.168526  0.732816  3.01708  
0.160117  2.69004  0.118668  
0.309982  1.65451  0.763169  
0.16306  0.104701  4.33359  
0.0679091  3.22577  0.370866  
0.0738521  1.32984  2.748  
1.00115  0.39696  0.98925  
0.0822764  0.0534617  5.29475  
0.36612  1.87105  0.13326  
1.44291  0.111676  0.792039  
0.123365  0.0788004  4.77604  
1.00962  0.0778996  2.21921  
1.57247  0.128478  0.339356  
0.0455533  3.19628  0.818837  
0.547925  1.01945  0.906199  
0.913355  0.812076  0.182892  
0.249622  2.48484  0.111969  
0.116106  1.43721  2.14183  
0.23193  0.25613  3.57793  
1.89586  0.0712932  0.17493  
0.957236  0.352734  1.14594  
0.742583  0.595183  0.940569  
0.253113  0.240429  3.50275  
1.53958  0.180548  0.19687  
0.287634  1.07739  2.01036  
0.111241  0.410854  3.97466  
0.534793  0.0738684  3.31639  
0.171053  0.451234  3.48674  
0.236463  0.128195  4.05415  
0.367957  0.163182  3.43947  
1.15842  0.137444  1.10178  
0.693793  0.905119  0.884909  
0.160816  0.356421  3.67479  
0.513653  0.371811  2.27058  
0.0577878  2.99148  0.56073  
0.297047  1.46697  1.09596  
0.883892  0.346433  1.404  
0.0876521  2.97047  0.36822  
0.190492  0.166486  4.13196  
0.75409  0.120198  2.61953  
0.373706  1.29199  0.999782  
0.294178  1.85657  0.500496  
0.104596  2.95645  0.120644  
0.0809052  0.508079  4.10358  
0.324734  0.22917  3.21913  
0.247803  0.491976  2.77212  
0.338305  2.03446  0.150618  
0.274023  1.19527  1.64541  
1.14366  0.387111  0.384775  
1.56347  0.104853  0.650935  
0.0721556  2.77367  0.774363  
0.432513  0.468984  2.25863  
0.62853  0.208408  2.4514  
0.0729159  0.471415  4.18163  
0.151178  2.83806  0.0580182  
0.100378  3.08898  0.147114  
0.424162  0.436507  2.59192  
0.123819  2.29466  1.13008  
0.217968  0.236312  3.70046  
0.593834  1.1082  0.790078  
0.238854  2.04829  0.460148  
0.0887867  0.0559902  5.20237  
0.18464  2.54853  0.162299  
0.088009  1.08859  2.79994  
0.51939  0.36582  2.15422  
0.0694843  1.73685  2.03129  
0.13854  0.806296  2.99716  
0.234443  0.0759995  4.36351  
0.0517978  0.145489  5.11529  
0.256209  0.273737  3.42371  
0.58879  0.97447  0.811798  
0.775694  0.223257  2.02001  
0.529065  1.32351  0.479085  
1.57721  0.158419  0.122126  
0.488904  1.47997  0.270784  
0.205809  1.48502  1.61876  
1.37792  0.200976  0.481536  
0.321744  2.12639  0.107254  
0.520237  0.562136  1.91879  
1.28294  0.401262  0.0851002  
0.263416  1.67278  1.07942  
0.472337  0.0954481  3.37458  
0.127052  0.0679806  4.9428  
0.183536  0.156422  4.17475  
1.6002  0.124153  0.400993  
0.238939  2.49633  0.20722  
0.059297  3.45847  0.260729  
1.38394  0.12346  0.824505  
0.0898976  2.29339  1.32454  
0.334509  0.286619  3.09604  
0.493451  1.11667  1.12127  
0.0649543  2.9431  0.721013  
0.41091  0.797057  1.71716  
0.574947  0.942606  0.910056  
0.360751  1.58287  0.821088  
0.0795715  1.5813  2.3172  
0.118801  0.892612  3.03352  
0.13727  0.875276  2.81743  
1.80584  0.0920408  0.215412  
1.60736  0.0832189  0.7469  
1.54876  0.0892914  0.795926  
0.350199  1.06972  1.58875  
0.0659825  3.47665  0.084627  
0.0930158  2.25705  1.34689  
1.79947  0.0971972  0.0790763  
1.2155  0.526684  0.109137  
0.102922  3.12528  0.0503222  
0.944467  0.521585  0.640501  
0.239695  1.60199  1.22285  
0.0704408  3.20976  0.319125  
0.0785823  1.43999  2.5805  
0.793167  0.388671  1.36246  
0.453244  0.897303  1.33185  
0.0870713  0.0819345  4.97621  
0.388431  1.93134  0.0829094  
1.1382  0.219356  0.931164  
1.2617  0.2459  0.526431  
0.818658  0.951894  0.112186  
0.435312  1.20325  1.07051  
1.38961  0.253529  0.333621  
0.269741  0.64157  2.69247  
0.471589  0.423035  2.46647  
0.319575  0.912417  1.98383  
1.44602  0.281717  0.091576  
1.01981  0.621588  0.209622  
0.888641  0.856027  0.200558  
0.104241  1.96305  1.70757  
1.49596  0.138728  0.472988  
0.540263  0.989741  0.933639  
1.33828  0.23841  0.489293  
1.55221  0.126172  0.449591  
0.107164  2.13335  1.2127  
0.834489  0.509741  1.16772  
1.16649  0.0653695  1.60507  
0.0925561  1.55828  1.97956  
0.86805  0.76352  0.506804  
0.251752  1.97555  0.534476  
1.24151  0.445443  0.095323  
0.768932  0.933556  0.378343  
0.384313  1.1717  1.26222  
0.132222  0.0607086  4.79618  
0.0669632  0.960004  3.45711  
0.280055  1.12228  1.6632  
1.50306  0.184981  0.158307  
1.84152  0.0788397  0.0821007  
0.0797861  2.62189  0.854185  
0.296124  0.324679  2.9715  
1.62279  0.0966074  0.506345  
0.526899  0.739819  1.49257  
0.614225  0.351336  1.82702  
0.315372  1.30824  1.32032  
0.345894  0.0868865  3.84697  
0.335324  0.882329  2.00279  
0.441252  0.39197  2.49752  
0.208679  0.952407  2.23725  
0.169215  0.280937  3.77722  
1.84418  0.0736579  0.247404  
0.199564  0.189722  4.08663  
0.458142  1.64717  0.270577  
0.298402  0.711966  2.27703  
1.28949  0.36852  0.134482  
0.934039  0.772279  0.236643  
0.312949  1.59874  0.799192  
0.249001  1.35308  1.65522  
0.141879  0.076516  4.69733  
0.0751131  2.08249  1.43481  
0.944304  0.724686  0.33051  
1.03893  0.628785  0.112751  
0.492404  1.18721  0.923706  
0.869616  0.538194  0.859857  
0.436292  1.30868  0.794119  
0.996201  0.578631  0.419005  
0.608035  1.34527  0.0807558  
0.799825  0.1421  2.51306  
0.150779  2.71529  0.19851  
0.349068  0.140039  3.6945  
0.567228  1.21192  0.766352  
0.282124  1.64433  1.02693  
0.101734  2.82366  0.275654  
0.268857  1.82986  0.852108  
0.127799  0.571564  3.47313  
0.480564  0.340089  2.65663  
0.4635  0.268145  2.69553  
1.36062  0.115899  1.28092  
1.0838  0.67029  0.10968  
0.337669  0.163482  3.53978  
0.813583  0.678772  0.83862  
0.0761278  0.234177  4.3397  
0.141289  1.94488  1.25365  
1.04874  0.0767443  2.12038  
0.602118  0.102316  3.05241  
0.224022  1.26849  1.97382  
2.01688  0.0600742  0.112112  
1.64827  0.122912  0.296804  
0.259921  0.899433  2.36449  
1.65771  0.0790035  0.839012  
0.114156  2.89945  0.140754  
0.661823  1.22482  0.121114  
0.0695031  0.316994  4.56691  
0.708485  0.0843447  2.82256  
0.571849  1.13905  0.692196  
1.36676  0.129936  0.759052  
1.71234  0.0834776  0.369647  
0.218856  0.199133  3.78997  
0.619937  1.1005  0.668408  
1.62027  0.182162  0.0963686  
0.059467  1.95073  2.04324  
0.123435  2.31115  0.888659  
1.37193  0.0656513  1.19285  
0.220423  1.68246  1.27562  
0.246675  0.165966  3.86997  
0.0674092  1.13658  3.07421  
0.231004  1.72237  0.958868  
1.25149  0.406844  0.158951  
0.0791836  3.25198  0.052257  
0.54656  0.674039  1.51145  
0.383341  1.966  0.111052  
0.0723361  2.05586  1.58807  
0.595467  0.610682  1.52563  
1.68225  0.129455  0.0652839  
0.389783  1.28591  1.1066  
0.0878744  1.54626  2.09595  
2.01804  0.0607088  0.0679667  
0.902917  0.544384  0.723071  
1.18521  0.299064  0.581994  
1.39667  0.200461  0.409358  
0.892454  0.891417  0.102005  
0.202373  2.31664  0.583675  
0.228405  0.0873461  4.29656  
1.31798  0.128009  0.833772  
0.301234  1.67476  0.983566  
0.261524  0.0725477  4.07282  
0.0957713  3.21904  0.0855421  
0.149085  0.0880044  4.49158  
0.271803  1.18228  1.67473  
0.366892  0.788434  1.83502  
0.572601  1.42768  0.166613  
0.053208  0.0962206  4.95139  
0.837307  0.589896  1.04111  
1.24349  0.0777189  1.47557  
1.04729  0.105124  2.05155  
0.0847341  0.923922  3.09194  
1.32723  0.117794  1.0307  
0.0438632  3.56255  0.334759  
0.16715  1.53137  1.83658  
0.895981  0.878528  0.138176  
0.713453  0.994697  0.453371  
0.280763  0.0630764  4.12694  
0.220728  1.48654  1.52752  
0.278957  0.143496  3.8619  
1.6127  0.186893  0.101914  
0.619092  0.58671  1.42958  
0.830464  0.0842314  2.52352  
0.429638  1.01086  1.37667  
0.475978  0.423739  2.4164  
0.128094  1.36226  2.29142  
0.300528  0.202125  3.28174  
0.418713  1.36003  0.688385  
0.496703  0.754295  1.44165  
0.165818  1.6581  1.60438  
0.271956  1.96008  0.569112  
1.30313  0.324624  0.313884  
0.359699  0.805385  1.90043  
1.05512  0.287361  0.900196  
0.465591  1.34882  0.755371  
0.393183  0.984643  1.54506  
0.091708  3.13636  0.17376  
0.199899  1.73445  0.965616  
0.396753  1.49053  0.883342  
0.851161  0.773984  0.613221  
0.179497  0.49761  3.41802  
0.802703  0.0885837  2.67239  
0.151911  1.69256  1.36834  
0.838189  0.0880637  2.13091  
0.0529307  2.8986  0.998496  
0.376448  0.545599  2.3548  
0.680781  0.686998  1.05224  
0.134118  2.82233  0.311545  
0.405094  1.12892  1.34468  
0.789602  0.557303  1.15696  
0.150912  0.136612  4.27546  
1.16549  0.116026  1.5222  
0.355857  1.25366  1.28578  
0.407659  0.512426  2.20561  
0.545773  0.547252  1.72924  
0.112989  0.0913361  4.80635  
0.150194  1.63263  1.78421  
0.0991826  1.81722  1.83664  
0.665893  0.997859  0.444277  
0.758281  0.977216  0.35447  
0.237845  0.18888  3.89174  
0.525184  0.725439  1.57045  
0.679118  0.963206  0.665242  
0.147193  0.606493  3.26378  
1.25958  0.401417  0.192985  
0.280205  2.02152  0.329054  
0.173529  2.18714  0.743232  
1.63222  0.120313  0.353417  
0.108693  1.44922  2.24176  
1.20893  0.36089  0.383534  
0.0929095  0.193029  4.37396  
0.248011  0.487052  2.78428  
0.159633  0.749831  3.1644  
1.17984  0.137342  1.12808  
0.0813723  0.704327  3.91261  
0.58223  0.426109  1.94747  
0.430938  1.46161  0.666027  
0.251004  2.19378  0.285922  
0.163616  0.557883  3.23632  
0.372063  0.731462  1.99196  
0.977043  0.295269  1.19172  
0.849978  0.529951  0.874255  
0.777082  0.104733  2.73335  
1.13325  0.15041  1.1811  
1.1537  0.0843651  1.63224  
0.937986  0.801575  0.141138  
0.128954  2.49226  0.654388  
0.0576586  2.02447  1.67465  
0.269989  2.4225  0.0893713  
1.51149  0.231756  0.150838  
1.39405  0.330575  0.0878625  
1.50875  0.0841875  0.844748  
0.705584  0.315049  1.80447  
1.08527  0.63089  0.0935556  
0.687816  0.601689  1.17674  
0.108157  0.402452  3.97655  
0.360684  0.185343  3.52137  
0.610293  0.683717  1.4872  
0.135983  1.08171  2.47952  
1.63122  0.162227  0.091786  
0.620963  0.160768  2.78483  
0.740034  1.02936  0.145617  
0.0764606  2.70362  0.738443  
1.24834  0.26786  0.694395  
0.653547  1.27506  0.127462  
0.726329  0.748921  0.801059  
0.394615  0.907587  1.68406  
1.33003  0.184648  0.579682  
1.24435  0.123327  1.14073  
0.0675518  3.4739  0.0700799  
0.448515  1.77363  0.0850813  
1.00601  0.548131  0.41315  
0.784344  0.869675  0.289906  
0.409173  0.656096  2.10604  
1.6393  0.131236  0.143665  
0.327458  2.06528  0.164472  
0.276757  0.616115  2.68313  
0.614851  1.02506  0.687428  
0.809195  0.224749  1.8565  
