1.96338  0.0415652  0.156245  
0.0382721  2.98045  1.00553  
1.77935  0.0738607  0.0416573  
0.0429024  0.048606  5.80782  
2.02186  0.045556  0.0487988  
0.049415  3.91748  0.0484526  
0.0431372  0.064338  5.62931  
0.0548488  0.0528395  5.47727  
0.0623982  3.69485  0.068138  
1.98996  0.0423663  0.116407  
0.0507489  3.60214  0.245546  
1.06786  0.273294  0.830544  
0.0414204  0.0531475  5.73093  
1.90937  0.0476623  0.0552891  
0.0753681  3.03907  0.497774  
0.0489232  3.74751  0.260635  
0.0544571  3.88844  0.0987107  
1.93625  0.0476456  0.204535  
1.43093  0.240591  0.110874  
1.8416  0.0474076  0.207532  
2.01696  0.054137  0.0549549  
1.20052  0.166383  0.8499  
0.116555  2.50807  0.538456  
1.04557  0.627566  0.139005  
1.64504  0.127838  0.07655  
1.90058  0.0525132  0.0602487  
0.466724  1.13782  0.81841  
0.197062  2.53921  0.140633  
0.0426364  0.0592047  5.67083  
0.0627566  3.48501  0.20549  
0.250429  1.684  1.2162  
0.267988  1.75501  0.758746  
0.0549042  3.71204  0.130024  
0.0591303  3.84246  0.0610427  
0.485647  0.552785  2.00863  
0.0713753  3.52626  0.0551325  
1.86082  0.0542565  0.122439  
0.232978  2.40683  0.152483  
0.0704644  0.0720513  5.36514  
0.790985  0.908241  0.232637  
0.210552  1.94925  0.766617  
0.367382  1.97602  0.283488  
0.181964  0.491923  3.46526  
1.62597  0.0852528  0.398935  
1.8809  0.0558561  0.0449632  
0.918725  0.136166  1.82277  
0.111201  3.00099  0.0678142  
0.063482  3.3344  0.383802  
0.855747  0.944847  0.0909005  
1.42046  0.143896  0.46364  
0.119175  1.72459  1.91233  
0.153584  2.08972  0.942086  
0.0505741  3.77602  0.123093  
0.775259  0.501015  1.40971  
0.908638  0.755274  0.0536723  
0.698863  0.520664  1.44248  
1.28481  0.143336  0.96334  
1.18387  0.435825  0.083786  
0.440812  1.66219  0.216856  
0.0489715  3.08458  0.972162  
1.10137  0.246771  0.884256  
0.0879267  0.3286  4.44102  
0.162977  2.77864  0.0656665  
0.277881  1.7043  0.737812  
0.810872  0.963697  0.137932  
0.0568773  3.14882  0.695848  
0.0641422  0.183346  4.89643  
1.60388  0.090744  0.345199  
0.115295  0.123844  4.60323  
0.0826407  1.02587  3.38177  
1.51187  0.0758238  0.72326  
0.651131  1.11271  0.427895  
1.45038  0.192492  0.42067  
0.243216  1.88392  0.747057  
0.099647  0.133496  4.85698  
0.166635  2.43553  0.569254  
1.65405  0.0957571  0.261417  
0.522622  1.26772  0.573752  
0.0663306  0.276895  4.56435  
0.0441924  0.169598  4.99419  
0.174688  0.0794583  4.47489  
0.0680055  0.0809328  5.4163  
1.81533  0.0612579  0.210501  
0.0914317  2.88238  0.673284  
0.205593  2.03703  0.647354  
0.245204  0.121743  4.01541  
0.0785323  0.156704  4.68508  
0.102117  0.263148  4.12783  
0.171309  0.19044  4.23024  
0.0847831  3.19535  0.214393  
0.087269  0.0460744  5.15327  
1.66663  0.0778483  0.288431  
0.377923  1.15265  1.18631  
0.0883276  0.432885  3.89927  
0.096145  1.07493  2.80446  
0.198205  0.234384  3.86597  
0.05658  0.303547  4.63741  
0.0491606  0.0453059  5.70636  
0.0801578  0.144694  5.05059  
0.663366  0.863177  0.624307  
0.0930637  2.46966  1.04757  
1.79323  0.0509227  0.343793  
0.0773344  3.39986  0.143184  
1.0119  0.589289  0.309867  
0.0660955  3.34541  0.234351  
0.11943  0.123327  4.76529  
0.259949  1.34336  1.39001  
0.116035  0.68648  3.37095  
0.936735  0.557302  0.608009  
0.0581657  3.43583  0.305553  
1.68087  0.10643  0.129561  
0.332834  2.13955  0.156704  
0.767233  0.342832  1.52249  
0.327357  0.955364  1.84876  
0.050371  3.25074  0.687131  
0.118113  0.81621  3.21498  
1.86765  0.0636864  0.102311  
0.652006  0.196306  2.14357  
0.0511857  0.117704  5.08006  
0.269823  1.31791  1.36319  
1.30593  0.151121  0.814129  
0.469517  1.62019  0.210601  
0.0979383  0.151009  4.91449  
0.0588193  3.79298  0.0831062  
0.0502326  3.45146  0.562362  
1.52554  0.123325  0.376336  
0.0990064  3.17668  0.100331  
0.360694  2.10053  0.0947989  
1.73117  0.102851  0.0669685  
0.0829896  3.22442  0.22261  
0.0774016  0.972434  3.42772  
0.0801492  0.0958967  5.18379  
0.178024  2.55666  0.197658  
0.153451  1.03921  2.66263  
0.106552  2.83239  0.466227  
0.0934325  3.10238  0.229152  
1.59567  0.132096  0.328435  
0.951171  0.221107  1.28078  
1.47217  0.197359  0.312805  
0.201757  0.0510036  4.49341  
0.115839  1.99212  1.29271  
0.0810874  0.142157  4.95164  
0.158327  2.2818  0.728284  
0.177122  0.0680542  4.52325  
0.200087  2.44008  0.311596  
0.365881  1.17198  1.30374  
0.235985  2.36085  0.378742  
1.61662  0.147187  0.100853  
0.0895566  2.92682  0.562716  
1.08143  0.136753  1.48269  
0.755197  0.973173  0.169562  
0.140987  2.26628  0.947159  
0.646147  0.257864  2.15823  
0.199487  1.86438  1.01977  
0.310198  2.24605  0.0870098  
0.287821  1.41644  1.3104  
1.02037  0.475629  0.572648  
0.460006  1.28246  0.622638  
0.215922  0.576125  2.83844  
1.58596  0.100349  0.433927  
1.40811  0.0724518  1.18996  
0.359825  0.0667244  3.97114  
1.26371  0.250103  0.671228  
0.0625646  0.239986  4.71209  
0.100126  3.06183  0.252471  
0.163578  2.80944  0.0631656  
0.404644  1.37603  1.11435  
0.145311  2.72969  0.153941  
1.95227  0.0424426  0.181405  
1.94163  0.042343  0.201379  
0.674662  0.149496  2.60643  
0.314092  0.161038  3.70949  
0.129027  2.30416  1.00147  
0.296034  0.856256  2.13586  
0.0453879  0.107668  5.10391  
0.213299  0.466402  2.95074  
0.257154  2.06958  0.49508  
0.231313  1.06628  2.22908  
1.70447  0.0550004  0.416139  
1.38176  0.110952  0.878028  
0.58871  0.0902777  3.04416  
0.255824  0.234066  3.65905  
0.151602  1.71462  1.52923  
1.03938  0.115944  1.59489  
0.0966529  2.22338  1.43198  
0.206351  1.77567  1.06746  
0.0555819  3.37035  0.349202  
0.0519751  3.06955  0.87118  
1.69259  0.0992343  0.145745  
0.0599157  3.30535  0.470989  
1.83007  0.0654676  0.072092  
0.237801  0.118408  4.19634  
0.173232  2.11692  0.764482  
0.0685875  0.887054  3.54617  
1.49028  0.203145  0.186991  
0.082571  0.0825492  5.12388  
0.193863  1.37836  1.69333  
0.0974431  0.191601  4.37838  
0.355605  1.39336  1.08899  
0.575419  1.0097  0.893349  
0.0729724  3.47315  0.0559007  
0.0648213  0.510626  4.09615  
0.253695  0.0504406  4.14621  
0.240609  0.916679  2.20801  
0.287284  1.49934  1.04283  
0.154772  0.187592  4.27251  
0.642333  0.570793  1.49043  
1.3675  0.14446  0.723774  
0.338347  1.63289  0.706626  
0.184356  1.40145  1.72653  
1.22266  0.369611  0.204616  
0.114567  1.21091  2.54728  
0.120259  0.992215  2.67186  
0.0500165  3.54511  0.318941  
0.05514  2.95488  0.783177  
0.100745  2.91218  0.490879  
0.0479878  0.100988  5.32983  
1.53617  0.167997  0.358173  
0.799455  0.1984  1.89972  
0.295676  1.43521  1.13775  
0.541983  0.229108  2.73283  
0.730957  0.120366  2.69678  
0.0651063  2.01345  1.80292  
1.27756  0.352119  0.183812  
1.76659  0.0772626  0.128812  
0.39411  1.56895  0.604605  
0.137158  2.80013  0.27843  
0.548273  0.3673  2.2404  
0.268102  1.89837  0.651772  
0.719114  0.998031  0.245556  
0.20737  2.15189  0.612705  
0.0821737  1.59519  1.92546  
0.988524  0.678243  0.143279  
0.578322  0.432923  1.88891  
1.26897  0.236638  0.47764  
0.0676696  3.56186  0.0549504  
0.479567  1.52441  0.402681  
0.340025  0.153781  3.61434  
0.0818987  3.37832  0.0566998  
0.291759  0.157504  3.92509  
0.0737901  3.11894  0.437529  
1.31292  0.180741  0.702625  
1.5297  0.0935092  0.448357  
0.105732  0.663479  3.73442  
0.203675  0.572448  3.19361  
1.15126  0.104168  1.34128  
0.410453  0.901229  1.62416  
0.0777748  3.29598  0.22025  
0.0501137  2.87636  1.10563  
0.877833  0.143832  1.87203  
1.12558  0.338225  0.636975  
0.114752  3.13382  0.0656792  
0.604136  0.28289  2.30655  
0.512808  0.741587  1.51134  
0.0939532  0.0970981  4.9636  
1.67297  0.0825366  0.277351  
0.104234  2.75754  0.661935  
0.482589  0.79712  1.45945  
0.0819619  0.77351  3.56374  
1.07501  0.581226  0.280244  
0.354373  0.238053  3.16128  
0.135681  0.31726  3.84499  
0.122623  2.74681  0.337497  
0.129884  0.422192  3.76716  
0.848292  0.645848  0.498351  
0.0646196  3.57595  0.0554397  
0.110137  1.54957  1.96663  
0.107948  3.27381  0.0682953  
0.0707302  2.38221  1.27446  
0.352586  0.239867  3.42955  
0.110748  1.06993  2.87852  
0.237894  0.297963  3.62296  
0.0530623  3.90734  0.0532792  
1.82581  0.0598116  0.197217  
1.50161  0.14656  0.436849  
0.0951936  2.86416  0.617566  
0.631105  0.706755  1.02674  
0.180811  0.0673346  4.54571  
0.0658221  0.073735  5.4564  
0.0571812  3.82242  0.108387  
1.37083  0.137376  0.718039  
1.34367  0.116729  0.993702  
0.123333  1.10556  2.63795  
0.0810746  0.0924873  5.21018  
0.0785452  2.96913  0.391244  
0.581964  0.788728  1.07994  
0.0482974  1.58133  2.58094  
0.557  1.14733  0.648327  
1.20734  0.389184  0.324918  
0.995939  0.236395  1.14821  
0.572011  0.331851  2.28733  
0.104557  1.24471  2.52026  
0.210884  0.169378  4.04971  
1.24439  0.294515  0.404374  
0.798885  0.483002  1.22647  
0.861889  0.304254  1.2896  
0.120007  2.19011  1.24756  
0.0730207  1.21386  2.90989  
0.211234  0.388118  3.33509  
0.0583137  3.81365  0.0780307  
1.03412  0.5869  0.266737  
0.161686  1.29736  2.32018  
0.089076  2.99131  0.300119  
1.78314  0.0449868  0.393531  
0.529942  0.644868  1.65559  
1.55381  0.145958  0.272125  
0.82518  0.370578  1.4148  
0.0954904  2.3982  1.03906  
1.54439  0.0502012  0.808559  
0.0982937  1.9186  1.8398  
0.886809  0.620094  0.917428  
1.09023  0.423756  0.502729  
0.351532  0.32402  2.98201  
0.527756  0.436014  2.27426  
0.142607  0.0956828  4.29094  
0.259244  1.32361  1.39681  
1.3976  0.0770592  1.32263  
0.614147  0.172531  2.40515  
1.02453  0.21024  1.20138  
1.10859  0.446718  0.250883  
0.447459  0.774141  1.64381  
1.46209  0.175027  0.423102  
1.35538  0.096347  1.04821  
0.510357  1.64706  0.0933512  
0.4335  1.22725  0.85742  
1.3297  0.255394  0.338247  
0.224744  1.35606  1.71084  
0.322235  2.00367  0.348966  
0.0949732  0.304585  4.35556  
0.227633  0.324864  3.49121  
0.228638  1.94193  0.696116  
1.23263  0.211041  0.739127  
0.222883  0.539892  2.90308  
0.251359  1.02591  2.04211  
0.532558  1.25597  0.526611  
0.960206  0.636597  0.418832  
0.133861  0.0818384  4.41068  
0.492005  0.76688  1.53637  
1.71421  0.0547517  0.411964  
0.124956  0.211975  4.33826  
1.87746  0.0688444  0.0607012  
1.33617  0.303536  0.0445748  
0.624243  0.260673  2.3526  
0.108728  0.875985  3.14371  
1.29516  0.121168  0.983794  
0.21687  2.17158  0.493099  
0.944166  0.359021  0.90757  
0.167535  1.54142  1.66743  
0.135508  1.80957  1.5736  
0.432876  0.668553  1.79006  
0.426151  0.61922  2.18333  
0.120578  2.60124  0.518622  
0.2903  1.04921  1.72017  
0.317771  2.21814  0.119681  
1.73982  0.0822179  0.250865  
0.153862  0.708908  3.0247  
1.46249  0.0684289  1.19491  
0.252813  2.34308  0.121933  
0.421318  1.78824  0.238716  
0.902501  0.247771  1.23785  
0.247295  2.33735  0.294013  
0.146817  2.85037  0.0986922  
0.106313  1.7945  1.77741  
1.25432  0.144751  1.02547  
0.0711378  0.0615506  5.30691  
0.636783  1.43613  0.170799  
0.503867  0.490181  1.90951  
0.741047  0.381709  1.59958  
0.348404  1.36954  1.15861  
0.0647848  1.3053  2.77124  
0.0726062  0.386069  4.22036  
0.119589  0.460607  3.59414  
0.326369  0.827453  1.93319  
0.1275  2.58996  0.490656  
0.169367  1.93207  0.982846  
0.189573  0.0519323  4.40191  
0.054788  3.59313  0.204661  
0.823828  0.801634  0.461298  
0.391742  0.235025  3.07226  
1.34922  0.177485  0.534597  
0.0590083  1.42063  2.69721  
0.157024  0.633744  3.17868  
1.40433  0.112794  0.814436  
0.150281  0.26545  4.05825  
0.344782  0.756  1.98792  
0.509078  0.594607  1.74234  
1.11741  0.261768  0.879699  
0.267807  0.222849  3.63975  
0.192131  2.05792  0.728078  
1.39236  0.0948276  0.850394  
1.48227  0.0706348  0.923405  
0.453945  0.800784  1.58022  
0.552301  0.812217  1.20663  
0.11845  1.44701  2.25006  
1.57997  0.0616573  0.586626  
0.231327  2.12712  0.443855  
1.13395  0.361646  0.588747  
0.0559448  0.492337  4.17133  
0.0722079  0.0983362  5.22626  
0.169275  2.57421  0.328899  
0.475232  1.09923  0.915393  
0.52642  0.464958  2.09933  
0.3919  0.226878  3.11577  
0.632879  0.334896  1.85937  
0.191594  0.39211  3.52688  
1.00195  0.545793  0.357383  
0.130586  2.69665  0.472225  
1.24014  0.0964497  1.17351  
0.0799622  0.178156  4.62591  
1.56064  0.129042  0.361285  
0.27847  0.966699  2.17191  
0.555267  1.22118  0.483861  
0.387111  1.90786  0.0783253  
0.156451  0.614087  3.22961  
0.710437  0.605132  1.2848  
0.748201  0.596215  1.26315  
0.112684  1.47443  2.25963  
1.15692  0.329997  0.365609  
0.0832973  0.0784338  5.24385  
1.74343  0.0997244  0.0518901  
1.80487  0.0650551  0.16346  
0.40893  1.52992  0.63224  
0.0747445  3.4195  0.0851272  
1.25248  0.0815129  1.54806  
0.399956  0.580028  2.45082  
0.068557  0.0882437  5.25971  
0.247808  0.236933  3.79106  
0.0601194  1.53699  2.56317  
0.212204  1.17503  2.08721  
0.499153  1.15923  0.784091  
1.77609  0.0848236  0.0478468  
0.0943745  0.845211  3.25874  
0.114144  1.56058  1.94884  
0.688859  0.336912  1.78464  
0.493587  0.0958785  3.58219  
1.1147  0.215684  1.08601  
0.544173  1.57385  0.0963817  
0.451281  1.02598  1.53632  
0.135585  2.68093  0.480641  
1.72036  0.0503031  0.54988  
0.0787294  1.63748  2.17047  
0.0650615  2.49039  1.25402  
0.3862  0.681534  2.11359  
1.75111  0.0848747  0.0946938  
0.38595  1.09281  1.15354  
0.0666756  2.65723  1.05231  
1.29235  0.0749297  1.47075  
0.723882  0.357398  1.61702  
0.928722  0.205522  1.4114  
0.568392  0.911199  0.903648  
0.880439  0.398311  1.24843  
1.62166  0.106139  0.174843  
1.37897  0.127091  0.917961  
0.0715033  0.211039  4.83594  
0.0435765  0.088705  5.43555  
1.48103  0.121754  0.595533  
0.536903  0.574873  1.75348  
1.80343  0.0660846  0.181811  
0.324098  0.284436  3.53592  
0.162899  0.912759  2.59049  
0.284785  0.556186  2.74481  
0.0848901  0.0862552  5.02043  
0.4859  0.278011  2.96803  
0.373707  1.60713  0.720969  
0.869377  0.175971  1.69077  
1.14082  0.331684  0.656781  
0.707541  0.728277  0.996603  
1.75627  0.0614191  0.33221  
1.16735  0.276952  0.64365  
0.618085  0.477098  1.72767  
0.159732  1.81595  1.42754  
0.0607007  1.49481  2.61303  
0.0810145  3.2357  0.125643  
1.95728  0.0439165  0.0559421  
0.155978  0.928066  2.70925  
0.287283  1.08313  1.68324  
1.57079  0.0462661  0.85785  
0.0627141  0.222856  4.79074  
1.00314  0.294549  0.85861  
0.724956  0.228811  1.86676  
0.325535  0.134278  3.68751  
0.304942  0.408535  3.1399  
1.16066  0.443632  0.26069  
1.56419  0.194535  0.0736417  
1.14305  0.194658  1.07499  
1.45172  0.196672  0.357125  
0.273791  0.868239  2.35627  
0.371273  0.831699  1.76687  
0.0614752  3.1843  0.6124  
0.692004  0.129727  2.49225  
1.17517  0.168717  0.86253  
1.32148  0.194727  0.64213  
0.135726  1.83407  1.49782  
0.130888  0.21419  4.31643  
0.0935321  2.57859  0.799425  
1.09274  0.511411  0.272608  
0.0501875  3.26732  0.678765  
0.301543  2.20674  0.165998  
0.433386  1.77002  0.243784  
0.301945  0.531406  2.75723  
0.0855059  0.15652  4.69965  
0.991866  0.503626  0.581401  
0.97606  0.196891  1.33271  
0.178096  1.28642  2.04466  
0.595123  1.29264  0.192463  
1.76076  0.0844774  0.19667  
1.21405  0.149553  1.12866  
0.345662  0.312263  3.2262  
0.434641  1.65693  0.38148  
0.481195  0.318789  2.41916  
0.592342  0.258157  2.44089  
1.54795  0.20386  0.0888982  
0.0527739  3.41384  0.440469  
0.109142  2.62795  0.751084  
0.118179  0.695621  3.31754  
0.14304  2.25717  1.08778  
1.50452  0.229232  0.0685026  
0.891489  0.455607  0.763607  
0.0561575  1.8449  2.07487  
0.584418  0.640092  1.56058  
1.72083  0.074736  0.3283  
0.77321  0.658058  0.779221  
0.0843439  1.92534  1.74986  
0.817264  0.93268  0.139031  
0.703678  1.01242  0.294805  
1.13116  0.21827  0.853055  
0.838486  0.980143  0.10052  
0.186281  2.16951  0.572817  
1.17882  0.292803  0.559908  
0.297975  0.785178  2.11044  
0.186797  1.44701  1.56814  
0.532585  1.46187  0.34348  
0.343883  0.62581  2.49752  
0.122404  0.757223  3.24938  
0.105476  0.806587  3.29834  
0.194739  0.648149  2.9318  
0.274242  0.187817  3.93301  
0.185061  2.3695  0.51105  
0.426885  0.403492  2.53248  
0.0523571  3.83798  0.108995  
0.299001  1.33188  1.22763  
0.0503281  0.105228  5.28017  
0.520681  1.48829  0.226882  
0.0584809  0.417618  4.31875  
0.219197  0.326477  3.775  
0.714149  0.148866  2.33863  
0.967502  0.512675  0.629342  
0.330673  0.896611  1.77476  
0.0611837  2.6373  1.23259  
0.113517  2.66508  0.672171  
0.0826115  1.0558  3.32573  
0.0740005  2.70517  0.909549  
0.154353  1.82045  1.47662  
0.794139  0.222983  1.78218  
0.148058  2.71763  0.162389  
0.922273  0.432555  0.822452  
0.0863327  0.590311  3.82634  
0.842806  0.193192  2.06124  
0.622114  0.157704  2.38268  
0.0910592  2.95607  0.312973  
0.961092  0.444871  0.791907  
0.487597  0.203135  2.93089  
0.287104  1.85514  0.682138  
0.121103  0.426067  3.81381  
0.0603472  2.67553  1.25764  
0.0843979  1.19418  3.06152  
0.0775466  2.38804  1.24728  
0.111849  0.0842971  5.01928  
0.192568  0.21824  3.98807  
0.871583  0.262509  1.46469  
0.355476  0.451551  2.62452  
0.389165  1.5449  0.694357  
0.814262  1.02014  0.0950458  
0.177504  1.31367  1.83329  
0.179949  0.641009  3.01822  
0.500688  1.18557  0.639426  
0.0603218  3.53722  0.28267  
0.215073  0.875174  2.65426  
0.0645812  0.217354  4.82303  
0.0812963  1.09665  3.24524  
0.104671  0.352162  3.94902  
0.897732  0.0740757  2.36297  
0.620001  0.506584  1.5444  
0.514371  0.440066  2.34344  
0.895541  0.152149  1.64325  
0.680819  1.00316  0.490059  
0.534649  0.143813  3.00489  
1.57574  0.102564  0.438013  
0.316526  0.874757  1.97607  
1.31725  0.278311  0.369737  
1.69865  0.0584555  0.67899  
0.499318  0.534688  1.95176  
0.532659  0.160267  3.0914  
0.736529  0.115259  2.48904  
0.367584  0.988061  1.71499  
0.222529  0.82905  2.50142  
0.203857  0.64915  2.86714  
0.610918  0.271278  2.21223  
1.33302  0.289802  0.257418  
0.157936  0.19114  3.99705  
