0.0463858  1.21664  6.04073  
2.03128  0.0428265  0.0466023  
1.41142  0.24035  0.0386682  
0.0517542  3.77666  0.0479947  
0.0602251  3.71086  0.0665105  
0.0474879  0.353602  5.4292  
0.0548605  0.152387  5.57069  
0.0518971  3.64522  0.666605  
0.609849  0.0693904  5.85506  
0.0561759  0.14338  5.74973  
0.120101  0.101244  4.95199  
0.0592017  3.77451  0.617251  
2.01822  0.044691  0.0629306  
0.104046  1.1465  3.33251  
0.0889666  3.19313  0.434521  
0.0949365  3.2445  0.175721  
1.93754  0.0547418  0.0565538  
1.55847  0.0432171  5.64465  
1.99358  0.0454236  0.0456245  
0.0740063  3.39978  0.928786  
1.96831  0.0496068  0.0557535  
1.59011  0.131803  0.355898  
0.110651  3.02099  1.13536  
1.88182  0.0568782  0.04471  
1.71834  0.0799924  0.579796  
0.0760175  3.34393  0.045217  
0.3406  0.0947965  4.16334  
0.083244  3.31382  0.451364  
0.0572478  3.6091  0.77619  
0.82503  0.825758  0.385149  
0.1614  0.0920371  5.02723  
1.64996  0.0933836  1.00348  
0.0879664  3.14942  0.825509  
1.23331  0.0508391  4.83467  
0.216611  0.0840267  5.71443  
0.236968  0.623636  3.48842  
0.151902  2.70577  0.794325  
0.0898327  0.174193  4.89264  
0.0668804  3.44827  1.08555  
0.049189  3.58421  2.61592  
0.0596016  2.63662  1.24911  
0.060641  0.124437  5.39147  
0.0556015  0.0564037  5.97875  
0.108701  3.05294  0.461238  
1.10584  0.0517892  6.03705  
0.371195  0.0722471  4.11425  
0.211653  2.47263  0.361045  
0.6642  0.149741  2.7666  
1.24969  0.378511  0.188321  
0.0657616  3.5618  0.41064  
1.82997  0.0624294  0.0490857  
1.63904  0.102002  1.11057  
0.46747  1.55823  0.899258  
0.0720531  3.37279  1.12102  
0.125107  2.87652  0.0786815  
0.123494  2.86496  0.196367  
0.699361  0.479998  1.89142  
1.9249  0.0465658  0.213454  
1.569  0.143697  0.14534  
0.184583  2.66133  0.0597068  
0.343514  0.076011  4.54357  
0.225833  2.43573  0.065017  
0.147337  0.296551  4.26874  
0.248211  0.168746  4.22426  
1.86621  0.0616341  0.0907518  
0.0641803  2.3895  1.91553  
0.405574  0.95833  1.76414  
0.0917926  2.18154  1.79247  
0.0535819  3.53814  2.64911  
1.80978  0.0535635  0.563601  
0.0713599  0.173596  5.01283  
0.448973  0.321604  2.72332  
1.35824  0.303466  0.26632  
0.175511  0.259563  4.59341  
0.19892  0.205132  4.65413  
0.85754  0.786727  1.19776  
1.53557  0.153545  0.941104  
0.0892514  3.1786  0.498243  
1.73234  0.0713035  1.0888  
0.0779649  0.163376  5.08931  
0.154236  1.75682  1.6451  
1.15144  0.467105  0.556245  
1.60219  0.120511  0.991139  
0.703957  0.112233  3.1138  
0.769406  0.911139  0.243591  
0.867379  0.307315  1.61356  
0.111896  0.437588  4.06592  
1.08192  0.124167  2.37228  
0.114319  2.98172  1.20552  
1.75482  0.0700012  0.646915  
0.605551  1.29833  0.0577132  
0.143298  2.78044  0.325997  
0.0574931  2.79815  1.33588  
0.20223  1.48118  2.1485  
0.0715838  3.49256  0.289387  
0.122929  2.93038  0.512847  
0.0948686  2.27693  1.54109  
0.102584  3.08716  0.362554  
0.786578  0.114461  2.59305  
0.924343  0.714624  0.689676  
0.529225  1.44416  0.202028  
0.10014  3.13339  0.653312  
0.0737974  0.54018  4.50667  
0.265151  1.32438  1.7045  
1.44249  0.203149  0.856537  
0.156814  2.72679  0.611517  
0.571061  1.39267  0.0615308  
1.84454  0.051368  0.645269  
0.189504  2.61959  0.0588644  
0.119853  2.99744  0.406946  
1.11966  0.474173  0.493744  
0.111332  1.9616  2.33029  
0.658415  0.0652972  5.34429  
0.181055  0.218688  4.81932  
0.738878  0.0611447  4.7731  
0.351531  0.397172  3.44943  
1.49467  0.155784  1.13054  
0.137207  2.81303  0.761024  
0.260301  0.12982  4.60649  
0.128753  1.84875  1.23755  
0.283561  0.104713  4.41088  
0.228299  0.657155  3.07554  
1.00415  0.615061  0.722769  
0.903319  0.707097  1.14854  
0.536786  1.35502  0.439945  
1.30942  0.0487077  2.30161  
1.76924  0.0671392  0.669626  
0.136227  2.75901  0.880362  
0.894863  0.814223  0.144779  
0.875817  0.80091  0.628332  
0.396354  1.78454  0.181177  
0.0887881  1.15786  3.51968  
0.063705  0.0775436  5.95061  
1.8985  0.051328  0.308981  
1.66575  0.118424  0.587216  
1.91159  0.0496702  0.061214  
0.0808218  2.19537  1.97449  
1.0309  0.604727  0.0695316  
0.249364  0.155874  4.469  
1.13627  0.471677  0.233049  
0.294232  0.533456  3.63198  
1.68699  0.107369  0.0455436  
0.64061  1.16516  1.06837  
0.0676062  0.170178  5.13852  
0.632042  1.19846  0.430696  
0.145821  0.888134  3.38081  
0.310935  0.524452  3.16578  
1.7987  0.074754  0.0837201  
1.70666  0.0820653  1.20793  
0.0706888  2.36849  1.36994  
0.537236  0.198918  3.60698  
0.0629569  3.50927  1.07059  
0.419569  0.874355  2.43174  
0.10765  3.06473  0.614829  
0.142202  0.316365  3.95779  
0.328246  1.12789  2.30219  
1.90288  0.0466918  0.404263  
1.70438  0.104406  0.0632887  
1.9829  0.0513608  0.0491755  
0.100213  0.0933873  5.17649  
0.133949  2.83455  0.0496313  
0.120073  2.95862  0.073093  
0.309344  0.453884  3.57971  
1.52424  0.190263  0.058188  
0.515129  0.0984974  3.8416  
0.540485  1.34054  1.09006  
0.172958  0.293112  4.67837  
1.23029  0.0595584  3.29127  
0.0622785  0.760085  3.79674  
0.612714  1.19129  1.04104  
0.0537502  0.153881  5.60984  
0.451042  0.830304  2.18568  
1.0188  0.609767  0.0445751  
0.517124  1.46413  0.256715  
0.582012  0.194485  2.81295  
0.672332  1.1778  0.238871  
0.0642261  0.0696137  5.90672  
1.46954  0.173698  1.17584  
0.320698  2.03515  0.537277  
0.145153  1.83542  1.49763  
0.25632  0.635825  2.95875  
0.199404  2.49902  0.21059  
1.42489  0.221895  0.588516  
0.862555  0.255751  2.1569  
1.5059  0.172106  1.08249  
0.374141  0.987516  1.48861  
0.244493  2.29926  0.446633  
0.120963  2.90686  0.71744  
0.0496154  0.0871685  5.86176  
0.21356  2.41887  0.354881  
0.441826  1.58658  0.97533  
0.220153  2.40294  0.13551  
0.0605937  2.53794  1.34319  
0.231526  1.58422  1.29619  
1.3325  0.0594119  1.3828  
1.8567  0.0524397  0.173701  
1.14169  0.463976  0.80718  
1.17082  0.0442614  5.327  
0.65038  0.50034  1.73458  
0.110822  1.98735  1.99817  
0.136244  0.360005  4.29938  
0.959008  0.204904  1.77361  
0.0747854  2.2325  2.38486  
0.0902612  3.27297  0.0564243  
0.233046  1.42365  1.7121  
0.333418  1.90157  1.17859  
0.481469  1.5951  0.161394  
0.240601  2.33728  0.132588  
0.221081  2.35422  0.35905  
0.0695808  3.39172  0.960982  
0.74852  0.385392  1.93762  
0.949009  0.738439  0.312149  
0.196182  1.65589  1.26598  
1.26059  0.112291  1.34839  
0.852121  0.278098  1.86711  
0.983062  0.65997  0.14929  
0.395484  0.42351  2.71319  
0.299413  2.06641  0.3249  
0.167928  2.67821  0.277764  
0.119594  0.331257  4.3458  
0.0665306  2.24585  2.25002  
1.78897  0.0808279  0.110224  
0.0562624  0.152752  5.31268  
0.145729  0.272184  4.71955  
0.207901  0.206933  4.32171  
0.339039  1.9552  0.258795  
1.09563  0.483461  1.0126  
0.403849  1.69219  0.883249  
0.101366  2.00208  2.41142  
0.576759  1.34184  0.106374  
0.0581816  2.51066  2.68363  
0.423425  1.7386  0.0777726  
0.874545  0.798841  0.741804  
1.8173  0.0498468  0.67647  
0.10731  1.20212  2.98701  
1.47929  0.178511  0.92669  
0.141645  0.896068  3.44589  
0.116995  2.94349  0.55817  
0.16367  0.359661  3.74867  
0.462089  0.27703  2.89972  
1.27555  0.049796  3.059  
0.400212  1.72307  0.815536  
0.475853  1.61689  0.12759  
0.0964594  2.04833  1.52477  
0.832581  0.849655  0.0744222  
0.452534  0.782666  2.20694  
0.741606  1.00768  0.951167  
0.289015  2.02903  1.05644  
0.0665823  0.191695  5.1971  
0.154434  1.67271  2.16517  
0.15874  1.71424  2.02951  
0.267535  0.564132  3.55257  
0.391075  0.974641  2.23959  
1.34613  0.119008  1.31038  
0.207638  2.48419  0.127703  
0.797602  0.869781  1.22656  
0.0939577  1.2712  2.45187  
0.843819  0.34954  1.25968  
0.684755  0.055274  5.62911  
0.0660554  3.52221  0.521985  
0.390551  1.76894  0.480237  
1.37528  0.262944  0.420469  
0.259847  2.21369  1.16757  
0.0896113  0.119563  5.27407  
0.324469  1.93798  1.12543  
0.336586  0.492316  2.65902  
0.253775  2.25543  0.850546  
0.663743  0.0640115  5.12377  
0.916287  0.683664  1.15774  
0.203525  2.52237  0.102509  
1.74671  0.0732455  0.347537  
1.17744  0.459335  0.342717  
1.48446  0.178161  0.864603  
0.14065  0.386189  4.13259  
0.0901123  3.10332  0.848602  
0.932675  0.209979  2.27843  
0.751921  0.96491  0.710243  
0.511753  0.225867  3.18244  
0.262041  2.16247  1.12418  
0.27352  0.130303  4.25223  
0.62408  0.0600216  5.91843  
0.179722  2.5952  0.0725702  
0.905047  0.762503  0.22998  
1.55596  0.142776  0.97014  
0.183902  2.6867  0.0698152  
0.415543  0.336105  2.85433  
1.38706  0.258704  0.492924  
0.0753928  3.29595  0.73126  
0.691283  1.05383  0.337165  
1.20983  0.125204  1.45266  
1.41373  0.232853  1.11276  
0.102202  3.11111  0.0538178  
1.29536  0.0713457  2.27475  
1.54442  0.168952  0.50104  
0.20524  1.53461  1.50143  
0.360694  1.07545  1.74623  
0.197726  0.246554  3.91716  
1.74171  0.0895622  0.14682  
0.339921  0.0823092  4.43531  
0.38151  1.82271  0.0484844  
0.066568  3.46868  0.918244  
1.85125  0.0493526  0.600356  
1.38108  0.304148  0.11479  
0.103269  1.11677  3.41089  
1.27392  0.38664  0.0936034  
0.505895  0.731117  2.10227  
0.179743  2.55665  0.768295  
0.177692  2.58534  0.755008  
0.0909039  0.116286  5.26152  
1.5161  0.2239  0.0690772  
1.61374  0.12866  0.0499026  
0.277276  1.36645  1.5795  
0.347738  0.43987  2.83705  
0.555125  0.628464  1.73649  
0.179025  0.223576  4.69501  
0.189167  1.70385  1.4463  
0.810768  0.314102  2.01702  
0.297345  0.553541  2.78342  
0.499976  1.42677  1.03091  
0.279028  2.14333  0.306754  
1.40716  0.258735  0.303582  
1.42445  0.230744  0.662754  
0.65777  0.134565  3.13663  
0.77946  0.372763  1.68774  
0.190261  2.57162  0.049009  
1.4572  0.188061  0.889183  
0.092525  1.45715  2.52488  
0.181549  1.70787  2.03915  
0.197212  0.228843  4.53262  
0.0979975  1.25728  3.03939  
1.63069  0.12597  0.0458702  
1.07079  0.240237  1.30155  
0.997079  0.620247  0.369474  
0.0734863  1.38336  2.91717  
1.04623  0.136607  2.29994  
0.267856  2.22501  0.25303  
1.93244  0.0457973  0.0951671  
0.885968  0.313098  1.26048  
1.01527  0.18579  2.27408  
1.39293  0.232599  1.11997  
0.587001  0.23511  2.49719  
0.729475  1.02004  0.375822  
0.432811  1.75816  0.0664344  
0.541868  0.215556  3.24665  
0.815646  0.0653125  3.30546  
0.808425  0.881684  0.341278  
0.544114  0.640097  1.96326  
0.110398  2.02335  1.66749  
0.712955  1.0867  0.0656328  
0.355372  2.01208  0.0704214  
0.757464  1.04085  0.0689328  
1.78192  0.0524729  1.00959  
0.221932  0.671095  3.64089  
0.0788872  1.26143  3.52976  
0.0536348  3.59408  1.04556  
1.18387  0.45954  0.191989  
0.836389  0.342771  1.6087  
0.270536  0.20387  3.87713  
0.685344  0.191917  2.55369  
0.384872  0.928064  2.41834  
0.741543  1.0081  0.471804  
0.301523  2.10825  0.0793732  
0.232156  0.179982  4.45477  
1.22184  0.0728764  2.39592  
0.361309  1.80443  1.22675  
0.172119  0.36802  3.72339  
0.619711  1.25995  0.588805  
0.115656  1.11433  3.22374  
0.241974  1.4294  1.5116  
0.142881  0.942172  3.2748  
0.117826  0.428177  3.93254  
0.734869  1.02927  0.267324  
0.172717  1.60153  2.21707  
0.890383  0.280972  1.57781  
0.32959  0.461206  2.87823  
0.105247  0.445585  4.74692  
0.0705711  0.634587  4.02553  
1.31629  0.0871901  1.83738  
0.374109  0.406571  3.31902  
0.140154  0.933806  3.30793  
0.317692  1.28254  1.40195  
0.0633884  0.843927  3.77368  
0.655776  0.695555  1.30812  
0.250796  2.32853  0.057371  
0.111509  2.16455  1.32339  
1.09059  0.113022  2.24065  
0.203315  1.53548  2.11738  
0.169043  0.316042  4.03703  
1.32292  0.328224  0.0526278  
0.974423  0.244694  1.3139  
0.871095  0.285869  1.84156  
1.67071  0.117814  0.0504301  
1.36558  0.0507018  1.41011  
1.67988  0.100976  0.673785  
1.97241  0.0490059  0.0721466  
0.23687  0.668293  2.98232  
0.0813378  0.75652  3.72776  
0.928953  0.717582  0.654355  
1.25862  0.362193  0.53435  
0.118284  1.09595  3.27778  
0.561712  0.287804  2.51841  
0.36657  1.88543  0.13257  
0.194643  0.772993  3.23208  
0.30627  0.132195  4.05494  
0.363784  1.06399  1.87742  
0.398903  0.925204  1.8596  
0.306523  1.1687  2.17038  
0.279108  0.778146  2.53136  
0.113409  0.429641  4.37858  
1.21715  0.388073  0.043052  
0.52605  0.201405  3.65893  
0.500772  0.805774  2.08992  
0.595835  1.31386  0.0534504  
0.0529803  0.742058  3.98559  
0.119284  1.87826  1.28322  
0.493446  1.54521  0.0572908  
1.03838  0.562432  0.481698  
0.397576  0.356277  3.40129  
0.917846  0.745477  0.700455  
0.657871  0.23468  2.5594  
0.0660679  3.48046  0.671248  
0.733486  0.417288  2.07193  
0.101853  0.639814  4.00604  
0.271366  0.210821  3.82114  
0.600859  0.535083  2.0842  
1.56351  0.162835  0.521107  
0.362499  1.93006  0.0605567  
0.117897  2.90797  1.04399  
0.0861641  1.5553  2.47394  
0.225614  1.50949  1.51521  
0.224877  0.747989  3.02304  
1.18952  0.449661  0.180507  
0.485616  0.728196  2.3253  
0.333341  0.117785  4.37011  
0.773516  0.995682  0.0709569  
1.54715  0.143066  0.761229  
0.590727  0.723823  1.37678  
0.991885  0.640066  0.178449  
0.322581  1.97584  0.157861  
0.311306  1.96877  0.906518  
0.96931  0.225846  1.59152  
1.00989  0.653484  0.0617508  
1.46262  0.216783  0.31125  
0.646312  0.561874  1.94075  
0.155825  2.7476  0.602941  
0.722996  1.05233  0.332774  
0.158259  0.891592  2.83261  
0.557328  0.193569  3.42772  
0.393801  0.376896  3.12659  
1.19855  0.0551338  3.99097  
0.526824  1.40879  0.330268  
0.645146  0.160269  3.00291  
0.580873  0.185043  3.00413  
1.33827  0.271375  0.919182  
0.546815  1.41152  0.0835357  
0.359288  1.99333  0.0892825  
0.531446  0.829929  1.3541  
0.48845  0.810613  1.42263  
0.073073  1.51763  2.48642  
1.20383  0.413432  0.495089  
1.62305  0.123623  0.253606  
1.06374  0.538829  0.414179  
0.0589292  2.8304  1.28256  
0.0913046  1.37308  3.42721  
0.177576  0.866239  2.7724  
0.514653  0.693563  1.82234  
0.42749  0.84222  2.30207  
0.314682  2.08868  0.057678  
0.341527  1.8625  0.965582  
0.286585  2.10149  0.308349  
0.413039  1.80596  0.0642756  
0.270353  0.577493  2.94565  
0.458496  1.59065  0.94333  
1.45299  0.220067  0.530994  
1.07601  0.144135  2.06814  
1.19365  0.40123  0.83217  
0.913563  0.765042  0.0528766  
0.947793  0.189461  2.05389  
1.09946  0.589016  0.10229  
0.176069  2.73842  0.0637497  
0.718815  1.0794  0.0684745  
0.189293  2.55173  0.515002  
0.521356  0.762019  1.54535  
0.674819  1.10302  0.330259  
0.716343  0.395454  2.14009  
0.277686  0.577102  2.93067  
0.415106  1.68361  0.699726  
0.565749  0.207468  2.6445  
0.236252  2.38263  0.067439  
1.16019  0.144973  1.59655  
0.412034  1.73104  0.154834  
0.234862  0.717225  2.79592  
0.382148  1.7653  0.786037  
0.286748  2.11688  0.137608  
0.109114  0.0893086  5.22971  
0.469285  1.62812  0.528757  
0.4698  0.766377  2.13464  
0.505903  0.858073  1.27509  
1.11179  0.547637  0.0802995  
0.490094  0.390095  2.5092  
0.184063  1.60202  1.8133  
1.08506  0.551812  0.139852  
0.424746  0.85739  1.98712  
0.116481  1.91591  1.23347  
0.0860417  3.29628  0.0502317  
0.645168  1.22814  0.152782  
1.31978  0.280276  1.18561  
0.114315  0.445191  3.89079  
1.6072  0.154316  0.0561732  
0.115312  2.20977  1.28005  
0.622039  1.23863  0.639214  
0.962291  0.726024  0.0677477  
1.14159  0.216895  1.42827  
0.109524  0.10096  5.09455  
1.48684  0.231481  0.159084  
0.662377  1.17452  0.276765  
0.318951  1.31222  1.29485  
0.315845  2.05034  0.357305  
0.377535  1.86173  0.140629  
0.566727  0.752194  1.29227  
0.381059  1.85548  0.120273  
1.44739  0.219052  0.640502  
0.133621  0.100833  4.86642  
0.210847  1.64246  1.39487  
0.279175  2.311  0.0747031  
0.280887  1.28121  1.60133  
0.801799  0.888222  1.14363  
0.996848  0.674009  0.0711259  
1.50882  0.19431  0.123693  
0.624216  1.2351  0.995031  
0.355806  1.91603  0.154928  
0.0731748  3.45224  0.0521115  
0.454915  1.64505  0.495916  
0.794008  0.379906  1.45593  
1.05057  0.548004  0.455052  
0.969751  0.208253  1.55892  
0.430656  0.965908  1.44141  
0.767027  0.444794  1.38923  
0.167456  1.04492  2.48082  
0.122605  0.432304  3.82762  
0.419654  0.335778  3.56644  
0.789206  0.345801  2.05698  
1.28868  0.0493109  2.90759  
0.938563  0.742258  0.0609722  
0.0938934  0.119341  5.22903  
0.059331  3.58755  1.02055  
0.364739  0.424077  3.38298  
0.297872  2.13685  0.0566341  
0.152437  2.75347  0.781337  
0.942362  0.203012  2.29495  
0.246224  2.31665  0.0720872  
1.11513  0.525994  0.342471  
0.537372  0.65867  1.80888  
0.493987  1.5143  0.0841266  
0.409237  0.379811  2.92327  
0.316334  2.07512  0.24287  
1.13651  0.172542  1.47492  
0.11345  1.12723  3.21105  
0.776704  0.374637  1.68323  
1.34172  0.326851  0.234312  
0.813188  0.324223  1.96907  
0.142593  0.284132  4.76565  
0.311  2.12567  0.0618625  
1.15605  0.511039  0.0694969  
0.973455  0.691779  0.338633  
0.0941449  0.106644  5.7317  
0.253454  0.569776  3.26002  
0.265398  2.288  0.379633  
0.0800858  3.26061  0.717306  
1.0162  0.179694  1.65317  
0.503556  0.770817  2.13082  
0.678871  0.579417  1.31779  
0.235618  0.643414  3.17541  
0.192786  0.188667  4.74872  
0.38645  1.1019  1.44155  
0.485505  0.249176  3.0258  
0.341099  1.8911  0.967165  
0.763037  0.973535  0.414474  
0.803474  0.0714746  2.86499  
0.0976882  0.202368  4.85663  
1.221  0.387065  0.836942  
0.272855  0.727154  2.59971  
1.31822  0.0873803  1.78191  
0.110039  1.25449  2.46388  
0.21137  0.205718  4.23151  
0.0970548  0.650831  3.66999  
0.400121  0.109196  3.76501  
1.288  0.333242  0.585891  
0.690112  0.154219  2.68112  
1.77683  0.0959792  0.126359  
0.0933292  3.25993  0.107177  
1.05443  0.163593  1.8555  
1.06043  0.590558  0.0861736  
1.03701  0.265848  1.30941  
1.68391  0.100052  0.649918  
0.736837  1.0666  0.0665545  
1.28287  0.365585  0.108961  
0.233766  2.42641  0.0600184  
0.789057  0.109421  2.67007  
1.28061  0.378788  0.184644  
