5.67894e-012  2.41528e-008  6.00069  
0.538962  4.24617e-015  5.96494  
0.88805  0.673325  3.62586  
0.643533  0.880813  3.8229  
0.858348  0.860242  2.6145  
0.736564  0.296925  4.4168  
0.00167815  0.620427  5.64025  
0.304755  0.787535  4.11234  
0.552952  2.41528e-008  5.93325  
0.627495  0.782764  4.12428  
0.710438  0.274748  4.58995  
0.677683  0.864403  3.56119  
0.872465  0.839592  2.63634  
0.139958  0.18754  5.35816  
0.748591  0.768465  3.52098  
0.673784  0.0970243  5.10798  
0.728593  0.178586  4.51572  
0.196315  0.159942  5.2968  
0.293052  0.792175  4.07692  
0.721914  0.763665  3.55077  
0.549373  4.24617e-015  5.94246  
0.229456  0.743713  4.34602  
0.715745  0.846364  3.27968  
0.0846517  0.0508619  5.78393  
0.657186  0.133349  5.14219  
0.0691565  0.0518873  5.81695  
0.0252747  0.285003  5.55872  
0.730874  0.720628  3.78309  
0.874579  0.742668  3.08621  
0.292946  0.668462  4.92203  
0.785461  0.718489  3.4527  
0.162463  0.75638  4.37259  
0.720309  0.837144  3.25813  
0.867097  0.247339  3.88373  
0.714895  0.243553  4.54577  
0.125464  0.0449481  5.69599  
0.0142061  0.0758592  5.86835  
0.768872  0.101101  4.48932  
0.707031  0.817363  3.40564  
0.277102  0.665249  4.92735  
0.204263  0.123606  5.40173  
0.846023  0.758683  2.9844  
0.146048  0.695516  4.83355  
0.764195  0.715915  3.59261  
0.765969  0.215108  4.2123  
0.107275  0.0469189  5.74692  
0.00830945  0.0343983  5.95083  
0.131843  0.115282  5.52948  
0.267879  0.690275  4.73976  
0.781071  0.0646608  4.43153  
0.0902935  0.870839  4.15546  
0.0614635  0.106933  5.7187  
0.684498  0.808257  3.61134  
0.636754  0.710295  4.56805  
0.255439  0.8074  3.98285  
0.628102  0.657217  5.00077  
0.788128  0.157711  4.19851  
0.880902  0.157711  4.01135  
0.809739  0.288565  4.02878  
0.775172  0.80589  3.01883  
0.758728  0.176688  4.31085  
0.725434  0.165129  4.60767  
0.245462  0.193499  5.1985  
0.115072  0.135923  5.51787  
0.155507  0.662179  5.05647  
0.655219  0.181551  5.06386  
0.83299  0.216183  3.95931  
0.241  0.693448  4.71484  
0.271143  0.0816427  5.44752  
0.853093  0.702648  3.37358  
0.735794  0.832865  3.1537  
0.851182  0.795904  2.7873  
0.828226  0.754127  3.03873  
0.860959  0.746441  3.05437  
0.164092  0.713766  4.65173  
0.762284  0.197258  4.25552  
0.00547744  0.0932927  5.83114  
0.0530722  0.150225  5.63495  
0.66394  0.854617  3.66169  
0.153074  0.780027  4.23619  
0.126826  0.129405  5.5052  
0.258081  0.204498  5.17789  
0.0878325  0.168717  5.53641  
0.285502  0.668641  4.90949  
0.07157  0.686419  5.09797  
0.649844  0.820387  3.81897  
0.837029  0.792096  2.80956  
0.649139  0.830281  3.7988  
0.633331  0.633453  5.12587  
0.818848  0.814756  2.75398  
0.24859  0.223888  5.16215  
0.218006  0.662179  4.95527  
0.201629  0.676879  4.86853  
0.777969  0.739768  3.33786  
0.797992  0.70428  3.49947  
0.646324  0.250408  5.05091  
0.632555  0.830281  3.93824  
0.819359  0.787349  2.89856  
0.674972  0.85889  3.5806  
0.00320659  0.211653  5.60606  
0.855899  0.695516  3.43097  
0.153587  0.629576  5.28044  
0.102627  0.631531  5.38728  
0.0641801  0.645724  5.38048  
0.847877  0.773524  2.88599  
0.669302  0.811818  3.75128  
0.187622  0.649733  5.08505  
0.840246  0.827368  2.68421  
0.861895  0.632238  3.87725  
0.806245  0.808257  2.82247  
0.0829963  0.738132  4.66081  
0.772507  0.0552775  4.49741  
0.192236  0.285668  5.21452  
0.836967  0.638051  3.86112  
0.692786  0.0731218  5.02135  
0.748603  0.173156  4.3883  
0.846269  0.763221  2.95568  
0.846269  0.727652  3.19859  
0.177553  0.255044  5.2279  
0.697335  0.239523  4.67955  
0.756459  0.786612  3.1792  
0.0449394  0.0580456  5.87338  
0.841545  0.784026  2.85736  
0.832226  0.127044  4.13304  
0.740886  0.800377  3.22166  
0.812206  0.872225  2.70597  
0.754252  0.769831  3.29195  
0.743293  0.830281  3.1058  
0.797992  0.671511  3.74608  
0.139958  0.0911075  5.56995  
0.282614  0.748734  4.31783  
0.751871  0.843272  3.02584  
0.682241  0.234005  4.79566  
0.0285683  0.0336451  5.93434  
0.0274953  0.256323  5.54115  
0.0968571  0.0872484  5.67886  
0.674158  0.271854  4.85831  
0.694755  0.854445  3.4326  
0.0989985  0.207661  5.42234  
0.168742  0.682818  4.87701  
0.689433  0.154363  4.89228  
0.0495701  0.727508  4.8072  
0.27518  0.0800344  5.45368  
0.0205793  0.00401281  5.97597  
0.658006  0.198809  5.00759  
0.0733045  0.0871384  5.75968  
0.174944  0.670407  4.96653  
0.160928  0.843272  4.03825  
0.745644  0.0518873  4.76057  
0.0546502  0.183418  5.5543  
0.0673197  0.00737267  5.88527  
0.794484  0.779731  3.00311  
0.0608218  0.877707  4.23386  
0.651698  0.220028  5.03245  
0.230349  0.714191  4.55971  
0.827928  0.860242  2.65313  
0.221587  0.653853  5.01706  
0.23488  0.750788  4.29177  
0.811633  0.20234  4.00263  
0.703557  0.269263  4.63504  
0.07157  0.146599  5.59338  
0.821696  0.738664  3.16315  
0.082542  0.86626  4.17218  
0.210414  0.217751  5.18799  
0.177675  0.230231  5.24185  
0.827584  0.827959  2.69194  
0.266722  0.774281  4.14514  
0.836967  0.642578  3.83119  
0.841439  0.725456  3.21353  
0.86896  0.00830133  4.30426  
0.146048  0.692926  4.89337  
0.860334  0.820679  2.67468  
0.733915  0.121364  4.60105  
0.0624128  0.823168  4.26085  
0.709271  0.857808  3.322  
0.834453  0.127069  4.09126  
0.195368  0.0383343  5.58121  
0.238372  0.220998  5.1688  
0.689747  0.777009  3.71759  
0.252349  0.662179  4.93986  
0.880311  0.0850255  4.18059  
0.844334  0.262008  3.89166  
0.180527  0.255044  5.2148  
0.721373  0.843272  3.24155  
0.216464  0.139858  5.33737  
0.260555  0.681271  4.80642  
0.853197  0.689086  3.48056  
0.808627  0.872596  2.71943  
0.724671  0.709162  3.91369  
0.112862  0.771838  4.39275  
0.801922  0.721766  3.35189  
0.123681  0.269382  5.34125  
0.735794  0.0788383  4.68845  
0.181197  0.198922  5.2514  
0.687315  0.14022  4.90491  
0.820337  0.837477  2.72928  
0.134724  0.274119  5.31954  
0.675061  0.811818  3.70886  
0.190076  0.69844  4.78643  
0.0971447  0.178586  5.47866  
0.225538  0.721512  4.5058  
0.185564  0.803212  4.05908  
0.773623  0.652606  4.07294  
0.697335  0.241885  4.67899  
0.777969  0.0161393  4.57795  
0.793054  0.259683  4.04665  
0.662355  0.847768  3.67718  
0.641794  0.659979  4.89925  
0.0327626  0.0706727  5.84367  
0.736584  0.288498  4.40691  
0.788397  0.817363  2.868  
0.120063  0.0436842  5.71152  
0.645367  0.835364  3.83248  
0.038264  0.0431024  5.90738  
0.661885  0.679918  4.60397  
0.0158414  0.139034  5.71092  
0.187036  0.676879  4.89048  
0.0989985  0.28855  5.41595  
0.682452  0.633745  4.77803  
0.696746  0.733726  4.0821  
0.0238694  0.814756  4.44642  
0.278647  0.763176  4.21948  
0.204263  0.109952  5.43434  
0.724184  0.128176  4.6989  
0.110292  0.248556  5.36984  
0.162463  0.0257766  5.71085  
0.666109  0.842938  3.69989  
0.245611  0.267411  5.15136  
0.233569  0.838052  3.90519  
0.0766084  0.080342  5.74235  
0.0306186  0.100961  5.77793  
0.740871  0.803508  3.39756  
0.00226202  0.623141  5.62352  
0.741097  0.822272  3.14119  
0.700462  0.234316  4.78825  
0.110292  0.232128  5.37405  
0.107474  0.724602  4.70452  
0.667617  0.263783  4.99128  
0.844334  0.22742  3.89828  
0.220844  0.118962  5.36131  
0.0758214  0.706475  4.98441  
0.735985  0.107537  4.62764  
0.808754  0.688781  3.7233  
0.740292  0.163322  4.46055  
0.212008  0.752129  4.31842  
0.644557  0.225005  5.07342  
0.857962  0.860242  2.61454  
0.218006  0.835928  3.95214  
0.635031  0.841415  3.87136  
0.825217  0.877594  2.67944  
0.783109  0.0192401  4.49976  
0.25072  0.264296  5.15428  
0.0205793  0.00246622  5.97759  
0.0460842  0.0689908  5.82412  
0.208026  0.753499  4.29771  
0.077613  0.758683  4.54346  
0.0813213  0.00591136  5.85874  
0.81792  0.78279  2.92944  
0.0306186  0.0713657  5.84544  
0.0270967  0.185042  5.59917  
0.036704  0.792096  4.47329  
0.26422  0.144888  5.29201  
0.808754  0.73221  3.30001  
0.103917  0.760731  4.46263  
0.052658  0.698822  5.03668  
0.644183  0.0999611  5.31205  
0.733421  0.65269  4.27015  
0.743293  0.860755  3.07324  
0.874579  0.744616  3.07328  
0.0775396  0.0242877  5.84138  
0.717788  0.0155255  4.97141  
0.830968  0.771834  2.92246  
0.0574238  0.673325  5.20026  
0.136519  0.874931  4.04961  
0.041787  0.0178368  5.92152  
0.81792  0.782779  2.94649  
0.179737  0.701297  4.71686  
0.692786  0.270515  4.72187  
0.639656  0.74669  4.28085  
0.764195  0.790357  3.11258  
0.16616  0.0104477  5.65962  
0.171128  0.732241  4.51142  
0.810505  0.668956  3.85233  
0.851274  0.655429  3.76718  
0.700462  0.174915  4.86157  
0.791896  0.73221  3.32036  
0.816719  0.0179455  4.42741  
0.0940425  0.112721  5.64409  
0.0370233  0.786612  4.45285  
0.778958  0.19082  4.16641  
0.78257  0.851086  2.84424  
0.840451  0.799081  2.77566  
0.164818  0.239754  5.25376  
0.285268  0.165129  5.26553  
0.204263  0.817055  4.01522  
0.0460842  0.0508619  5.86055  
0.669851  0.648643  4.77158  
0.0956065  0.168758  5.51878  
0.010389  0.266663  5.57089  
0.169431  0.637255  5.20546  
