0.898103  6.69919e-012  4.36715  
0.735331  0.893289  3.17557  
4.30129e-010  0.863503  4.30899  
0.855108  0.859525  2.61579  
0.90426  0.0732569  4.26701  
4.30129e-010  3.92336e-006  6.00102  
0.296159  0.0933218  5.43745  
0.632892  0.82751  3.91177  
0.642223  0.624571  5.12148  
0.68473  0.312891  4.82669  
0.288497  0.0510082  5.51897  
0.276336  0.807382  3.99218  
0.254918  0.0655607  5.47118  
0.271893  0.697081  4.69681  
0.725967  0.116082  4.67156  
0.148793  0.0409289  5.6488  
0.882849  0.65098  3.77434  
0.642582  0.864249  3.81072  
0.798302  0.8822  2.77563  
0.862927  0.760751  2.95741  
0.747295  0.297782  4.34303  
0.76789  0.879583  2.92942  
0.865069  0.712809  3.29597  
0.692916  0.285489  4.72798  
0.874568  0.850941  2.62663  
0.893217  5.19271e-009  4.35317  
0.728044  0.13763  4.60501  
0.742076  0.88841  3.14995  
0.263703  0.00650025  5.56928  
0.761632  0.269047  4.22806  
0.735811  0.813729  3.28034  
0.700823  0.292821  4.67724  
0.00258821  0.69867  5.09588  
0.78991  0.305636  4.11717  
0.721118  0.841289  3.24576  
0.79048  0.684692  3.70754  
0.682622  0.831268  3.55475  
0.00817952  0.0158396  5.97379  
0.815923  0.671983  3.67459  
0.266522  0.113307  5.36429  
0.881116  0.649827  3.77922  
0.0258662  0.00978764  5.9601  
0.163069  0.834206  4.00859  
0.819823  0.781574  2.89553  
0.0907746  0.233727  5.42066  
0.694111  0.0791784  4.99711  
0.101488  0.774025  4.38768  
0.848608  0.636218  3.85643  
0.0168905  0.0963366  5.80978  
0.700823  0.798576  3.52439  
0.782792  0.701849  3.59999  
0.78478  0.692302  3.65486  
0.738209  0.0432142  4.77573  
0.687362  0.263755  4.7558  
0.71873  0.816857  3.31962  
0.00446311  0.0521674  5.92022  
0.267986  0.0190825  5.55544  
0.104738  0.289495  5.40298  
0.650606  0.19114  5.07133  
0.664192  0.188172  4.9829  
0.79429  0.784415  2.97904  
0.244819  0.71075  4.58592  
0.216826  0.847355  3.90397  
0.210117  0.247491  5.17084  
0.877448  0.201952  3.92812  
0.177614  0.20435  5.29385  
0.110677  0.0357739  5.74655  
0.235103  0.729854  4.43887  
0.85466  0.807481  2.71908  
0.795813  0.000490261  4.46023  
0.819905  0.779079  2.90895  
0.800591  0.0219702  4.41208  
0.0626045  0.0755355  5.79093  
0.0603689  0.766337  4.54236  
0.837375  0.704369  3.37822  
0.785524  0.631156  4.08644  
0.199797  0.227332  5.19193  
0.0449286  0.00978764  5.93639  
0.259222  0.70504  4.6202  
0.76486  0.876071  2.94255  
0.761912  0.253236  4.22338  
0.733542  0.278918  4.42951  
0.0844897  0.123725  5.61834  
0.0355192  0.0879366  5.83993  
0.242209  0.865706  3.8862  
0.14342  0.866573  4.02591  
0.747726  0.832796  3.07629  
0.8413  0.749683  3.10675  
0.051823  0.0824968  5.78396  
0.73665  0.829237  3.18798  
0.0128627  0.726612  4.92918  
0.000552691  0.00505487  5.99629  
0.772336  0.802517  3.01104  
0.815358  0.708867  3.46127  
0.639608  0.641856  5.0361  
0.0128627  0.308125  5.66492  
0.206448  0.148455  5.3103  
0.688529  0.157225  4.8579  
0.230836  0.752876  4.28151  
0.069335  0.807652  4.29839  
0.821593  0.790679  2.84479  
0.790662  0.657842  3.95701  
0.877448  0.198407  3.93294  
0.706649  0.243444  4.63336  
0.191051  0.641071  5.13803  
0.859017  0.837921  2.63336  
0.676851  0.841652  3.57807  
0.881092  0.788881  2.81702  
0.809985  0.216596  4.0452  
0.0316277  0.757078  4.71009  
0.105508  0.0247306  5.77861  
0.724263  0.224275  4.48638  
0.704944  0.77102  3.76292  
0.079681  0.689249  5.04108  
0.685364  0.717226  4.24715  
0.0226604  0.0510082  5.89832  
0.725464  0.719935  3.84376  
0.175555  0.168895  5.34503  
0.238848  0.183429  5.21144  
0.155806  0.0464585  5.62386  
0.0551195  0.750563  4.64359  
0.139884  0.108298  5.52527  
0.815608  0.754882  3.06835  
0.777676  0.838014  2.87762  
0.110107  0.812497  4.18647  
0.819272  0.872652  2.683  
0.810702  0.801586  2.83127  
0.6577  0.839113  3.72591  
0.858213  0.670521  3.61289  
0.670856  0.151751  5.02251  
0.824053  0.194071  3.97394  
0.242125  0.675481  4.84314  
0.206448  0.0319864  5.5614  
0.170027  0.684692  4.86081  
0.24941  0.737743  4.37814  
0.755615  0.822064  3.0435  
0.685364  0.238998  4.79176  
0.189948  0.843505  3.95026  
0.692916  0.226475  4.80845  
0.662996  0.210762  4.95944  
0.199104  0.221656  5.22373  
0.24784  0.722999  4.4849  
0.134676  0.103984  5.54861  
0.637264  0.837843  3.86298  
0.740581  0.816339  3.16404  
0.815608  0.804206  2.80255  
0.0828586  0.103617  5.66985  
0.0443  0.0963366  5.76686  
0.0935674  0.0690548  5.73559  
0.804435  0.845018  2.73824  
0.111135  0.662011  5.16103  
0.803401  0.801246  2.86135  
0.21997  0.791935  4.06358  
0.0730281  0.734291  4.81931  
0.197376  0.00280764  5.72716  
0.699424  0.857183  3.41814  
0.661341  0.79662  3.82671  
0.0593497  0.00424756  5.9052  
0.759144  0.765501  3.60075  
0.178597  0.181502  5.31737  
0.0470827  0.23281  5.53123  
0.830656  0.810847  2.7562  
0.679268  0.15871  4.96607  
0.732984  0.141095  4.56126  
0.0102409  0.0703732  5.88142  
0.687943  0.862595  3.48341  
0.294011  0.679847  4.83794  
0.0902847  0.239996  5.41795  
0.128213  0.0438487  5.69352  
0.156807  0.103984  5.53509  
0.729903  0.784116  3.38183  
0.65764  0.210762  5.0586  
0.0280468  0.0703732  5.85175  
0.725351  0.841289  3.21453  
0.841615  0.832114  2.65706  
0.844228  0.687459  3.6227  
0.0139708  0.771494  4.57008  
0.844228  0.671451  3.63518  
0.788557  0.850922  2.82113  
0.151886  0.271762  5.27743  
0.659834  0.831268  3.76012  
0.668235  0.167532  4.98976  
0.646901  0.260968  5.04799  
0.0382819  0.0600434  5.85662  
0.110037  0.63326  5.35889  
0.185432  0.174863  5.28552  
0.675934  0.867341  3.57721  
0.250196  0.132948  5.32045  
0.703703  0.273815  4.63639  
0.220312  0.654688  5.00947  
0.14764  0.160696  5.38638  
0.0730281  0.214756  5.48533  
0.842992  0.721599  3.24105  
0.754765  0.0988055  4.51256  
0.0563292  0.77102  4.50382  
0.810138  0.763124  3.03495  
0.170505  0.731669  4.55291  
0.702577  0.714528  4.04282  
0.117709  0.721572  4.70038  
0.257624  0.177735  5.22114  
0.825774  0.852501  2.66033  
0.743174  0.890365  3.11861  
0.653916  0.853996  3.73714  
0.770558  0.0278937  4.71512  
0.1617  0.684923  4.87517  
0.815013  0.859213  2.69681  
0.247297  0.107644  5.37518  
0.719252  0.0828955  4.79843  
0.655072  0.843505  3.74208  
0.816741  0.637296  3.91497  
0.753634  0.231198  4.27509  
0.0387739  0.0584319  5.89125  
0.188223  0.653231  5.12864  
0.692971  0.12793  4.90131  
0.757047  0.131863  4.41733  
0.709013  0.798576  3.4626  
0.0572279  0.223876  5.49794  
0.182054  0.207286  5.2392  
0.637264  0.798747  3.98231  
0.0437218  0.278918  5.5338  
0.842992  0.735107  3.14287  
0.71911  0.787037  3.4411  
0.046253  0.177716  5.58205  
0.0953747  0.723179  4.74009  
0.726689  0.841289  3.2051  
0.864144  0.711997  3.30168  
0.00737506  0.10058  5.82019  
0.730919  0.0139411  4.87462  
0.107922  0.0570581  5.71824  
0.755366  0.145787  4.39657  
0.113482  0.815246  4.17099  
0.0544788  0.79415  4.44565  
0.208096  0.644849  5.08733  
0.824984  0.776887  2.99385  
0.0373114  0.854687  4.25891  
0.213572  0.872378  3.90763  
0.236511  0.163684  5.24974  
0.824984  0.757562  3.02469  
0.00601191  0.0732569  5.87514  
0.266522  0.128033  5.32933  
0.203668  0.2556  5.17872  
0.837547  0.700577  3.50875  
0.222961  0.156146  5.27392  
0.808043  0.257175  3.98079  
0.729903  0.669974  4.20532  
0.120776  0.860938  4.10917  
0.123709  0.673102  5.04991  
0.064544  0.828662  4.2424  
0.212475  0.0108348  5.59457  
0.74378  0.289772  4.35723  
0.797978  0.160696  4.12822  
0.726689  0.69154  4.03289  
0.752777  0.312891  4.32879  
0.673128  0.2556  4.88592  
0.152901  0.794368  4.15999  
0.150103  0.0278937  5.66806  
0.220467  0.214756  5.19231  
0.649712  0.701251  4.53073  
0.795548  0.00800765  4.45403  
0.165674  0.142462  5.39427  
0.774761  0.749534  3.35356  
0.023405  0.196572  5.59633  
0.797468  0.0915982  4.2896  
0.778811  0.797313  2.99725  
0.641385  0.840012  3.83257  
0.714879  0.813181  3.43565  
0.213977  0.644849  5.08069  
0.665842  0.648159  4.80425  
0.110595  0.173143  5.44871  
0.700435  0.0879366  4.94751  
0.109007  0.0587229  5.70888  
0.193453  0.131003  5.38403  
0.139937  0.142462  5.44589  
0.213572  0.665342  4.93676  
0.238848  0.182587  5.2127  
0.751003  0.81298  3.1103  
0.776398  0.678941  3.95593  
0.162381  0.667642  5.05566  
0.687861  0.809471  3.66225  
0.679831  0.837557  3.56193  
0.131697  0.108298  5.60676  
0.841615  0.826415  2.66985  
0.829849  0.740194  3.12826  
0.675734  0.0875356  5.15402  
0.142876  0.0673405  5.6111  
0.828417  0.826082  2.6943  
0.850572  0.0913916  4.15025  
0.831612  0.194071  3.95622  
0.851689  0.750849  3.02795  
0.250196  0.84502  3.89056  
0.0128627  0.12715  5.80085  
0.110677  0.152243  5.50741  
0.07816  0.0988055  5.69369  
0.666746  0.724649  4.2407  
0.70106  0.173901  4.74829  
0.237963  0.665908  4.91572  
0.0974004  0.637876  5.36138  
0.805123  0.0891314  4.27204  
0.697382  0.0137795  5.15672  
0.174622  0.216287  5.24273  
