1.7948  0.0353203  4.9185  
0.839125  0.818349  0.0315653  
0.0344854  3.13854  3.9636  
0.0543053  0.0610075  5.9669  
2.02623  0.0384862  0.0460639  
0.0473202  3.94176  0.0466427  
0.0735369  0.116148  5.64276  
1.92307  0.0477875  0.0838507  
1.9583  0.0403209  0.0485682  
0.0445204  3.86601  0.0480002  
1.20706  0.044467  5.28125  
0.293341  0.0649267  5.74277  
1.05335  0.0439591  5.57716  
1.9704  0.0396808  0.679775  
0.0451063  3.85049  0.0649832  
1.99047  0.0399783  0.471149  
0.10014  3.01301  0.353581  
0.0412384  3.80242  0.0681372  
0.0692996  2.68215  1.27589  
0.0635456  0.139195  5.04788  
0.0549602  3.52327  0.42155  
1.59921  0.0407282  4.54916  
0.103992  0.449517  4.29906  
1.88935  0.0416522  2.87969  
0.0611419  0.291085  5.34032  
0.114392  0.0685193  5.24463  
0.63469  1.12883  1.0375  
1.16244  0.0549114  4.99563  
0.102834  0.126353  4.94956  
1.47995  0.186976  0.271012  
0.06709  3.41579  0.131723  
1.70482  0.0677309  1.14964  
1.64669  0.101786  0.699175  
0.115312  2.95654  0.0417899  
0.212016  0.154778  4.45179  
0.0472227  3.54075  1.07409  
0.101344  0.0746355  5.19336  
0.0541216  3.72516  0.048143  
0.055809  3.48975  0.54486  
0.0472944  2.63399  1.28756  
0.326269  0.0619331  4.2398  
0.064374  3.43814  0.0727495  
0.148337  0.293744  4.41182  
1.86855  0.052119  0.0509923  
0.0959168  0.0664915  5.84911  
1.42942  0.204246  1.09754  
0.881895  0.248975  2.29567  
0.468654  0.271008  3.03884  
0.674125  0.564646  1.44693  
0.11869  2.8666  0.330736  
0.0475955  3.75994  0.0473733  
0.0625945  3.32765  1.108  
0.0691278  3.38316  0.222275  
0.298244  1.92446  0.895013  
0.068047  2.27561  1.7149  
0.137061  1.73985  2.36833  
0.0855969  3.25845  0.0899031  
0.461243  0.793763  2.43742  
1.26858  0.0482941  3.41644  
0.0837055  0.105733  5.44692  
0.057799  0.0596647  5.89949  
0.0425166  0.932315  4.13787  
1.09042  0.476354  0.727728  
0.165805  2.54377  0.533699  
0.986572  0.685332  0.0721551  
0.134441  2.76606  0.269745  
1.49706  0.173524  0.544007  
1.68769  0.102373  0.0702144  
0.0517969  3.6404  0.0589846  
0.769383  0.336608  1.9042  
0.180603  1.60395  1.93922  
0.0694943  3.29901  0.409751  
0.242294  2.21163  0.923797  
0.192134  2.4223  0.461046  
0.0361506  3.57193  3.76088  
0.0910852  2.04107  1.84317  
1.44245  0.197206  0.734648  
0.385047  1.70714  0.878516  
0.314152  1.99768  0.137685  
0.164574  0.821462  3.34226  
2.01368  0.0433883  0.0435523  
1.81548  0.0557407  0.775993  
1.07626  0.132931  2.17674  
0.162987  2.56676  0.668031  
0.113777  2.85251  1.12094  
0.0517255  3.66717  0.0752466  
0.134089  2.7394  0.294539  
0.227737  2.3845  0.0898491  
0.0585284  0.053478  5.92084  
1.29448  0.290265  1.01727  
0.161945  1.84436  1.34921  
0.0505352  3.61701  0.192601  
2.00167  0.0440725  0.045635  
0.572058  0.55448  2.34032  
0.972168  0.186361  1.81883  
0.0447981  3.7962  0.104625  
0.098626  3.05183  0.348423  
0.317855  0.0972364  3.89341  
0.0948707  0.435852  4.49767  
1.84822  0.0457037  1.60045  
0.869572  0.255308  1.6378  
0.321689  1.15135  1.86735  
1.04197  0.0502523  5.16553  
0.0615351  0.226899  5.10436  
0.0490712  3.69093  0.0759228  
1.72873  0.089509  0.196484  
1.41059  0.258185  0.288959  
1.34733  0.277838  0.65051  
0.956566  0.185793  1.98961  
0.494601  0.258873  2.74793  
0.0685719  3.28828  0.608366  
0.269221  2.19308  0.2582  
0.18398  1.63599  1.46484  
1.82411  0.0419222  3.61934  
1.23366  0.389849  0.368701  
0.215021  0.674496  3.38153  
0.0994262  1.19564  3.06519  
0.504378  1.41706  0.515704  
0.266978  0.583752  2.80462  
0.075812  2.31671  1.39056  
1.7691  0.0711545  0.948932  
0.130579  2.89715  0.103063  
1.90447  0.0515117  0.0455749  
0.352344  0.0606284  4.78938  
1.67929  0.09047  1.14382  
0.385635  0.0562114  4.17292  
0.202508  0.195192  4.64027  
1.37639  0.250528  0.343838  
0.195084  1.49962  2.41508  
0.112147  1.94721  1.24221  
1.32174  0.0638662  1.35323  
1.06044  0.561224  0.490983  
0.424751  0.30669  3.50689  
1.30991  0.0669856  2.39648  
0.391532  0.922762  2.03873  
1.59339  0.110348  1.15555  
0.115517  1.87478  2.02911  
0.0863  0.723791  3.66746  
0.125588  1.8552  1.69869  
0.371881  0.356808  3.23307  
0.258077  2.23211  0.150489  
0.0924755  3.09793  0.25491  
0.750952  0.961989  0.173144  
1.78172  0.0706538  0.858894  
0.472659  0.229893  3.20254  
0.31125  0.0739784  4.67514  
0.186852  1.67298  1.39527  
1.58162  0.136126  0.359809  
0.193989  0.758472  2.86315  
0.0798968  0.0777277  5.82082  
0.796631  0.061125  2.73465  
0.282831  2.12485  0.0392062  
0.547454  0.690761  1.56401  
1.0851  0.544245  0.230766  
0.105707  3.02167  0.0400604  
0.860353  0.781228  1.02252  
0.120412  2.81372  1.20949  
0.0778292  0.132977  5.12891  
1.01055  0.1667  1.92947  
0.886923  0.244511  2.01202  
1.26272  0.0854488  1.54744  
0.0753781  3.24062  0.253025  
0.0824832  3.21531  0.445715  
0.0783497  3.2315  0.552099  
0.628963  0.498103  2.31878  
1.86228  0.0363011  2.94753  
0.180943  0.853433  3.01177  
1.91184  0.0413557  0.11173  
0.526456  1.39442  0.816612  
1.739  0.0915241  0.0775688  
1.22613  0.346155  1.01008  
0.961663  0.62186  0.947382  
0.647265  1.16625  0.207762  
0.681924  0.431109  2.21791  
0.188801  2.45821  0.307583  
0.0952993  3.06179  0.301707  
0.106296  0.514485  4.01792  
0.089998  0.0878125  5.47994  
0.307576  1.97845  0.52106  
0.260593  1.43547  1.29133  
1.12498  0.115198  1.73701  
0.152429  0.12359  4.88102  
0.94093  0.699196  0.161217  
0.0561896  1.29073  3.29764  
0.0985394  3.12287  0.0455854  
0.0943989  0.470917  4.35301  
0.252785  2.17542  0.413426  
0.378777  1.79435  0.378115  
0.168605  0.239795  4.57684  
1.71445  0.0918801  0.264707  
0.737397  0.364029  2.11391  
0.0563552  2.46816  2.55883  
1.53797  0.162187  0.0973859  
0.7457  0.119365  2.6596  
0.0479815  3.74469  0.0475825  
0.0827833  3.20062  0.506569  
0.0621128  3.4661  0.112214  
0.347953  1.02901  2.25528  
1.71957  0.0814829  0.961176  
0.899354  0.759781  0.483799  
0.583498  1.40103  0.0939227  
0.0899006  0.457675  4.76015  
1.36597  0.280098  0.60137  
0.173188  0.0785807  4.86512  
0.119971  1.81708  2.47072  
0.300975  0.513404  3.26655  
0.125581  1.01841  3.0877  
0.43271  0.311848  3.3112  
1.02061  0.624887  0.129212  
1.63923  0.113749  0.133577  
0.254124  2.29127  0.056438  
0.0663704  2.24348  2.19508  
0.698323  0.512071  1.6313  
1.75247  0.0803795  0.237399  
0.437038  0.2841  3.24939  
0.809907  0.900741  0.0522223  
0.393984  0.0696454  3.91848  
0.305512  2.01188  0.354993  
0.0910712  0.0825292  5.01069  
0.118985  0.0654625  5.40736  
0.112854  2.92545  0.733945  
0.508931  1.45636  0.204526  
1.40049  0.0537616  1.26416  
0.0559027  0.505001  5.75543  
0.47561  0.249507  2.78982  
0.704887  0.532863  1.58769  
0.865027  0.780532  0.656158  
0.0708258  0.57565  4.63165  
0.452101  0.803949  1.76139  
1.19667  0.0974865  1.26193  
0.0795655  1.22314  3.31896  
0.557744  1.33602  0.465097  
0.294965  2.05532  0.416573  
0.186726  1.52804  2.05734  
0.345405  1.88263  0.570796  
0.311443  1.1798  1.51532  
0.249095  0.599694  3.39216  
0.153646  0.878368  3.18978  
0.11419  0.469551  3.80388  
1.80935  0.0936783  0.0722628  
1.51394  0.148201  1.13235  
0.927202  0.211254  2.2293  
0.0562751  3.47363  0.929888  
0.0741839  3.33785  0.183071  
0.174107  0.259709  4.19524  
0.340103  0.0914213  3.92464  
0.36286  1.81639  0.28079  
0.655487  1.14014  0.0382742  
1.13833  0.485776  0.0705031  
0.226295  1.50815  1.5782  
0.483937  0.29455  2.48184  
1.21761  0.0377034  4.80309  
0.288639  1.32164  1.63415  
0.992102  0.686442  0.0671022  
0.0600402  3.55918  0.0481008  
0.301422  0.0937409  4.52415  
0.0748877  3.36651  0.168118  
1.79746  0.0591485  1.16554  
0.160337  0.843391  3.17311  
0.327737  1.11657  1.81834  
1.10751  0.514082  0.157614  
0.659626  0.593332  1.28051  
0.359199  0.376428  3.53533  
0.914691  0.265744  1.24774  
0.168332  0.300141  4.37922  
1.04769  0.15434  1.73369  
0.0617526  0.1187  5.5031  
0.215684  0.665925  3.5537  
0.733646  0.984192  0.981592  
1.11471  0.477667  0.440874  
1.06717  0.522973  1.08993  
0.296017  0.523427  2.83854  
0.845666  0.068301  2.46997  
1.52118  0.181333  0.32095  
0.787239  0.304589  2.23851  
0.124916  2.78431  1.20375  
0.835445  0.830638  0.501876  
0.0832162  2.07232  1.97299  
0.128345  2.90186  0.0613451  
0.599023  0.597786  2.14736  
0.36641  1.05288  1.80982  
0.348147  1.04081  2.16691  
0.344554  1.95612  0.453495  
0.967867  0.603245  1.17391  
1.28123  0.319773  0.353122  
1.7611  0.0845007  0.0806435  
0.306798  1.19066  1.86445  
1.84722  0.0390175  4.10862  
1.02631  0.568902  0.38169  
0.615777  0.132635  2.99318  
0.72956  0.986921  0.848306  
0.168816  2.53222  0.610911  
0.373934  1.06478  1.64216  
1.61956  0.12897  0.580493  
0.0618865  3.35452  0.33424  
0.321082  1.09639  2.25036  
0.0771764  2.10999  2.27364  
0.402158  0.335077  3.43919  
0.851766  0.313758  1.39851  
1.54539  0.134331  1.20085  
0.120467  0.340845  3.99779  
0.562788  0.180229  3.12048  
0.803603  0.829833  1.13681  
0.590684  0.633553  1.74841  
0.447863  1.54548  0.562154  
0.0733684  1.33035  2.70852  
0.579036  1.25501  1.22802  
0.051273  3.5903  0.115834  
1.83759  0.0412954  3.14188  
0.197475  0.208279  3.94846  
0.781464  0.870456  1.17862  
0.377381  0.949524  2.09418  
1.09895  0.517672  0.697906  
0.581091  1.28439  0.686104  
0.166354  2.61387  0.12558  
1.47187  0.173948  0.622846  
0.217969  0.844612  2.67282  
0.756899  0.926873  0.479591  
0.257973  0.668618  2.9704  
0.483379  1.47407  0.502668  
0.478137  1.59322  0.15575  
1.38363  0.219069  1.15305  
1.50959  0.0419016  3.6365  
0.543512  1.37289  0.337773  
1.89061  0.0579672  0.0507715  
0.644202  0.522475  1.67747  
0.240227  1.4521  1.57125  
1.65682  0.125135  0.0660324  
0.390189  0.0563068  4.0938  
0.515992  0.748634  2.01839  
0.195087  0.317483  3.75322  
0.942561  0.657232  1.18806  
0.933722  0.711479  0.285647  
1.67092  0.115032  0.0578606  
0.312758  0.145469  3.8504  
0.0527439  3.60107  0.0490522  
1.83348  0.0401595  4.51018  
1.24951  0.347952  0.630529  
1.18718  0.0533735  4.70859  
0.0809724  3.14763  0.900865  
0.404229  1.01061  1.34276  
0.212225  0.285832  3.76561  
1.24071  0.371852  0.210197  
0.805819  0.379735  1.65898  
0.291018  1.20282  2.28287  
0.707531  0.410743  2.12713  
0.105057  2.1411  1.50257  
0.186089  2.49618  0.607676  
0.099926  0.0676095  5.55613  
0.576831  1.26071  1.22281  
0.823425  0.865604  0.0405887  
0.539786  0.234215  2.5294  
0.213381  1.5067  1.79585  
1.46625  0.186381  0.989717  
0.678722  0.5383  1.42232  
1.15226  0.44016  0.510228  
1.61351  0.120691  0.926725  
1.22203  0.381563  0.39669  
0.225242  2.28947  0.910889  
1.42012  0.214471  0.501119  
1.33549  0.287385  0.116646  
1.44913  0.214586  0.126074  
0.702515  1.046  0.755603  
0.49619  0.238894  2.81986  
0.0713576  0.501508  4.69686  
1.14114  0.509137  0.0629644  
0.111121  0.0674874  5.36798  
0.533742  0.654291  2.32186  
1.18116  0.408812  0.82541  
1.62937  0.125158  0.0405315  
0.192478  2.47835  0.0479972  
0.893746  0.728323  0.888518  
1.21206  0.368197  0.789013  
1.86195  0.0589846  0.0738737  
0.522741  1.47501  0.081302  
0.666496  0.535545  1.64961  
0.376968  0.976638  2.42216  
0.135779  2.83211  0.0775308  
0.421196  1.71257  0.329292  
1.60721  0.139542  0.0657254  
0.140347  2.80105  0.0581246  
0.719526  0.463692  1.5256  
0.286046  2.02222  0.478704  
1.83019  0.0570363  0.744561  
0.409803  1.75093  0.0965043  
0.145351  2.71245  0.947635  
1.50516  0.169672  1.05558  
0.200699  2.43586  0.183862  
0.778368  0.893653  0.610224  
0.415318  0.112359  3.7162  
0.0435236  3.68577  0.583372  
0.883644  0.787322  0.641088  
0.42861  1.58578  1.06352  
0.529226  0.203345  3.09932  
0.23948  2.36286  0.3573  
0.717001  0.397037  1.80276  
0.104088  3.08119  0.190024  
0.140875  1.00473  2.60712  
1.17817  0.392759  1.0637  
0.295889  1.20883  1.77639  
1.55546  0.137692  1.05687  
0.60842  0.721222  1.30716  
0.0938623  3.16504  0.0450365  
0.740533  0.0755648  3.15974  
0.596932  1.21527  0.618939  
1.33451  0.0527661  1.2671  
0.0590348  0.861895  4.60614  
0.357158  1.90483  0.0539159  
0.235717  1.53754  1.40538  
0.179962  0.171186  4.73481  
1.06991  0.517957  0.674821  
1.46017  0.201638  0.58754  
0.567114  1.26698  1.00162  
0.263217  0.132087  4.06822  
0.176581  1.5709  2.1011  
0.0882353  3.0887  1.11538  
0.724829  0.382103  2.13742  
0.592713  1.30892  0.0684009  
1.50158  0.149759  1.16398  
0.762583  0.0863187  2.54466  
0.690071  1.07287  0.278761  
1.31303  0.305212  0.221602  
0.141564  0.459057  3.82713  
0.383918  1.09244  1.38614  
0.0757391  0.109997  5.39557  
0.105722  1.2283  2.569  
0.21036  2.3524  0.798989  
0.324468  0.0592222  5.52927  
0.158353  0.832742  3.53664  
0.160083  0.0724258  4.91006  
0.253554  0.104221  4.81894  
0.477731  1.61968  0.189694  
0.387598  0.349949  3.59159  
0.0773083  2.09971  2.06434  
0.46106  1.65449  0.092781  
1.32499  0.0596286  1.28071  
0.620934  0.203887  2.49476  
0.188148  2.44339  0.837516  
0.773708  0.99485  0.0667742  
0.144286  0.968102  2.8118  
1.54866  0.143159  0.974932  
0.273374  2.16771  0.400067  
0.131653  2.82796  0.565727  
0.575262  1.35649  0.323554  
0.0973139  0.71399  3.69774  
0.455753  0.20043  3.60386  
1.45469  0.196507  0.755354  
1.25842  0.359297  0.0578497  
0.075853  0.709262  4.22505  
0.664639  0.155073  2.6293  
0.0657067  2.32881  1.6089  
0.232867  2.26147  0.783806  
1.20306  0.392034  0.518589  
0.523385  0.80584  1.61164  
0.125836  2.79016  0.642563  
1.56621  0.144413  0.118077  
1.00153  0.656142  0.086165  
0.680378  0.402831  2.38461  
1.77848  0.0827382  0.0800729  
0.607293  1.24111  0.350745  
0.355123  0.40678  2.7641  
0.52318  1.41108  0.434036  
0.0874104  1.08011  3.64277  
0.427591  1.62297  0.801074  
1.1879  0.132164  1.49764  
0.207356  2.37002  0.79461  
0.132956  2.72964  0.831231  
1.00441  0.636271  0.364468  
2.02603  0.0433227  0.043729  
0.271067  0.550997  3.469  
0.551389  1.36297  0.35438  
0.0969905  1.95346  1.91519  
0.604993  0.174436  2.72247  
0.211789  1.64996  1.40452  
1.0343  0.619241  0.0589896  
0.513513  0.716303  2.27317  
0.137775  2.72218  0.622269  
0.146893  2.69145  0.817661  
0.362016  1.89466  0.475605  
0.0876979  0.0665868  5.78603  
0.518049  0.239712  2.76502  
1.62444  0.108401  0.276164  
0.149948  0.413686  3.86537  
0.0897705  3.15688  0.19947  
0.0735927  0.0796821  5.79278  
0.259595  0.124746  4.32403  
0.655322  0.144665  2.69671  
0.0904555  1.57806  2.59207  
0.410358  0.113815  3.72735  
0.299459  2.02846  0.440561  
0.549766  1.34936  0.883703  
1.0288  0.162432  1.51096  
0.55947  0.233437  2.90854  
0.895082  0.77421  0.0581014  
0.229559  2.261  0.915454  
0.917621  0.226079  2.16728  
0.242484  1.38023  1.61798  
0.567892  1.38363  0.172932  
1.52831  0.176036  0.042337  
1.15721  0.102637  1.76858  
0.401441  1.72562  0.435792  
0.129214  0.321494  4.37069  
0.614399  1.2716  0.0707052  
0.336286  0.431892  2.82929  
1.17056  0.172179  1.32506  
1.12151  0.44671  0.912724  
0.116027  0.440904  3.9777  
1.29078  0.350885  0.0910592  
0.358098  1.04189  1.83191  
0.157684  2.69829  0.17072  
0.131243  0.939083  3.49345  
0.281491  2.08793  0.929288  
0.123041  0.0738102  5.10939  
0.439055  1.67207  0.0555125  
0.636718  0.169632  2.50691  
0.22795  0.165932  3.87381  
0.841832  0.299542  2.05349  
1.24293  0.41727  0.0766736  
1.05228  0.0446281  5.53165  
0.247603  2.14558  0.509959  
0.689579  0.39818  2.41597  
0.177021  2.51622  0.276542  
0.641462  1.15307  0.583848  
0.166998  2.62855  0.0397639  
0.0821001  3.18165  0.67017  
0.159398  2.59442  0.270366  
1.38726  0.222425  0.97256  
0.0879432  2.51309  1.37387  
1.09662  0.111812  1.96533  
0.190419  0.334525  4.0722  
0.414353  1.77828  0.0637286  
0.159897  0.822564  3.45645  
1.35348  0.246062  0.845717  
0.467916  0.285482  2.63888  
0.710651  0.480481  1.536  
0.128466  1.79344  2.03792  
1.74796  0.076083  0.885338  
0.0944465  2.50094  1.31522  
1.04148  0.615232  0.236339  
1.03865  0.231519  1.48137  
0.149909  0.340378  4.32296  
0.169157  2.60206  0.131818  
0.0520004  1.55899  3.139  
0.0717422  0.71244  4.0367  
0.0771805  2.15201  2.05404  
0.564336  0.641581  1.57352  
0.370231  0.98654  2.42734  
0.639289  0.553684  1.96413  
0.791591  0.0843041  2.69776  
0.331902  1.97438  0.163343  
1.27619  0.0508198  2.6652  
0.67716  1.10786  0.191938  
0.38125  1.76447  0.487277  
0.222384  1.62916  1.40622  
0.24323  2.33251  0.496022  
0.204106  1.5629  1.41712  
0.81721  0.0614918  2.68453  
1.39304  0.222676  0.868357  
0.952722  0.629726  0.993376  
0.711872  1.10899  0.130108  
0.814292  0.859066  0.959584  
0.399557  1.72863  0.227293  
0.382718  0.056039  4.2151  
0.272924  2.24783  0.0594146  
0.947509  0.673917  0.146119  
1.27314  0.0475434  3.82565  
1.57466  0.140713  0.837005  
0.781444  0.331668  2.20647  
0.922259  0.725913  0.113528  
1.17226  0.416375  0.832305  
0.269191  0.147048  3.64494  
0.56011  0.628633  2.26582  
0.458067  0.997477  1.41467  
0.0902975  0.434313  4.72466  
0.0834475  3.1833  0.476218  
0.465232  0.885569  1.26487  
0.73996  0.356018  2.08009  
0.769945  1.05634  0.0851937  
0.147508  1.54712  2.5458  
0.154796  1.28751  2.51798  
0.444422  1.57725  0.87055  
0.205607  2.42593  0.135168  
0.115888  2.94358  0.461135  
0.232243  0.943925  2.51526  
0.101043  0.605008  3.72318  
0.260418  2.09988  1.23128  
1.4228  0.241016  0.044468  
0.230318  0.722819  2.9282  
0.0918028  0.077575  5.36853  
0.908115  0.746122  0.156339  
0.306859  0.491615  3.46127  
1.25294  0.385404  0.0524596  
0.170358  0.458265  3.69857  
0.278615  0.110548  3.96423  
0.116134  2.95127  0.216631  
0.0815694  2.34416  1.37897  
0.178877  2.58149  0.0482324  
0.207904  2.37837  0.225627  
0.945031  0.239986  1.69984  
0.0919492  0.143617  4.83783  
