0.0394472  2.42498  1.5898  
0.0621297  3.51264  0.0445697  
0.101081  0.0443203  4.88422  
0.0467867  3.89405  0.167599  
0.0456908  0.0463205  5.77395  
2.01747  0.059501  0.0612522  
0.0538876  0.0512337  5.64686  
0.047361  3.81778  0.0609555  
0.0528282  3.5938  0.257545  
0.0525582  3.89365  0.0542223  
0.0555372  3.54402  0.0870304  
0.0545298  0.0488775  5.74285  
1.98625  0.0584454  0.0869676  
0.0511235  3.69826  0.0869376  
1.41431  0.118585  0.919236  
1.62928  0.177301  0.120298  
0.194787  2.13503  0.718446  
1.74271  0.147926  0.0901438  
0.19003  0.198581  3.96413  
0.0859406  0.251112  4.64892  
1.94359  0.0636503  0.0639064  
0.219769  0.601851  3.01566  
0.179387  0.207272  3.92053  
0.0753533  0.0522837  5.46815  
0.0511649  3.62185  0.201533  
1.15913  0.176978  1.11321  
0.061646  0.072012  5.21146  
0.0648015  0.0528572  5.41397  
0.203488  0.284324  3.42994  
1.34066  0.354992  0.0755331  
0.0675796  0.0520575  5.51075  
0.0663744  2.95684  0.76784  
0.0544089  0.0516544  5.60316  
1.75666  0.0558077  0.598383  
0.0420918  2.94493  1.06333  
0.289396  0.0588741  4.20565  
0.0491698  3.73062  0.250876  
1.96571  0.0631938  0.110529  
0.0757472  2.40413  1.19308  
0.536462  0.100988  3.46297  
0.558134  0.927227  1.09973  
0.223105  1.4564  1.55395  
0.230232  0.724406  2.87004  
0.426424  1.7638  0.375475  
0.466288  0.116529  3.2985  
1.25931  0.0913787  1.37504  
0.0902884  0.899309  3.26353  
0.291189  0.0865293  4.0703  
0.159988  0.0578445  4.44132  
0.15498  0.140787  4.3417  
0.101359  0.496666  3.69096  
0.0842063  2.36932  1.35591  
1.96303  0.0610932  0.133357  
0.235897  1.94546  0.743515  
0.122715  2.25752  1.03223  
0.772784  0.0658203  2.60491  
0.219522  0.235162  3.6325  
0.164219  0.225198  3.78276  
0.296435  0.0694868  4.0303  
0.334161  1.2832  1.3966  
1.70149  0.0588564  0.601905  
0.241737  0.208468  3.83245  
1.14617  0.312158  0.720189  
0.307811  1.97823  0.470857  
0.047979  3.80744  0.0987124  
0.053097  3.2414  0.613859  
0.0816529  3.40972  0.06028  
0.172561  0.156106  4.16585  
0.0590759  2.98734  0.77285  
1.72826  0.128096  0.106007  
1.92132  0.0663591  0.112732  
0.0473588  3.77385  0.262232  
0.0626362  3.39095  0.252938  
1.12653  0.233192  1.22481  
0.835974  0.894974  0.188543  
1.93575  0.0684113  0.084521  
0.0937087  0.364566  4.39521  
1.71293  0.149718  0.118636  
0.266713  0.908558  2.29744  
1.33197  0.341656  0.118075  
0.74294  0.659016  1.09837  
0.277901  2.32089  0.100125  
0.0421097  3.66888  0.344394  
0.0579994  3.26734  0.532227  
0.0795402  0.138917  4.8363  
0.143105  2.87894  0.171568  
0.0717893  0.285753  4.60532  
0.42709  0.086119  3.72885  
0.22118  2.28986  0.250876  
0.0911402  2.56501  0.812009  
0.0609138  0.106692  5.16132  
0.0720536  2.7457  0.855138  
0.113398  2.15815  1.29406  
0.0924168  2.35996  1.08547  
1.24695  0.383499  0.206088  
1.47889  0.0763025  1.01306  
0.249875  0.0887351  4.14133  
0.129823  0.207828  3.89729  
0.0642529  2.71967  0.99199  
0.0875613  1.66109  2.50118  
0.463049  1.57667  0.439625  
1.42606  0.298119  0.158262  
0.150177  0.749464  3.22283  
0.814356  0.462084  1.06986  
0.0934284  0.435619  3.79071  
0.059595  0.0517418  5.5656  
0.351533  1.02846  1.67332  
0.105533  0.701588  3.59874  
1.32166  0.331323  0.143147  
1.20575  0.195129  0.851012  
0.124188  2.68285  0.396838  
1.22926  0.435522  0.0677881  
0.195333  1.59656  1.47778  
0.0444339  2.5799  1.32582  
0.343384  1.79081  0.551607  
0.19814  0.835484  2.58123  
0.125379  2.52074  0.793673  
0.572987  0.332275  2.15108  
0.604157  1.29676  0.432534  
1.19832  0.333988  0.417647  
0.137125  2.10956  1.15142  
1.13948  0.216037  0.993968  
0.0475916  2.81915  1.15901  
0.311368  0.332375  2.98127  
0.102194  3.14677  0.29613  
0.0591908  0.102907  5.23661  
0.0871848  0.199646  4.55104  
0.0633662  0.123394  5.07381  
0.0489826  3.64286  0.269309  
0.0688044  3.29126  0.223206  
0.723383  0.879  0.493686  
0.0744619  0.0583205  5.14951  
1.61202  0.167206  0.216837  
0.731413  0.0899924  2.45036  
0.0884919  3.30147  0.0529201  
1.5421  0.149853  0.341492  
0.570465  0.864061  1.19929  
0.763225  0.248789  1.89769  
0.226986  1.38125  1.44567  
0.128331  2.83565  0.367131  
0.411305  0.26891  2.81019  
0.350668  1.11232  1.49936  
0.169909  2.8008  0.0682315  
0.0629848  0.934638  3.34021  
1.78922  0.0786154  0.233967  
0.221594  0.968215  2.19258  
0.0913704  0.0646514  4.94983  
0.0909604  3.0176  0.376364  
0.590463  1.20029  0.546682  
0.0511489  3.19505  0.728509  
0.0760206  2.70731  0.83158  
0.433469  0.121  3.40667  
0.560884  0.58342  1.72753  
0.255919  0.238311  3.58014  
0.0840239  3.35089  0.153533  
0.171724  1.75176  1.42131  
0.0931864  0.0489657  4.97736  
0.0636825  0.163993  4.79284  
0.853698  0.274617  1.62815  
1.16773  0.487656  0.277579  
0.361002  0.0977093  3.8661  
0.690435  0.1004  2.56308  
0.0523997  3.74259  0.0715969  
0.992233  0.179299  1.70773  
1.82644  0.0706645  0.456241  
0.383419  1.43633  0.893277  
0.0653426  0.225159  4.7331  
0.0613532  3.33322  0.424297  
1.11369  0.408175  0.410962  
1.80111  0.0748858  0.26992  
0.205974  2.44893  0.231826  
0.646619  0.48061  1.63844  
0.452665  1.18389  1.04732  
0.804973  0.636049  0.818138  
0.0568372  3.45868  0.403223  
0.108016  2.92438  0.486634  
1.64215  0.142078  0.138458  
0.16842  2.02117  0.951846  
0.682898  0.0734428  2.7963  
0.851525  0.551022  0.849933  
0.0701318  2.10741  1.81191  
0.984845  0.121047  1.79106  
1.56979  0.0561351  0.972874  
0.20832  1.64634  1.27666  
0.0822858  2.44189  0.945801  
0.0594829  3.13977  0.652369  
0.909063  0.198859  1.77407  
0.355982  0.793647  2.13871  
0.12762  0.284543  3.99432  
0.0957199  0.0462009  5.01542  
1.9049  0.0619335  0.292103  
0.443679  0.248221  3.11589  
0.0635767  0.0625248  5.26741  
0.331709  1.13711  1.69122  
0.455749  1.47425  0.47496  
0.571119  0.110146  3.16212  
0.0805525  3.10162  0.308845  
0.110793  2.03967  1.52458  
2.00134  0.0633761  0.0634965  
0.393395  0.964626  1.83204  
0.186704  0.0823746  4.37904  
1.1338  0.315801  0.663984  
1.53356  0.0757984  0.780776  
0.0483208  3.21222  0.665201  
1.18914  0.0705144  1.76094  
1.40155  0.100432  1.00756  
0.31429  0.947014  2.05556  
0.0725173  2.54523  1.28983  
0.0792214  3.17593  0.366586  
0.0647416  3.08414  0.581466  
1.66188  0.113197  0.21861  
0.158199  0.0646384  4.56707  
0.205453  2.61553  0.20937  
0.681224  0.187235  2.54242  
1.01461  0.337711  1.00658  
1.4695  0.248338  0.0969675  
0.0693979  0.0588627  5.37803  
1.81602  0.0831867  0.12636  
0.307155  2.22959  0.161961  
0.251994  2.59749  0.164688  
0.0622085  3.43609  0.290198  
0.098973  1.43299  2.36675  
0.0565883  3.32113  0.531281  
0.698847  1.21229  0.089067  
1.60155  0.101369  0.345156  
0.141519  0.148347  4.27688  
1.30348  0.079977  1.23246  
0.0702347  0.120299  5.105  
0.153335  0.0991928  4.46018  
0.0589723  3.76302  0.0691617  
2.00303  0.0618052  0.0824036  
1.31423  0.10561  1.04115  
1.48871  0.145095  0.459821  
0.215616  2.50786  0.181455  
1.02718  0.56242  0.26311  
0.44279  0.458676  2.39632  
0.104242  0.101015  4.68229  
0.531813  0.47049  1.9883  
1.36235  0.150958  0.884916  
0.635647  1.14609  0.497774  
0.0867284  3.22613  0.283288  
0.801735  1.06644  0.10345  
0.259273  0.0752401  4.09663  
0.870385  0.590259  0.705551  
0.115632  0.156971  4.51667  
0.0789156  0.78531  3.49727  
0.149467  0.0978934  4.59112  
1.39854  0.300363  0.0942556  
0.994883  0.814252  0.120543  
0.515508  1.84813  0.196635  
0.658911  1.08014  0.479111  
0.708864  0.773941  0.876557  
1.44182  0.0943448  0.749244  
0.459388  1.2514  0.740455  
1.00537  0.54175  0.333216  
0.0457067  3.65949  0.405888  
0.134313  1.08852  2.69516  
0.10384  3.05733  0.168315  
1.38669  0.2358  0.351612  
0.119389  2.99388  0.180579  
1.72326  0.0870431  0.174546  
1.69416  0.0620054  0.679699  
1.05535  0.472916  0.470507  
1.52003  0.211165  0.0962943  
1.58251  0.0585139  0.745835  
0.9439  0.413453  0.858129  
0.107436  2.69649  0.651165  
0.116096  1.15185  2.84643  
0.115285  0.163672  4.30785  
0.344374  1.61431  0.691611  
0.364263  0.379423  2.66099  
0.595774  0.141228  2.92384  
1.3531  0.0662643  1.43578  
1.07829  0.0873677  1.64184  
1.80721  0.0828585  0.214382  
0.338855  1.41932  0.977804  
1.55797  0.107415  0.4676  
0.133227  2.89477  0.224744  
1.85982  0.0622832  0.368137  
0.524298  0.192738  2.71017  
1.85142  0.0658538  0.242167  
0.27381  0.22194  3.53075  
0.755426  0.257824  2.07066  
1.0216  0.541715  0.323403  
0.11467  1.87823  1.59892  
0.283682  1.39969  1.37316  
1.0406  0.074512  2.02873  
0.320354  1.82832  0.568352  
1.29724  0.186848  0.763145  
0.312602  1.74087  0.725088  
0.892502  0.828145  0.317483  
0.874485  0.0850801  2.28965  
0.0595954  3.49524  0.133919  
0.125527  2.85462  0.311656  
1.45011  0.196769  0.301682  
0.0555957  0.0526725  5.4899  
1.09186  0.528851  0.236168  
1.49903  0.148556  0.435708  
0.173555  2.46708  0.400786  
0.318913  1.69761  0.73143  
0.900193  0.746022  0.383898  
0.380452  0.799073  1.90199  
0.863467  0.299031  1.53154  
0.780959  0.769476  0.753764  
0.492946  1.49526  0.337503  
1.09805  0.238682  1.14512  
0.4312  0.851669  1.60597  
0.139814  1.03836  2.41595  
1.68994  0.0959953  0.280926  
0.161098  2.53643  0.302544  
1.65259  0.0759228  0.514527  
0.477898  1.05491  1.18367  
0.0564486  3.11674  0.683985  
1.53184  0.154597  0.268862  
0.75918  0.160062  2.24216  
0.0659444  2.66385  1.01298  
0.0553351  3.48141  0.243712  
0.0770552  0.393986  4.00655  
0.199464  0.060066  4.21921  
1.76594  0.115194  0.0690881  
0.0539004  0.165545  4.99956  
0.241391  0.667104  2.86587  
1.83928  0.0670668  0.429702  
0.0804935  0.222153  4.70964  
0.64096  1.01608  0.526746  
0.55018  0.12051  2.95393  
0.469232  0.367976  2.55549  
0.114335  3.25896  0.0770661  
0.297912  0.199179  3.48678  
0.25312  0.634484  2.64843  
0.584794  1.17794  0.553191  
0.136462  2.77687  0.380378  
1.78288  0.0765135  0.369524  
0.0735251  3.0402  0.386488  
0.105645  1.37692  2.63554  
1.43593  0.267393  0.151375  
0.134738  2.85756  0.262077  
0.296682  1.85939  0.668224  
0.603667  1.33752  0.154226  
0.146516  0.0587443  4.78363  
1.24773  0.0960487  1.35985  
0.34941  1.52845  0.68816  
0.511854  0.162466  2.89037  
0.063784  3.43041  0.176794  
1.83941  0.0790398  0.193175  
1.27915  0.362497  0.179224  
0.418578  1.26618  0.935741  
0.243048  2.34298  0.215299  
0.276989  0.390037  3.13771  
0.295017  0.122053  3.85107  
0.620774  0.0788028  3.08642  
0.0553427  0.0952064  5.34394  
0.0799699  3.37013  0.0794329  
1.86958  0.0773075  0.0988847  
1.89539  0.0583339  0.358065  
1.37036  0.319284  0.0688236  
0.251255  1.2247  1.6735  
1.08613  0.36745  0.641939  
0.163752  0.111529  4.2988  
1.07239  0.648142  0.175299  
0.339195  1.36048  1.25342  
1.21576  0.37159  0.403386  
0.0608347  0.0710544  5.29981  
0.281495  1.92675  0.560481  
0.175136  1.51493  1.87992  
0.374658  0.726814  2.29264  
0.912685  0.868057  0.101191  
0.0603747  0.0597943  5.32635  
0.316508  2.09102  0.144935  
0.0920471  2.78434  0.593967  
0.268442  2.06925  0.426454  
0.332054  0.844848  2.01238  
0.422342  1.57194  0.479826  
0.16545  0.135535  4.24189  
0.233529  1.37313  1.50049  
0.402263  0.463063  2.26606  
0.882096  0.569057  0.696828  
0.200296  0.989837  2.47613  
0.0579499  0.0780719  5.39083  
0.623864  0.382295  1.92105  
0.387689  0.366094  2.67583  
0.111417  1.03643  2.91216  
0.491033  0.150422  3.04118  
0.079996  1.31445  2.63565  
0.0470807  2.9093  1.13199  
0.165863  0.645506  2.96654  
0.741118  0.294668  1.97248  
0.631602  0.629447  1.34841  
0.481803  0.308797  2.67731  
0.842414  0.737621  0.754421  
0.336379  1.38742  1.22683  
0.664903  0.448496  1.74243  
0.0744388  3.4682  0.0658514  
0.501105  0.203756  2.76466  
1.30716  0.324957  0.316676  
0.924331  0.175018  1.84928  
0.0899703  1.5556  2.12391  
0.232987  1.23826  1.75461  
1.87342  0.0752155  0.122849  
0.0829621  0.0466159  5.10163  
0.340019  1.48625  0.934628  
0.845036  0.386145  1.21102  
0.378401  0.336099  2.75778  
0.652845  0.873198  0.890355  
0.706004  0.528394  1.2212  
0.886526  0.168989  2.04028  
0.0528219  0.0718879  5.57219  
1.56671  0.0844953  0.68685  
0.794913  0.319671  1.57488  
0.364919  2.05452  0.0873907  
0.269714  2.27423  0.161994  
0.424179  1.60123  0.461569  
0.508726  1.22967  0.66497  
0.487083  0.401772  2.3409  
0.118245  0.223932  4.11763  
1.04664  0.690642  0.137722  
0.238977  0.670836  2.77274  
0.0779871  0.135328  4.85333  
1.7717  0.068134  0.464091  
0.573952  1.54376  0.295021  
0.305199  1.32311  1.38702  
0.0999025  1.68751  2.10032  
1.22466  0.134764  0.990191  
0.662716  0.100825  2.73126  
0.0956124  0.0679686  4.90244  
0.665672  0.522214  1.46825  
0.118168  2.18104  1.13684  
0.0853705  0.0830194  5.03945  
0.222883  1.12375  1.83834  
1.05895  0.236529  1.41414  
0.196328  2.03037  0.908398  
0.278482  2.05828  0.508842  
0.981691  0.156063  1.95784  
0.11919  1.72108  1.57259  
0.223084  1.99817  0.712347  
0.349359  0.566129  2.51538  
0.468333  1.09667  1.15731  
0.393597  2.00574  0.166673  
0.920382  0.174043  1.94564  
0.170114  0.1153  4.25143  
1.58974  0.0908874  0.585985  
0.403261  0.159339  3.27673  
0.344902  0.134945  3.38825  
1.45494  0.0786239  1.20605  
0.34158  1.34809  1.19109  
0.823146  0.577315  0.840239  
0.700776  0.285968  2.10991  
0.952815  0.150291  2.03518  
0.215042  2.41538  0.382177  
0.10315  2.26141  1.29923  
0.0674986  3.17779  0.356424  
0.272174  1.80336  0.882169  
0.201012  1.66954  1.40628  
0.361585  1.50579  0.872717  
1.10349  0.42345  0.442588  
1.64508  0.184066  0.0860257  
0.937066  0.0795434  2.21067  
0.261102  1.9339  0.842105  
0.579523  0.512031  1.74024  
0.949976  0.506595  0.750378  
1.01151  0.404323  0.730851  
0.116881  1.23913  2.73101  
0.393573  1.62628  0.630163  
0.150296  0.0569398  4.76052  
0.354034  1.32902  1.19483  
0.155008  2.49481  0.377541  
1.46035  0.231127  0.225051  
0.195626  1.10404  2.37508  
0.720508  0.521511  1.16523  
0.0793298  0.0642562  5.04852  
1.04829  0.290142  1.19886  
0.860264  0.86856  0.200688  
0.334991  0.147324  3.5491  
1.26993  0.17429  0.799891  
0.965296  0.673909  0.503092  
0.0586313  0.0929776  5.2874  
1.6116  0.0518957  0.858995  
1.55119  0.141401  0.383679  
0.831673  0.344304  1.54754  
1.35456  0.317337  0.157574  
1.49313  0.1038  0.574442  
0.245892  1.86458  0.886135  
1.29248  0.114451  0.954299  
0.483969  0.374424  2.46624  
0.420072  1.51843  0.647856  
0.0702702  0.156747  4.92369  
0.406526  0.987289  1.34476  
1.28706  0.242752  0.572855  
1.8844  0.090679  0.0730792  
0.175112  0.512691  3.0737  
0.621789  0.360746  2.0027  
0.606465  0.302846  2.13221  
0.179813  0.609903  2.95324  
1.26794  0.362373  0.23578  
0.141627  2.7619  0.271604  
0.281702  0.307016  3.37004  
1.03392  0.408508  0.576181  
0.102983  0.6139  3.61075  
0.948067  0.0747916  2.3235  
0.51968  1.04413  0.986549  
0.736439  0.811876  0.836831  
0.613553  0.936605  0.848196  
0.131409  1.89363  1.34136  
0.446857  0.423975  2.42575  
0.142457  2.63257  0.569078  
0.319963  0.806231  2.1218  
0.39648  1.72208  0.413521  
0.588996  1.16898  0.546751  
0.372541  1.46239  0.932161  
0.0776658  0.310957  4.50783  
0.170338  2.19434  0.872566  
0.610451  1.16134  0.523064  
0.43889  1.98903  0.128761  
1.434  0.296924  0.1008  
0.273131  0.936286  2.08305  
1.89174  0.0771315  0.0911296  
0.213767  0.736017  2.55003  
1.50579  0.0626875  0.974849  
0.677926  0.974793  0.593309  
0.0951865  0.114117  4.87198  
1.67266  0.162628  0.0899407  
0.0524418  0.0549147  5.75868  
0.20254  1.3517  1.92669  
0.250977  0.62275  2.69683  
1.91236  0.0550247  0.315936  
0.159111  2.32979  0.694154  
0.263139  1.073  1.88179  
0.975878  0.0930684  1.97273  
1.77707  0.0582525  0.48545  
1.06905  0.348851  0.75791  
0.243705  1.26212  1.61586  
1.21838  0.128632  1.25047  
0.367753  1.20632  1.18196  
0.0784962  1.67396  2.11204  
0.85515  0.93327  0.116227  
1.3754  0.116852  0.938085  
1.51791  0.153295  0.382225  
0.672284  1.00154  0.62322  
0.528521  1.36777  0.50402  
0.327551  2.07777  0.267711  
1.00219  0.540165  0.451744  
1.88122  0.0864817  0.0918194  
1.65817  0.182273  0.103287  
1.0804  0.211657  1.28727  
1.51049  0.151545  0.417008  
0.25551  0.960191  2.26915  
0.927247  0.173948  1.73545  
0.257903  0.140382  3.70682  
0.796332  0.61919  0.863484  
0.612093  0.694662  1.30431  
0.826764  0.844006  0.457164  
0.83095  0.183397  1.88737  
0.185469  0.299735  3.62572  
1.82227  0.0913627  0.116644  
1.68054  0.106293  0.171944  
0.18231  2.3369  0.510516  
0.454952  0.641311  2.22695  
0.368541  0.0922733  3.72667  
0.12122  2.08407  1.32241  
0.166899  2.48685  0.459234  
0.359145  0.615791  2.34026  
0.788765  0.25613  1.86694  
0.717445  0.978707  0.529976  
0.521703  0.307801  2.21789  
0.32881  0.172996  3.34959  
0.183586  2.47974  0.299557  
0.791591  0.138299  2.1929  
0.0605506  2.22236  1.52257  
0.264482  1.1321  1.80461  
0.261272  0.499389  2.93941  
0.970829  0.375175  1.04111  
0.401294  1.35754  0.935937  
0.14504  2.64688  0.517001  
0.581632  0.095368  3.04864  
1.06558  0.541465  0.244047  
1.18403  0.302892  0.658427  
1.07692  0.289382  0.929143  
1.59688  0.125216  0.317611  
0.222825  2.60712  0.17986  
0.666727  1.07813  0.522532  
0.265818  2.1685  0.386404  
0.094877  2.65794  0.755975  
1.38499  0.104808  0.969042  
0.648041  0.213595  2.23341  
0.38155  1.91082  0.240369  
0.544976  0.685236  1.61553  
0.818317  0.236328  1.9486  
0.592286  0.70025  1.33524  
0.673839  0.431059  1.71492  
0.436744  1.00486  1.20294  
0.775832  0.374478  1.69547  
0.0684022  3.50801  0.0821499  
0.384973  0.301159  3.18061  
1.18097  0.392377  0.388735  
0.0910761  0.146431  4.69342  
0.0500977  2.90472  1.14653  
0.193589  2.20617  0.590955  
0.140898  2.27985  0.891929  
0.0921743  0.206664  4.48355  
0.154877  0.559019  3.21767  
