0.000825291  8.36775e-012  5.99949  
7.01056e-013  0.017325  5.98113  
0.139251  0.888945  4.06936  
0.889502  0.153761  4.03749  
0.86316  0.858294  2.6148  
2.43688e-011  1.85221e-009  6.02587  
0.626393  0.679686  4.84367  
0.285427  0.718376  4.53634  
0.645925  0.626799  5.08392  
0.00630017  0.301814  5.60491  
0.713322  0.0599836  4.89167  
0.860304  0.800048  2.75204  
0.78086  0.667447  3.86695  
0.83262  0.645399  3.81811  
0.796481  0.797625  2.90536  
0.202114  0.0728886  5.49076  
0.676876  0.824051  3.65233  
0.0300718  0.049634  5.89189  
0.889502  0.160025  4.02469  
0.133865  0.175721  5.43511  
0.0257949  0.082053  5.83899  
0.0209838  0.0411812  5.91898  
0.818767  0.806558  2.86194  
0.836303  0.680725  3.62197  
0.120208  0.686633  4.95612  
0.147143  0.190349  5.34128  
0.733658  0.0371473  4.81647  
0.185252  0.164827  5.30416  
0.207592  0.134037  5.34589  
0.742387  0.29501  4.37392  
0.106611  0.0958581  5.63418  
0.636787  0.835426  3.8706  
0.656807  0.288555  4.99954  
0.825249  0.268859  3.92997  
0.223293  0.872785  3.89925  
0.728977  0.85776  3.17916  
0.227047  0.652833  5.05472  
0.857597  0.736405  3.14611  
0.74445  0.731371  3.6078  
0.749712  0.848405  3.03469  
0.83866  0.776476  2.88232  
0.748402  0.818581  3.11396  
0.0416801  0.0994542  5.76357  
0.0615355  0.231487  5.48483  
0.689219  0.0341275  5.121  
0.883451  0.0882882  4.17681  
0.126782  0.829849  4.09975  
0.848121  0.167799  4.0026  
0.0791268  0.145463  5.58948  
0.161794  0.283895  5.26669  
0.170305  0.235204  5.23718  
0.279382  0.841129  3.90704  
0.20043  0.730352  4.46749  
0.827007  0.817743  2.725  
0.823426  0.790265  2.84303  
0.777746  0.743749  3.31577  
0.853315  0.699773  3.39454  
0.833012  0.879595  2.65812  
0.260425  0.201737  5.18252  
0.874449  0.69408  3.45021  
0.718985  0.881065  3.26975  
0.857646  0.651034  3.75429  
0.265533  0.263813  5.15184  
0.805183  0.819814  2.78618  
0.0926687  0.633652  5.39809  
0.110212  0.194804  5.45947  
0.86554  0.0784566  4.17758  
0.719496  0.210093  4.63865  
0.827007  0.830388  2.68989  
0.103006  0.689971  4.97247  
0.665527  0.221614  5.06975  
0.17448  0.25966  5.2268  
0.713322  0.256048  4.55729  
0.844576  0.714679  3.29279  
0.650575  0.046941  5.38236  
0.0773254  0.242405  5.44988  
0.071059  0.266825  5.46504  
0.765578  0.757809  3.34002  
0.869667  0.673945  3.59128  
0.0738309  0.86388  4.22146  
0.0966642  0.655638  5.2423  
0.853251  0.7663  2.92472  
0.762598  0.174048  4.44581  
0.843638  0.838209  2.64355  
0.739913  0.755168  3.48015  
0.226106  0.706947  4.61432  
0.159843  0.688787  4.85069  
0.708341  0.0305306  5.02768  
0.253968  0.15834  5.25747  
0.716498  0.768485  3.63559  
0.165638  0.815921  4.04956  
0.283506  0.216646  5.18136  
0.701786  0.144172  4.79217  
0.0604187  0.262602  5.50257  
0.177068  0.757278  4.32648  
0.626393  0.678309  4.854  
0.0364822  0.00474846  5.94655  
0.0302946  0.102691  5.8121  
0.716844  0.809404  3.38194  
0.100215  0.749949  4.54923  
0.699819  0.0870001  4.94479  
0.885838  0.787996  2.83553  
0.236284  0.664168  4.93546  
0.122268  0.733623  4.60744  
0.786049  0.716792  3.552  
0.634028  0.856347  3.86836  
0.77456  0.818765  2.93846  
0.0193115  0.138674  5.73686  
0.0196432  0.792685  4.47836  
0.783665  0.795428  2.98823  
0.189484  0.683604  4.83631  
0.260425  0.630968  5.15242  
0.799221  0.835426  2.77357  
0.181877  0.182609  5.27758  
0.0562203  0.0927848  5.75196  
0.803085  0.813412  2.8143  
0.126782  0.736874  4.576  
0.81651  0.151274  4.07824  
0.247458  0.105645  5.38  
0.708642  0.835792  3.34977  
0.268007  0.185217  5.21012  
0.741697  0.644886  4.26894  
0.138418  0.045852  5.66363  
0.0979413  0.212723  5.42225  
0.654212  0.851399  3.73528  
0.196719  0.0199993  5.61225  
0.758259  0.772742  3.24409  
0.754973  0.820858  3.05197  
0.810358  0.761579  3.0722  
0.765961  0.72387  3.52534  
0.753847  0.751986  3.51337  
0.0979413  0.0271959  5.794  
0.0829882  0.772525  4.51861  
0.0870152  0.749882  4.57107  
0.846328  0.812298  2.71113  
0.0434213  0.80229  4.36905  
0.00733707  0.226467  5.57634  
0.239398  0.737641  4.38149  
0.0382671  0.0154521  5.93204  
0.0923273  0.638719  5.39939  
0.190412  0.875781  3.94307  
0.23285  0.148419  5.28492  
0.769485  0.818765  2.9681  
0.845614  0.20799  3.91697  
0.728933  0.884206  3.2044  
0.250527  0.752351  4.31522  
0.78505  0.869159  2.82087  
0.138887  0.0306282  5.68829  
0.886506  0.728593  3.21562  
0.739913  0.759989  3.44916  
0.802721  0.718658  3.37155  
0.0375048  0.638223  5.48218  
0.792413  0.218853  4.06298  
0.137254  0.887373  4.07039  
0.80698  0.763883  3.12772  
0.720996  0.0992176  4.74988  
0.64403  0.866636  3.80255  
0.724231  0.73958  3.6938  
0.685837  0.250287  4.77321  
0.791357  0.735546  3.29981  
0.869667  0.697775  3.41191  
0.642388  0.851399  3.81617  
0.677223  0.0882882  5.10255  
0.687635  0.742461  3.99344  
0.0456116  0.196889  5.5963  
0.696171  0.860809  3.57622  
0.841643  0.66153  3.69186  
0.237923  0.709232  4.59135  
0.742734  0.788017  3.2648  
0.0513557  0.082709  5.78559  
0.760032  0.674261  3.97389  
0.0189663  0.775588  4.62414  
0.780223  0.726034  3.42528  
0.783665  0.276314  4.111  
0.129921  0.00124031  5.74681  
0.672983  0.75478  3.97665  
0.690706  0.245768  4.72877  
0.766731  0.0551796  4.53167  
0.821938  0.845804  2.67704  
0.680033  0.0218127  5.26184  
0.861966  0.0125644  4.29475  
0.00934475  0.858369  4.29802  
0.0297255  0.0644857  5.86549  
0.659366  0.816605  3.76871  
0.828843  0.774614  3.0001  
0.231947  0.834716  3.92083  
0.681986  0.0378847  5.16918  
0.153861  0.769112  4.29536  
0.012748  0.20299  5.64383  
0.691007  0.145022  4.87651  
0.0283315  0.154453  5.65696  
0.00163182  0.110875  5.86365  
0.155302  0.25966  5.27616  
0.263019  0.0537131  5.54818  
0.240541  0.128313  5.33014  
0.685593  0.250287  4.80238  
0.640817  0.176541  5.16406  
0.19404  0.117749  5.54086  
0.655306  0.856347  3.72505  
0.758259  0.803432  3.09127  
0.256094  0.761579  4.23668  
0.184254  0.135033  5.37138  
0.272135  0.779135  4.12191  
0.86554  0.0675933  4.20115  
0.805543  0.783242  2.96358  
0.788423  0.781017  3.02834  
0.787934  0.172612  4.15345  
0.0310209  0.770183  4.59311  
0.276772  0.259964  5.15896  
0.196591  0.710824  4.68522  
0.084319  0.869159  4.16662  
0.0652846  0.698691  4.99228  
0.216064  0.235943  5.17324  
0.210011  0.652833  5.06969  
0.0168709  0.0903033  5.82273  
0.0691998  0.747487  4.66338  
0.792413  0.725786  3.36602  
0.828429  0.740372  3.13173  
0.00549831  0.0222411  5.96903  
0.655244  0.22477  5.13494  
0.233143  0.0157193  5.56169  
0.762598  0.180004  4.28146  
0.0640043  0.76379  4.53161  
0.840673  0.666117  3.66818  
0.254277  0.66576  4.91349  
0.0456385  0.283895  5.52537  
0.184254  0.11905  5.41027  
0.0275036  0.0842449  5.8221  
0.0322645  0.274587  5.54266  
0.167325  0.795689  4.12441  
0.285427  0.721511  4.51303  
6.68173e-006  0.853283  4.31042  
0.634081  0.776975  4.21058  
0.799983  0.107135  4.25107  
0.704505  0.841469  3.53882  
0.765578  0.815243  3.00331  
0.709657  0.111534  4.81208  
0.276513  0.698311  4.68016  
0.797631  0.0108758  4.44064  
0.00260003  0.0307287  5.95937  
0.727611  0.647938  4.34465  
0.756065  0.806655  3.09561  
0.773323  0.216646  4.2356  
0.707404  0.812873  3.46561  
0.113371  0.694102  4.92006  
0.0877717  0.248367  5.42137  
0.219674  0.710824  4.65804  
0.0646675  0.727194  4.78835  
0.230018  0.201981  5.19834  
0.648465  0.845131  3.7781  
0.683859  0.693302  4.34107  
0.237923  0.746966  4.31768  
0.705867  0.647272  4.53956  
0.0462868  0.156451  5.62261  
0.810757  0.151274  4.10692  
0.016405  0.109805  5.77784  
0.78989  0.670163  3.79389  
0.232327  0.115044  5.36294  
0.0217843  0.25966  5.54856  
0.110578  0.0837714  5.71625  
0.0255661  0.795689  4.42701  
0.852027  0.20299  3.96751  
0.115072  0.653767  5.21248  
0.8541  0.0734879  4.1892  
0.696171  0.252585  4.68898  
0.694563  0.27837  4.71055  
0.634081  0.240301  5.13356  
0.0115319  0.0675852  5.88053  
0.116603  0.650008  5.24001  
0.0137302  0.111321  5.77713  
0.0542881  0.274767  5.51973  
0.0594986  0.169517  5.57123  
0.818413  0.86388  2.68056  
0.0115319  0.279246  5.57272  
0.223293  0.742461  4.35745  
0.228665  0.65667  5.01606  
0.693176  0.20799  4.738  
0.168208  0.129161  5.41639  
0.735943  0.693302  3.95744  
0.191349  0.65934  5.01033  
0.0691998  0.218235  5.51556  
0.648465  0.842855  3.78088  
0.662174  0.784406  3.95166  
0.797442  0.767516  3.05948  
0.841752  0.658615  3.71189  
0.843638  0.852416  2.62819  
0.780223  0.196783  4.15097  
0.802944  0.121777  4.1966  
0.664497  0.226376  5.00204  
0.0320131  0.00796824  5.95233  
0.843648  0.102122  4.13732  
0.242513  0.815243  3.95796  
0.246936  0.124577  5.33552  
0.65787  0.866636  3.70679  
0.216664  0.697934  4.69029  
0.0773254  0.210401  5.47218  
0.754973  0.779829  3.23208  
0.122181  0.7687  4.39798  
0.00823283  0.703944  5.20286  
0.127446  0.80898  4.15867  
