0.198992  0.0464971  5.94667  
0.0469191  1.60672  2.81282  
0.864481  0.81302  0.0488956  
2.01414  0.0596965  0.0639903  
0.055514  3.91325  0.0677999  
0.0528346  3.82602  0.0762134  
1.96951  0.0694958  0.0652744  
0.0730454  3.52023  0.0682244  
1.93538  0.0662647  0.846738  
0.0557778  3.78258  0.0513655  
0.0498629  1.09166  5.68874  
0.0812697  3.44557  0.0656686  
0.0765267  0.0752684  5.88303  
0.0925811  0.0507672  5.78002  
0.0904576  0.516955  3.91115  
0.0580068  3.7435  0.164323  
0.159188  0.329931  3.97713  
1.95639  0.0641459  0.0670527  
0.0674878  3.39463  0.737975  
1.82322  0.0823502  0.161124  
1.91466  0.0667768  0.0838097  
0.51294  0.757647  1.75161  
0.972905  0.206127  2.33418  
0.0545312  3.69177  1.18981  
0.055265  3.71158  0.610792  
1.59455  0.161943  0.325884  
0.0859118  0.158895  5.16544  
0.108565  0.0546634  5.36714  
1.90375  0.0683153  0.719259  
0.36881  1.83875  1.01334  
0.467886  0.335134  2.58716  
0.0816247  0.104207  5.53802  
0.15391  0.258058  4.62586  
1.75761  0.101345  0.201612  
0.167551  0.276036  4.5632  
0.0787998  0.0598269  5.60553  
1.84365  0.0807239  1.06967  
0.0963112  0.0948153  5.22067  
0.0948694  0.0519804  5.75977  
0.0564522  3.65606  0.562211  
0.278629  0.0984692  4.48875  
0.067871  3.64074  0.061727  
0.0655994  1.34757  3.19552  
0.237354  2.4269  0.0770122  
0.811495  0.903054  0.944615  
0.0572767  1.47222  4.17973  
0.310231  0.0934114  4.09666  
0.650268  0.135356  2.53437  
0.0649016  3.59455  0.0653233  
0.109061  3.105  0.398351  
0.903359  0.741931  0.696412  
0.112781  3.06618  0.449329  
0.0723928  3.43613  0.0878055  
1.16545  0.436847  1.21651  
1.24689  0.366762  1.05663  
0.653714  1.1942  0.708073  
0.362077  1.94343  0.214037  
1.25969  0.417163  0.0858212  
0.764577  1.01798  0.300601  
0.400077  1.82368  0.328901  
1.54523  0.224057  0.0802901  
1.88663  0.0664535  1.26535  
0.0700725  0.551828  4.22467  
0.434139  0.354365  2.93536  
1.77494  0.101282  0.540814  
0.184737  2.63485  0.0699211  
0.0570981  0.403119  5.70265  
0.182983  2.5983  0.235343  
1.66216  0.14227  0.0642669  
1.31225  0.111047  1.62098  
0.265007  0.107946  4.74137  
0.193384  2.48582  1.16871  
0.0616296  0.39113  5.6031  
1.0063  0.189062  1.84248  
0.0662632  3.5779  0.501602  
0.232471  2.26284  0.95624  
0.300075  1.27309  1.69204  
0.244382  2.25099  1.11558  
0.353348  1.06741  2.12961  
0.184892  0.278569  3.8784  
0.157395  1.74533  1.80486  
1.0329  0.254021  1.34279  
0.379768  0.985146  1.76926  
0.524283  0.194167  3.21282  
0.0555362  1.41518  4.56463  
0.251819  2.21878  0.88605  
1.14021  0.156538  1.32813  
0.196014  0.700899  3.32035  
0.226422  2.3307  0.960942  
0.180884  2.68669  0.068137  
1.68283  0.134984  0.137027  
0.0702621  1.2463  3.41734  
0.352143  0.418294  2.63027  
0.0887103  1.239  2.83061  
0.0803806  3.20659  0.800154  
0.80041  0.915578  1.22636  
0.0857285  3.30755  0.104147  
1.6179  0.15283  1.06007  
1.53084  0.211652  0.0807092  
1.04881  0.161453  2.36544  
1.55405  0.17918  0.226359  
1.45023  0.206326  1.1856  
0.123406  2.98377  0.259121  
0.314573  0.116518  4.04913  
1.78002  0.0968766  0.536584  
0.0552582  0.0521588  5.90027  
0.375069  1.02658  1.72776  
1.32847  0.358154  0.154442  
0.176689  0.962221  2.69538  
0.2125  1.4578  1.46723  
0.109214  0.0508999  5.3156  
1.58053  0.172435  0.062377  
0.30266  0.695863  2.6043  
0.964174  0.668353  0.766262  
0.0599198  2.65875  1.325  
0.756178  0.406595  1.56159  
0.0903256  0.0785922  5.40355  
1.34478  0.292615  0.823553  
1.07081  0.57704  0.122112  
0.188697  0.767091  3.34643  
0.611036  0.645553  1.5486  
0.131912  2.84219  0.984656  
0.0819752  1.18413  3.46174  
0.142751  0.28456  4.77878  
1.74728  0.0956406  1.05137  
0.730779  1.0328  0.591536  
1.13191  0.507025  0.105137  
0.381884  0.359735  3.39076  
0.115454  0.0568651  5.06466  
0.0531515  2.89968  2.07073  
0.216498  0.394891  3.80613  
1.46904  0.0588644  1.63303  
0.546501  0.681667  2.32422  
1.28983  0.0542495  2.00493  
0.104163  0.0644571  5.30335  
0.220368  0.170134  4.38345  
1.11938  0.181977  1.81961  
0.241708  0.153492  4.29284  
0.222713  2.40865  0.66179  
0.42909  1.68017  0.731454  
1.15199  0.476452  0.057039  
1.86484  0.0815587  0.162482  
0.170777  0.772649  3.49737  
1.62983  0.130721  1.21934  
0.250982  2.23816  0.875301  
0.074574  1.28732  2.77071  
0.444773  0.306233  3.16631  
0.0759764  0.13654  5.25337  
1.50471  0.208524  0.773131  
1.56529  0.173359  0.260602  
0.719528  0.499419  1.31756  
0.328199  1.93218  0.754352  
0.0998424  3.34004  0.0692242  
0.0827912  3.36953  0.0619376  
1.45884  0.258293  0.0707993  
0.409266  0.311505  3.57115  
0.769924  0.939509  0.913679  
0.0985336  0.0604902  5.43156  
0.451227  1.658  0.145842  
0.132223  3.00527  0.0671103  
0.373442  1.90544  0.0980226  
0.0718226  2.19779  1.95786  
0.104831  2.0148  1.3666  
0.125013  2.91879  0.698951  
0.0668383  3.55969  0.517499  
0.662173  1.10956  1.23172  
0.129728  0.0503685  5.0401  
0.0858435  2.31868  1.39226  
0.211292  0.663128  3.54795  
0.117532  1.05017  3.13704  
1.6441  0.122037  1.0596  
0.136646  2.82686  0.931224  
0.459132  1.5314  1.244  
0.258338  2.18146  0.998125  
1.05415  0.178407  2.26848  
0.0595253  0.626874  3.83501  
0.323934  1.12139  1.51574  
0.162065  2.75033  0.281955  
0.0783173  0.105917  5.49792  
0.208068  2.51533  0.0549058  
0.29143  0.521321  2.89373  
0.670466  0.563628  1.70796  
1.79378  0.0975025  0.0665523  
0.346097  1.96838  0.555799  
0.347524  1.92436  1.14104  
0.104295  2.03509  1.4919  
0.0717839  3.53578  0.368256  
0.556411  0.217636  2.71078  
0.107701  0.0869196  5.09889  
0.935263  0.739663  0.922263  
0.0545247  1.47875  4.14269  
0.189044  0.773477  3.29631  
0.270359  0.12214  4.46914  
0.112444  0.0540325  5.13742  
0.337775  1.98197  0.309366  
0.891587  0.286002  2.0362  
0.95962  0.677094  0.582008  
1.71334  0.100971  1.11294  
0.308146  2.07714  0.342359  
1.35123  0.108871  1.60025  
0.103199  1.1605  2.44653  
1.69443  0.116652  0.425732  
1.06339  0.584669  0.346351  
1.80828  0.091839  0.382755  
0.0812169  2.21134  1.83284  
0.299194  0.0811516  4.71301  
1.40961  0.267635  0.202972  
0.118254  3.05243  0.323573  
0.150667  2.77152  0.528754  
0.201413  2.45189  0.857469  
1.69892  0.123083  0.279899  
1.09675  0.196045  1.2813  
0.824593  0.85783  0.573468  
0.0797375  3.2965  0.446275  
0.631151  0.591241  1.91759  
1.71934  0.114421  0.222633  
0.436843  0.840865  2.10705  
1.23345  0.111631  2.44432  
0.569271  0.688006  1.93586  
0.551267  1.40186  0.401095  
0.136191  2.88677  0.146269  
0.496877  0.198418  3.60378  
0.0848151  3.34536  0.257629  
1.1792  0.453693  0.362253  
1.36736  0.119033  1.49449  
0.0916324  0.127368  5.01762  
1.6095  0.157023  0.0608582  
0.312649  0.142336  3.78949  
0.411431  0.0924646  3.84311  
0.440042  0.337881  3.00488  
0.229458  0.158226  4.41857  
0.163871  1.7035  2.16902  
1.635  0.14107  0.553829  
0.0902788  0.46281  4.6477  
0.181963  0.163286  4.81441  
1.0443  0.227318  1.43872  
1.57286  0.165996  0.325213  
0.404677  1.77591  0.385191  
0.81902  0.897732  0.716317  
1.85306  0.0741226  0.630801  
0.137743  0.892481  3.07597  
0.124912  1.92332  1.86128  
0.216731  2.38904  1.08741  
0.475412  1.50516  0.970265  
0.0841123  3.18901  1.24072  
0.273331  0.151135  3.76634  
0.114376  3.02336  0.479235  
0.579278  0.713518  1.42534  
0.694781  0.43518  2.38861  
0.289607  1.37491  1.3327  
0.233398  2.37868  0.109115  
0.284885  0.138015  4.175  
1.05795  0.573736  0.720248  
0.518483  0.0629243  4.30753  
0.274458  1.27929  2.21487  
0.596788  0.212117  2.66074  
1.41937  0.249018  0.838761  
0.776427  0.968231  0.672233  
0.595542  0.201046  2.89226  
0.415656  1.79371  0.20697  
1.72711  0.111228  0.0629948  
1.30225  0.323918  0.591175  
0.144069  2.93101  0.0862952  
0.294466  2.09059  1.0536  
0.747263  1.14267  0.0977623  
0.248444  0.168684  4.25735  
1.20421  0.432444  0.618002  
1.1922  0.388604  1.25566  
0.871769  0.304554  2.15347  
0.391369  1.72763  0.864049  
0.319984  2.04401  0.290903  
0.587302  0.615883  2.1836  
0.171705  0.309008  4.00809  
0.296814  2.10971  0.280987  
1.08093  0.554009  0.0734596  
0.108728  3.11832  0.068241  
1.81437  0.0857575  0.190549  
1.24122  0.402087  0.152066  
0.886267  0.798221  0.480372  
0.987285  0.25657  1.47987  
0.0893365  3.27848  0.0702213  
0.0917566  2.30461  1.53164  
0.648944  1.20897  0.523073  
0.391381  1.80771  0.72704  
0.350165  0.386313  3.3625  
1.01311  0.229842  1.42357  
0.261272  2.13847  1.22828  
0.145028  0.0632435  4.93675  
1.70984  0.106222  0.592526  
0.139811  2.9502  0.0611691  
0.0908678  2.12332  1.86303  
0.100814  3.16233  0.469729  
0.141493  2.28099  1.30885  
0.0976269  0.0770102  5.51643  
0.163808  2.79761  0.0638177  
0.0630336  0.250553  4.83944  
0.106171  3.14061  0.805149  
0.155612  0.85842  3.04489  
0.0838763  0.179442  4.95061  
0.53097  1.49446  0.13154  
0.277067  0.736508  2.97824  
0.302608  0.103898  4.32436  
0.0927238  3.2457  0.225787  
0.402536  0.34512  3.15247  
0.155223  2.71275  0.803764  
0.584148  0.627307  2.43098  
0.501122  1.58822  0.274696  
0.387727  0.378841  3.09918  
0.115393  1.86946  2.01101  
1.39558  0.254656  1.07799  
0.880226  0.285645  2.08066  
1.27909  0.147594  1.30438  
0.350645  1.89544  0.871663  
1.08976  0.523652  0.776786  
0.183479  0.830087  2.75203  
0.132569  0.0642086  4.90153  
0.679654  0.125049  3.05025  
0.125702  3.03002  0.0985418  
0.562349  1.43691  0.107934  
0.173392  0.883956  2.72344  
0.538249  1.48485  0.184461  
0.267915  2.16923  1.08994  
0.66498  0.4694  2.35014  
0.249314  0.147646  4.03682  
1.52282  0.192724  0.334203  
1.27473  0.312987  0.845822  
0.120268  0.0560833  4.99132  
0.74538  1.10342  0.121998  
0.126926  2.87505  1.03921  
1.17959  0.447612  0.618542  
0.640282  1.23307  0.397253  
0.178988  1.61047  1.58067  
0.357327  1.87991  0.324052  
0.490913  0.833971  1.72115  
0.181419  2.58947  0.448009  
1.36302  0.30539  0.199196  
0.637035  1.28985  0.0819428  
0.064387  0.603219  4.4019  
0.503115  1.51892  0.194134  
1.09063  0.174052  2.03301  
0.791031  0.931993  0.592276  
0.188539  2.50213  1.00041  
0.305007  2.09932  0.246572  
0.740811  1.00071  1.19363  
0.125879  2.96827  0.546349  
0.483478  1.64151  0.0719755  
0.102989  0.421215  4.6663  
0.418552  0.325964  3.52471  
0.519625  0.731095  2.29688  
0.477977  1.59387  0.114229  
0.920933  0.776479  0.625044  
0.888721  0.353795  1.89187  
0.997003  0.209906  2.00058  
1.16029  0.154432  1.28698  
0.0686857  0.536544  4.43608  
1.33162  0.120663  1.38264  
0.951469  0.247266  2.14466  
1.42267  0.232906  1.15726  
0.0691942  3.54816  0.292007  
1.47773  0.214186  0.448742  
0.341585  1.25846  1.31837  
0.917943  0.279779  2.22914  
1.87883  0.0795543  0.164028  
1.48352  0.201895  0.858681  
0.101684  3.17571  0.257987  
0.432096  1.67455  0.636825  
0.166723  2.54331  1.00476  
1.38969  0.323771  0.0961061  
0.0692947  0.876871  3.68211  
0.14766  0.426533  3.99604  
0.176563  0.0543436  4.98079  
0.185611  0.275672  4.1552  
0.0993067  0.0481245  5.46617  
1.07849  0.245399  1.35905  
1.67326  0.136848  0.0815383  
1.85902  0.079929  0.286738  
0.144109  2.868  0.140169  
0.439446  0.307242  3.58481  
1.21779  0.392828  0.362204  
0.480324  0.237935  3.52691  
0.196525  2.49422  1.15092  
0.914255  0.793167  0.523912  
0.844608  0.340556  1.95106  
1.51411  0.203163  0.599584  
0.455576  0.3201  2.95778  
0.15658  2.8498  0.0724678  
1.10424  0.189615  1.4776  
0.836976  0.847774  0.793576  
0.715347  0.486984  1.64695  
0.149646  0.277396  4.79035  
0.0720796  0.185226  5.24823  
0.254771  0.660793  3.01915  
0.136942  1.73969  1.97607  
1.37386  0.0693533  1.42782  
0.200442  1.5606  1.26946  
0.510076  1.42732  0.775174  
0.602863  0.658827  1.27208  
0.945454  0.286955  1.45177  
0.17448  1.69391  1.44827  
0.151441  2.70117  1.21866  
0.239207  2.29444  0.897388  
0.147624  0.405479  4.34839  
0.102287  3.22831  0.0727815  
0.378786  0.927319  2.2821  
0.471568  1.51377  0.904449  
0.842181  0.312912  2.08675  
0.21029  2.45464  0.853276  
1.28436  0.385376  0.182557  
0.268441  2.17042  0.656194  
0.698086  0.503907  1.66988  
0.472366  1.57213  0.330022  
1.73914  0.0986641  0.690634  
0.247203  1.36481  1.94264  
0.58149  1.33498  0.363158  
0.619748  1.30077  0.316062  
0.333733  1.0825  1.67064  
0.850328  0.366056  1.54356  
0.423052  1.74906  0.0649161  
0.125956  0.0550793  5.1143  
1.12519  0.532387  0.133572  
0.292162  1.32324  1.51243  
0.0904025  0.460277  4.68625  
1.19764  0.404046  0.675508  
0.107409  0.0485779  5.45767  
0.336666  0.422456  3.61582  
0.737338  0.0937899  2.86014  
0.738261  0.390196  2.40533  
0.939074  0.727217  1.03075  
0.591748  0.667447  1.47515  
0.543145  1.44328  0.427589  
0.217758  1.44612  2.29506  
0.664658  1.16603  0.39884  
0.340921  0.489133  3.47068  
0.401241  0.904036  2.16415  
0.197571  2.47086  0.767812  
0.112615  1.97327  1.90802  
0.144693  1.00789  2.73369  
1.43938  0.252919  0.52954  
0.675115  1.18585  0.266777  
0.380489  0.946669  1.87721  
0.521987  0.194842  3.63078  
1.47116  0.237402  0.301251  
0.436183  0.945135  1.65961  
0.103977  3.15306  0.14511  
0.0711733  2.40429  1.35578  
1.4973  0.241887  0.0819003  
0.683983  0.473413  2.10386  
0.390593  0.0704194  4.24706  
1.02254  0.181035  1.9855  
0.198923  2.56636  0.754425  
1.35362  0.327869  0.0715814  
0.644963  0.640827  1.52015  
0.61271  0.656453  1.41352  
0.736087  0.0820738  3.26196  
0.672685  0.097581  3.06161  
1.20852  0.405585  0.439146  
0.75268  1.05644  0.580852  
0.464114  0.920634  1.4622  
0.200632  2.55375  0.265518  
0.221995  2.4675  0.604066  
0.420298  1.71431  0.783337  
1.42814  0.261363  0.377538  
0.0904571  2.1578  1.87953  
1.34145  0.110422  1.60869  
0.784872  0.0750448  3.43439  
0.626215  1.25463  0.173467  
1.30828  0.380854  0.355814  
1.22368  0.4235  0.308744  
0.575775  1.40836  0.103942  
0.0681636  1.22869  3.48329  
0.174699  1.63457  1.57045  
0.616465  0.601786  1.52887  
1.38175  0.302297  0.100712  
0.532836  1.4887  0.271605  
1.84624  0.0707036  1.20132  
0.10871  3.13773  0.250573  
1.73657  0.10648  0.0975062  
0.5324  0.306562  2.51763  
1.40215  0.266549  0.242911  
0.242994  2.36041  0.197094  
0.165324  2.76267  0.104375  
1.10968  0.548525  0.233352  
0.864875  0.800943  0.997259  
0.442272  0.104046  3.71279  
0.860157  0.828919  1.20394  
1.15433  0.441568  1.25231  
1.26721  0.110299  1.92061  
0.266836  1.30924  2.2413  
1.6112  0.13931  1.07867  
0.926858  0.269591  2.23246  
0.145525  1.75867  1.42013  
0.954964  0.704056  0.0582281  
0.361052  2.05661  0.16396  
1.40311  0.241381  0.87835  
0.17666  0.858162  2.79248  
0.280551  1.25567  2.19582  
0.457588  1.54873  0.928603  
0.179418  2.64524  0.35128  
0.430828  1.62858  0.685043  
0.463705  0.294076  3.28159  
0.457283  0.320293  2.85804  
0.0737237  1.41225  2.46357  
0.316184  1.1086  2.2002  
0.0876712  3.26571  0.173414  
0.16597  2.73649  0.139529  
0.991876  0.300029  1.33206  
0.38021  1.80909  1.15995  
0.690973  1.13179  0.639688  
0.387885  0.995355  1.29566  
0.365047  1.04136  2.03417  
0.460795  0.82173  2.40247  
0.0785284  2.36752  1.25218  
0.246756  0.341764  3.73729  
1.21231  0.129054  1.52355  
0.121506  0.359205  4.69499  
0.508068  0.778835  1.42274  
0.145905  2.81437  0.291883  
1.37953  0.072178  1.26094  
1.66847  0.127734  0.174843  
0.378674  1.0053  1.92997  
0.331787  2.00758  0.169034  
0.780876  0.472771  1.44334  
0.0995202  2.00202  1.49307  
1.11531  0.488054  0.263309  
1.01975  0.632768  0.685919  
0.201375  2.57026  0.0581172  
1.44399  0.2111  0.637195  
0.386011  1.85366  0.0558703  
0.132228  0.44763  3.6615  
0.493588  1.57057  0.389086  
1.51837  0.205504  0.311741  
0.787698  0.980543  0.431198  
0.266528  0.128017  4.44491  
0.64651  0.160886  3.11729  
0.495157  0.226179  2.67044  
0.701895  0.452262  1.86518  
0.349526  0.358866  3.43561  
0.404532  1.79644  0.508256  
1.02614  0.62926  0.0679227  
0.31596  2.06435  0.574662  
0.685921  0.474331  2.04672  
1.19402  0.445788  1.03046  
0.266257  1.41744  1.55653  
0.414014  0.272867  3.64995  
1.43438  0.226093  0.842214  
0.0677361  0.81905  3.69519  
0.612949  0.163232  2.95312  
0.256084  2.29611  0.47135  
1.10905  0.115331  1.89733  
0.174963  2.65021  0.126894  
0.290182  1.38306  1.30926  
0.914261  0.785157  0.403885  
0.713937  0.168598  2.49718  
0.126752  2.95671  0.527863  
0.150191  2.72771  0.870086  
1.33857  0.342117  0.0720413  
0.31922  0.543873  2.67036  
0.572247  0.635723  2.04975  
0.345177  0.171412  3.72672  
0.0961925  0.450178  4.11989  
0.777375  0.975409  0.638776  
0.247717  2.34633  0.0947619  
0.838349  0.868467  0.555553  
0.245668  2.35009  0.177708  
0.622345  1.30572  0.19325  
0.571277  0.132069  3.1208  
0.079952  3.26193  0.426514  
0.116153  0.196466  4.88367  
0.862205  0.805453  1.03488  
0.836495  0.358272  2.06035  
0.0997536  1.22237  2.80818  
0.414853  0.329535  3.23697  
0.882551  0.361369  1.43787  
0.927216  0.325158  1.28563  
0.831274  0.939669  0.132628  
0.21897  0.304043  3.77185  
0.667414  0.563924  1.43213  
0.185096  2.53484  0.831774  
0.583375  1.32748  0.412581  
0.221128  0.747174  2.66504  
0.850701  0.892293  0.252039  
0.20447  2.53238  0.132931  
1.79905  0.0932196  0.0937221  
0.854752  0.901563  0.0787463  
0.38906  0.0861064  4.11942  
0.421731  0.378648  2.49602  
0.705532  1.18444  0.0878675  
0.467699  1.65186  0.186087  
0.151622  0.297431  4.48728  
0.0495925  1.62188  2.47282  
0.502254  1.5448  0.0702015  
0.0924964  2.28746  1.38377  
0.46622  1.71451  0.0798868  
0.487323  0.299253  3.24039  
0.201167  2.52663  0.335048  
0.947626  0.071433  3.16001  
0.412556  1.76881  0.41112  
0.73389  1.07656  0.54669  
0.546087  0.732594  1.64562  
0.8699  0.381319  1.35196  
