1.96234  0.0424246  0.0426571  
0.0391148  3.51014  5.14039  
1.66484  0.10437  0.0364633  
0.0482279  4.02124  0.0517642  
0.0477593  0.0665233  5.98232  
0.052029  3.95388  0.0520859  
0.0665451  0.100814  5.71094  
0.0875575  0.0817197  5.38578  
0.0693329  0.0770898  5.59382  
1.93877  0.0520473  0.0480799  
1.07504  0.0565704  5.47789  
0.0538628  3.88939  0.0531176  
0.0419652  3.83571  0.0606224  
1.22234  0.0452914  4.20547  
0.109209  2.04844  2.14789  
0.0693696  2.59802  1.35101  
0.0548501  3.46935  0.731617  
0.0921674  0.377268  4.55336  
0.0632226  0.115973  5.82619  
0.111952  1.05879  2.89879  
0.0530858  3.91251  0.0519871  
0.0668065  1.51275  2.86208  
0.23435  1.55355  1.55036  
0.0410671  3.78505  0.20269  
0.169243  1.79137  1.67668  
0.111739  0.0807457  5.06247  
0.0879014  0.0705005  5.89886  
0.0713287  3.42021  0.0778057  
0.0554847  0.127242  5.74935  
0.073055  0.120035  5.00661  
0.61683  0.163878  2.98005  
0.25871  1.37699  1.58802  
0.0579413  3.55429  0.14156  
0.158247  2.64757  0.535945  
0.0404539  3.48703  3.902  
0.0519241  0.0547189  5.91198  
1.38441  0.290339  0.0572169  
1.3101  0.0810816  1.49345  
0.0526266  3.62082  0.0827579  
0.113278  2.9793  0.413655  
0.630856  0.146899  2.94162  
1.26229  0.0563917  3.05809  
0.0655388  0.114307  5.80102  
1.35863  0.0623055  1.39176  
0.17049  2.55822  1.01754  
0.781955  0.0717244  3.86582  
0.107332  2.94041  0.452338  
0.056249  3.65141  0.0702141  
0.390019  0.345308  3.34031  
0.250035  0.183242  4.36391  
0.919523  0.227523  2.22691  
0.39516  0.0984234  4.49436  
1.91952  0.0523788  0.844801  
0.368956  1.86825  0.498854  
1.88621  0.0472651  0.873467  
0.0677524  0.549666  4.94946  
0.796068  0.0757907  3.75725  
1.29123  0.0551569  2.81013  
0.965343  0.205906  2.40209  
0.119211  1.91071  2.20536  
0.303216  0.0581804  5.52602  
1.12007  0.166352  1.59214  
1.79165  0.0602786  0.995524  
1.2998  0.0539599  3.12467  
1.55141  0.0501197  3.16721  
0.105037  3.08993  0.450017  
0.830257  0.374117  1.37162  
0.120997  1.07548  2.71049  
0.0906943  3.23113  0.102863  
0.0404636  3.53434  2.13108  
0.0761564  3.16254  0.726634  
1.45471  0.202009  0.696806  
1.21366  0.0527935  4.7857  
1.48408  0.161319  0.974586  
1.20287  0.407139  0.61066  
0.56515  1.29336  0.862764  
1.37044  0.25742  0.580461  
0.0698786  3.37946  0.835419  
1.08065  0.13894  1.88011  
0.0560009  0.139368  5.57066  
0.047498  1.49158  3.45885  
1.18266  0.0839081  2.39635  
0.330058  0.441211  3.52359  
1.67901  0.10002  0.0792178  
0.297306  0.076353  4.92225  
0.325808  1.94341  0.904225  
0.888283  0.265931  1.97165  
0.237613  0.140212  4.58518  
0.437293  1.58173  0.610157  
0.574888  0.636661  2.19176  
0.228548  0.200505  4.26965  
0.0602842  3.75106  0.0580988  
0.079629  2.27346  2.30238  
0.263514  2.12383  0.91853  
0.184963  2.54155  0.533965  
0.136166  0.352457  3.99622  
1.40879  0.213044  0.989619  
0.162037  0.824754  3.56345  
1.83137  0.0597242  0.796005  
0.152048  0.239391  4.69609  
0.138762  2.73534  1.03919  
0.116356  0.074246  5.26469  
0.695067  0.451123  2.4267  
1.46238  0.213444  0.242164  
1.44281  0.231256  0.0509498  
0.117728  3.01885  0.0627835  
0.298142  2.00288  1.0455  
0.382428  1.81545  0.187002  
1.2761  0.08122  1.84576  
0.280092  0.13093  4.24042  
0.722074  0.0819355  3.65207  
0.296692  0.0893602  4.80687  
0.122911  0.0976522  4.97509  
0.289795  0.14643  3.83744  
0.680916  1.12617  0.0498293  
0.0945099  3.18875  0.0651146  
1.82258  0.0548521  0.815994  
0.928384  0.236471  2.10891  
1.54414  0.138131  1.09504  
1.81583  0.0723316  0.0488092  
0.0802523  3.2144  0.345225  
0.0569195  0.121995  5.33488  
0.950319  0.645311  0.750372  
0.0575128  3.71862  0.060601  
0.0916667  2.06751  2.37711  
1.25478  0.0687015  2.13237  
1.34382  0.290716  0.309474  
0.0911263  3.12389  0.718607  
0.281284  0.514526  3.31482  
1.84262  0.0696845  0.0494432  
0.91199  0.721442  0.937369  
1.41925  0.233853  0.614109  
0.066112  0.145531  5.21474  
0.881569  0.776253  0.038777  
0.0400225  3.59839  2.17269  
0.0916126  2.41156  1.51397  
0.64384  1.24845  0.0876034  
0.0714846  0.110736  5.29713  
0.0625139  3.58462  0.0530915  
0.0843977  0.571497  3.78911  
0.489198  0.811551  1.81657  
0.255141  0.181094  4.31368  
0.0533405  3.81334  0.0630929  
0.810427  0.884771  0.528546  
0.823108  0.27537  2.16938  
0.0792942  0.106331  5.17796  
0.446137  0.936045  1.6712  
0.989571  0.636903  0.592967  
1.39497  0.284554  0.0627968  
1.55506  0.132341  1.21664  
0.433334  0.335385  3.09833  
1.31942  0.0591035  2.5974  
0.220806  2.31736  0.792841  
0.594621  1.22752  0.573048  
0.155061  0.215945  4.15559  
1.90142  0.0525373  0.22531  
0.335802  2.01794  0.269198  
0.193464  2.38431  1.02391  
0.132281  2.85575  0.302779  
0.232936  1.34302  2.11492  
0.408682  1.7618  0.0927943  
0.113181  3.0408  0.0731604  
0.0686702  1.61086  2.84118  
1.77525  0.0853215  0.0887598  
0.115109  1.04901  2.81692  
0.587214  1.31124  0.280441  
0.14581  2.67551  0.755316  
0.0941408  0.108053  5.09505  
0.2874  0.467997  3.47632  
0.479233  1.6274  0.0723252  
1.28049  0.34912  0.315278  
0.86742  0.28652  1.96283  
0.244438  0.130634  4.60955  
1.69686  0.0923586  0.479233  
1.69241  0.0976591  0.581829  
0.425269  0.926761  2.24243  
0.109193  2.92363  1.17522  
1.78592  0.07113  0.283628  
1.70796  0.083009  1.23124  
0.727731  0.456505  1.60585  
0.856332  0.864969  0.0601803  
0.235266  2.29225  0.294081  
0.364438  0.427448  3.18161  
0.0516485  3.67332  0.0838088  
0.143016  1.82504  2.00151  
1.23845  0.388554  0.0480522  
0.215593  0.157123  4.74998  
0.162539  0.294973  4.05105  
0.19883  2.45594  0.450063  
1.74687  0.0760655  1.22818  
1.85144  0.0617308  0.27449  
1.62853  0.116401  0.598393  
0.750627  0.423333  1.48867  
1.80257  0.0606364  0.485318  
0.113151  0.359288  4.17221  
1.22931  0.402551  0.431731  
0.903874  0.324271  1.47288  
1.19165  0.410987  0.214027  
1.91122  0.0535423  0.121824  
0.261756  2.18097  0.444287  
0.133287  0.332487  4.67853  
0.706459  0.439449  2.29404  
0.255116  2.1641  0.765238  
0.116148  1.03601  3.24076  
0.896332  0.731547  0.169513  
0.0533388  1.45837  3.96298  
1.56168  0.143984  0.247325  
0.206308  2.47932  0.190446  
0.306118  0.0576505  5.50258  
0.999614  0.671471  0.153471  
0.229223  1.42745  2.18576  
0.336307  1.14609  1.82217  
0.252219  1.36647  2.09638  
0.183434  0.239717  4.07727  
1.05365  0.524327  0.951715  
1.65723  0.148373  0.112588  
1.64124  0.0998965  1.0597  
0.355923  0.560917  2.65553  
1.7197  0.0873735  1.08275  
0.174863  2.56869  0.74503  
0.113573  0.381544  4.02235  
0.417497  1.6591  0.813107  
0.217336  2.41779  0.165557  
0.342106  1.84682  0.831023  
0.0770655  0.0983264  5.2357  
0.247782  2.24772  0.427129  
1.67066  0.0976056  0.689186  
0.508238  0.217969  2.71601  
1.47364  0.175551  1.24575  
1.14758  0.151661  1.27681  
1.32922  0.297709  0.391908  
0.179667  2.48661  0.882784  
0.090052  2.44063  1.33472  
1.1903  0.0714063  2.2774  
0.049759  3.68656  1.2416  
0.0570143  3.31599  2.63066  
0.147895  0.894718  3.30198  
0.716584  1.02464  0.704194  
0.213901  0.168874  4.73437  
1.5054  0.19725  0.162503  
0.16049  2.58888  0.903129  
0.768858  0.968203  0.0914009  
1.64307  0.124974  0.41797  
1.42058  0.213119  0.964099  
0.272596  1.31748  1.76087  
0.836482  0.880661  0.0945096  
1.42902  0.204257  0.433756  
0.579757  0.667748  1.89232  
0.0862954  3.25905  0.099711  
0.223389  2.36674  0.437393  
0.0535208  3.75985  0.0596018  
0.0967605  3.10654  0.0492075  
0.0860946  1.1842  3.62243  
1.58199  0.129007  1.10416  
0.669762  0.582454  1.40779  
0.11057  3.00125  0.386886  
0.969222  0.203118  2.40623  
1.7264  0.0932102  0.440748  
0.159081  1.63756  2.44118  
0.762556  1.01668  0.0603076  
0.054664  1.48174  2.99947  
0.0664994  2.77721  1.26896  
1.7601  0.0791091  0.351563  
1.17452  0.0936613  1.77145  
0.550674  0.72181  1.41544  
1.73642  0.0790588  0.669595  
0.841994  0.858356  0.402687  
0.677995  1.17169  0.337508  
1.13944  0.439874  0.683193  
0.332841  1.98467  0.418102  
0.796848  0.834854  0.772846  
0.764012  0.998265  0.107651  
0.656852  1.15407  0.516451  
0.152955  0.0798628  5.11921  
0.229801  2.34012  0.0627763  
0.454468  0.872613  1.84994  
0.813365  0.391557  2.34525  
0.0927754  3.13994  0.235104  
0.849612  0.069768  2.5821  
0.109522  3.06509  0.069283  
0.742055  0.448717  1.48107  
0.32304  0.508418  2.754  
0.803344  0.0830306  2.46173  
1.60411  0.122446  0.940831  
0.293483  0.135936  3.87679  
0.721448  1.04358  0.453946  
0.408823  1.71681  0.678076  
0.253811  2.23518  0.167852  
0.208882  2.3989  0.649939  
0.132907  0.897295  3.49814  
0.936218  0.224601  2.4331  
0.731572  0.435594  1.63976  
0.504774  0.778997  1.77853  
0.137041  2.81075  0.564892  
1.63474  0.11082  0.881628  
0.815779  0.0705907  3.2822  
0.578199  1.26598  1.07442  
1.43502  0.0742444  1.27114  
0.239632  0.656221  3.38467  
1.71185  0.0812211  1.11243  
1.21697  0.399183  1.14025  
0.666785  0.0962626  3.14712  
0.343762  1.9252  0.194238  
1.58529  0.120546  1.08319  
1.01933  0.630339  0.260498  
0.280624  2.1521  0.157735  
0.14975  2.64953  1.2307  
0.353272  0.50204  2.83951  
0.238593  1.47433  1.98975  
1.16498  0.404598  0.676922  
0.060835  0.728442  3.84636  
0.145163  1.72816  2.26842  
0.592546  0.651958  1.80144  
0.154362  2.7905  0.0557662  
0.686206  0.494691  1.88697  
1.0889  0.489414  0.908843  
0.0652385  3.39369  1.31737  
0.13937  0.839825  3.50532  
0.623631  0.249567  2.54695  
1.05609  0.569244  0.0464273  
0.0686283  3.33283  1.17768  
1.50957  0.18853  0.116159  
0.17801  2.49793  0.545123  
0.516677  0.30662  2.55107  
0.0506641  3.40646  1.91618  
0.736906  0.474805  1.30094  
0.460662  0.262893  3.62939  
1.15769  0.107635  1.24615  
1.06638  0.567657  0.0815426  
0.942546  0.230033  2.04233  
1.91695  0.0429711  1.13237  
0.314185  0.593343  2.67068  
0.167781  2.69322  0.0853684  
0.207907  2.35881  0.776308  
1.49392  0.175226  0.789681  
0.265923  0.589371  3.21158  
0.308913  0.469723  3.25759  
0.0837252  2.26224  2.32648  
1.52115  0.189891  0.0489244  
0.460986  0.847036  2.07156  
0.338379  1.97652  0.0655796  
0.0979055  2.3037  1.26321  
1.40227  0.263606  0.0614727  
1.34131  0.31662  0.214155  
1.62233  0.109112  1.11727  
0.39898  1.0096  1.65235  
0.449919  1.5892  0.453518  
0.661572  1.22027  0.195502  
1.52447  0.14774  1.20227  
0.779724  0.947421  0.32724  
0.383682  0.104616  4.39904  
0.358935  1.89581  0.176131  
0.26608  1.33471  1.97977  
0.186277  1.6852  1.40126  
0.125891  2.88037  0.306183  
0.165624  2.71408  0.0976041  
1.57466  0.126499  1.18813  
0.138545  0.477859  3.67518  
1.13202  0.474513  0.384842  
1.08821  0.519028  0.253399  
1.53169  0.182872  0.138725  
0.0628241  2.70853  1.42619  
0.623689  0.601914  1.52678  
0.32435  1.16095  1.72511  
0.150251  2.7608  0.0909339  
0.315544  1.22681  1.69221  
0.636863  0.131455  2.74282  
0.26928  1.41115  1.47935  
0.0967474  1.16895  3.36644  
1.53797  0.179741  0.146852  
0.0774368  2.33155  1.72168  
0.497178  0.797827  1.7054  
0.10176  3.05789  0.70433  
0.65084  0.531311  1.65349  
0.465389  0.751484  2.06084  
0.323379  1.96332  0.508144  
0.652763  1.10986  0.632131  
1.76705  0.0757679  0.65812  
0.20707  1.56989  1.45881  
1.61075  0.117532  0.776619  
0.442601  0.919262  2.02254  
0.547412  0.145852  3.4199  
0.10492  1.17666  2.45503  
0.29865  1.20287  1.94216  
0.276527  0.646066  2.61217  
1.86492  0.0537601  1.35842  
0.096485  0.121387  4.83849  
0.0532967  3.28666  3.06544  
0.130016  2.80801  0.936563  
0.212522  0.700163  3.08134  
0.524958  0.763382  1.54249  
0.13064  2.82968  0.509514  
1.07294  0.542774  0.931246  
1.73396  0.0983351  0.357563  
0.468355  0.311876  2.51579  
0.19121  2.43405  0.545065  
0.378055  0.363726  3.58845  
0.110022  0.113849  4.88452  
1.87625  0.0650967  0.142713  
0.427974  1.64886  0.983655  
0.102899  0.443034  3.94148  
0.613081  1.19826  0.532035  
0.139178  2.83067  0.401707  
1.59338  0.154305  0.135904  
0.0726633  3.31204  0.752814  
0.476547  1.5325  0.139043  
1.36435  0.273302  0.33346  
0.0509008  3.50018  0.37562  
0.225667  0.688256  2.91886  
0.233003  0.179043  4.38145  
0.0644815  0.129915  5.32262  
0.60824  1.28444  0.060985  
0.511865  1.46377  0.28752  
0.371022  0.0717981  4.6557  
0.604234  1.26009  0.560736  
0.188906  2.51879  0.061732  
1.21085  0.415148  0.0974087  
0.0994016  2.08858  1.37912  
0.636798  1.28235  0.0720298  
0.256104  2.21262  0.321805  
0.699673  1.11228  0.374368  
0.124065  2.87242  0.540079  
0.818607  0.395712  1.39396  
0.328953  0.111828  4.1267  
0.558269  1.39003  0.157661  
0.0839152  3.35589  0.135272  
0.0740212  3.26354  0.586107  
0.474805  1.64838  0.0685942  
0.0553114  3.51765  0.263901  
1.5703  0.168115  0.055027  
1.01165  0.577556  0.798716  
0.0604807  2.90396  2.23322  
1.02581  0.176256  1.25931  
0.983556  0.576513  1.15004  
0.271997  2.18727  0.17698  
1.29755  0.307351  0.297624  
1.03313  0.127086  2.35921  
0.530546  1.49894  0.0929821  
0.197103  0.660444  3.57106  
1.33471  0.068658  1.70699  
0.542465  1.43434  0.0908328  
0.277787  1.38687  1.43641  
0.30564  0.110182  4.42743  
0.873912  0.790355  0.316433  
1.10629  0.508409  0.336691  
0.154578  0.0814112  4.85832  
0.565104  0.681164  1.83634  
1.24734  0.36576  0.270186  
0.0798526  0.104818  5.16326  
0.421881  1.70106  0.0441384  
0.291831  2.10183  0.478319  
0.192557  0.788442  3.19739  
0.0903357  3.29275  0.0541851  
0.493672  0.80432  1.70746  
0.35102  1.88339  0.488756  
0.251119  0.64271  3.03432  
0.07128  3.34123  0.326772  
0.388826  0.985689  2.08793  
0.275546  0.488998  3.60139  
1.0374  0.612699  0.0578638  
1.36819  0.242214  0.852398  
0.3926  1.08461  1.42929  
1.10254  0.537821  0.0594511  
0.560952  1.44856  0.0713596  
0.16169  2.68233  0.230584  
0.336956  0.108822  4.29255  
0.665977  1.19117  0.383786  
0.189584  0.246323  4.03376  
0.173357  0.843355  3.26904  
0.433219  0.950806  1.74064  
0.30545  2.11013  0.113724  
0.0636958  1.67376  2.69131  
0.0929983  3.20041  0.0620445  
0.638851  0.596037  1.62772  
0.863726  0.331105  1.48865  
0.177254  2.58181  0.0619297  
0.715595  0.0703458  4.43793  
0.626609  0.209731  2.51218  
0.279584  0.151679  3.73699  
0.421113  0.35837  2.76707  
0.163279  2.73046  0.0529701  
0.416173  1.69932  1.11892  
1.8583  0.0640232  0.241863  
0.430522  1.63228  1.16422  
0.59847  0.679705  1.31594  
0.0500316  3.70957  0.208167  
0.462989  0.956633  1.53759  
0.278984  1.29867  1.77417  
0.127283  2.89543  0.132047  
0.213659  0.76889  2.93057  
0.12778  2.86081  0.310224  
1.04607  0.543592  0.63017  
0.266417  2.22229  0.274135  
0.974085  0.650595  0.46835  
1.11423  0.47282  0.640933  
1.32205  0.325188  0.0936741  
0.317556  1.14801  1.91671  
0.71079  1.09161  0.802463  
1.04275  0.583302  0.561552  
0.185629  0.444652  3.92582  
0.0851954  3.27663  0.0699529  
0.503372  0.693713  2.25601  
0.26936  2.07465  1.12193  
0.107537  1.11457  3.40638  
0.356314  0.991424  1.95267  
0.503519  0.740773  1.84742  
1.61567  0.148795  0.148183  
1.06859  0.556748  0.0502528  
0.539605  1.40566  0.272028  
1.02224  0.564233  0.804796  
1.0967  0.129422  1.99592  
0.476213  1.5237  0.783852  
1.03228  0.624717  0.0584592  
0.592505  0.7092  1.29335  
1.00614  0.592824  0.367045  
1.49283  0.20168  0.148505  
0.550597  0.596233  2.32509  
0.505135  0.301989  2.78768  
0.148801  1.73716  2.03683  
0.193468  0.320785  3.76723  
0.09264  1.39839  2.68697  
0.245184  0.122848  4.63917  
0.293903  2.13584  0.116038  
0.0630918  2.45174  2.46917  
0.154204  1.81631  1.74326  
0.102069  2.98533  0.83033  
0.932167  0.22644  2.38296  
0.274194  0.605471  2.63351  
0.641144  0.538834  2.35107  
0.0567935  3.69873  0.0611292  
0.173598  1.6026  1.94759  
0.0973619  2.20075  1.32139  
0.0850521  3.15027  0.190266  
0.222737  1.56869  2.01901  
1.17106  0.430415  0.256057  
0.403041  0.402985  3.04945  
0.0940365  2.99171  1.1458  
0.283888  0.113224  4.62561  
0.444095  0.867947  2.02688  
0.374635  0.368746  3.59296  
1.87427  0.0533608  0.738395  
0.933096  0.695581  1.20471  
0.346242  1.9165  0.39895  
0.894195  0.305836  1.49106  
0.485129  0.107711  3.70071  
0.344504  0.385359  3.36977  
0.370079  1.83111  0.365598  
0.290072  1.25859  1.64201  
1.15343  0.472498  0.0581065  
0.371373  1.96427  0.124327  
0.774865  0.909859  0.496572  
0.405643  0.0867022  4.46599  
0.5441  1.35533  0.678987  
0.548883  0.139135  3.43999  
0.615282  0.125528  3.3978  
1.75411  0.0955491  0.0941206  
1.11448  0.0560782  4.74465  
0.147875  2.01346  1.40313  
0.153535  1.88003  1.32765  
0.521697  0.788848  1.28413  
0.583578  0.657266  1.9249  
1.80115  0.0793242  0.0605988  
0.874681  0.297993  1.61579  
0.193284  0.683455  3.11133  
0.709921  1.09557  0.0552931  
0.0563008  3.82511  0.0530961  
0.311662  0.115561  4.1222  
0.221773  2.39258  0.370691  
0.451559  0.0994755  3.9152  
1.16887  0.460731  0.207102  
1.04882  0.608589  0.0618616  
0.446797  0.959945  1.28858  
0.256461  1.32456  2.2295  
1.24449  0.0867651  2.08762  
0.167534  0.821964  3.44522  
0.307464  2.07856  0.75883  
0.0756033  3.40811  0.220144  
0.452762  1.56273  0.397859  
0.334149  1.89362  0.785297  
1.01033  0.638728  0.126826  
0.383878  1.75156  0.646175  
0.747931  0.923112  0.562452  
0.49522  0.818958  1.61707  
0.455786  1.5319  0.715074  
0.273785  1.46114  1.44811  
1.07742  0.529609  0.747138  
0.53509  0.685494  2.05554  
0.600065  1.2146  0.733665  
0.214125  0.164804  4.48157  
0.84433  0.300502  1.71583  
0.980249  0.615787  0.642773  
0.201596  2.51169  0.0486204  
0.413181  1.74769  0.247578  
0.594111  0.179557  3.01687  
0.689949  0.523076  1.48702  
1.86845  0.0546085  1.24195  
1.13484  0.47759  0.381232  
0.498584  1.52879  0.0581311  
0.395528  0.483433  2.56298  
0.654072  1.26802  0.0781271  
