0.0353852  3.92103  0.0787133  
0.0485099  0.0428241  5.93989  
0.214896  2.38239  0.0386536  
1.99934  0.0487263  0.0477434  
0.0464003  0.474189  6.04506  
0.0390655  3.71375  0.259014  
0.0570953  0.116859  5.68174  
0.0386869  2.04029  5.78601  
0.0496603  3.81401  0.0484853  
0.0513536  3.59721  0.0949627  
0.0356815  3.84891  0.0492319  
0.100364  0.0547336  5.16731  
0.0443541  3.89507  0.047752  
0.0908906  0.0589357  5.60127  
1.96433  0.0503964  0.056435  
1.98653  0.0561288  0.0554175  
0.0707549  0.140851  5.25407  
0.0526346  3.66102  0.0437388  
1.03359  0.179384  1.92451  
0.0497182  2.40924  2.18201  
1.89533  0.0598502  0.690688  
0.246128  0.594163  3.62199  
0.0655608  2.35398  1.69005  
1.93528  0.0587664  0.302573  
0.0756977  3.1888  0.16265  
1.76046  0.0834328  0.284305  
1.67989  0.100103  0.491361  
1.87288  0.0744026  0.0599606  
0.0554702  3.54641  0.0405526  
0.183109  2.42843  0.969996  
0.0901826  0.102331  4.9282  
0.0786325  0.11088  5.03943  
0.44044  1.67215  0.20261  
1.78493  0.0950098  0.0926747  
1.66765  0.111801  1.05866  
0.299843  2.01681  0.434751  
1.82078  0.0675159  0.648102  
1.69794  0.118536  0.122097  
0.112437  2.91152  1.08856  
1.40887  0.245415  0.181869  
0.085129  3.14207  0.0612589  
0.17825  0.182471  4.50164  
0.900254  0.748253  1.13103  
0.0738927  0.12557  5.09718  
1.1135  0.11665  2.34441  
0.613392  0.0987514  3.56993  
0.0478169  0.630962  5.0152  
0.110495  2.94778  0.583492  
0.591153  0.193119  3.34909  
0.206936  0.320345  3.7065  
0.805112  0.33621  2.26641  
0.534862  0.198188  3.13212  
0.0917213  0.0906812  5.32986  
0.0716418  3.25332  0.294419  
0.14166  0.299402  4.69473  
0.230108  0.127978  4.77672  
0.170323  1.60708  2.14721  
0.270981  0.144765  3.9796  
0.0451103  1.39982  3.50431  
0.0680814  2.45311  1.39592  
0.0644285  3.3625  0.709523  
1.77778  0.0996784  0.0597986  
1.6306  0.140072  0.112081  
0.0501501  3.5095  0.865574  
0.0583455  0.568319  4.07795  
0.130697  2.79138  0.852265  
0.106596  2.9254  1.04275  
0.366907  1.94399  0.0874977  
1.39219  0.0802896  1.26979  
1.49186  0.190982  0.93918  
0.735552  0.0883186  2.97254  
0.248761  2.15008  1.1601  
0.35223  0.0599486  4.37703  
0.103788  1.90931  1.35343  
0.172513  0.249653  4.30207  
0.0470326  1.47484  2.8617  
1.09887  0.525916  0.47499  
0.0540936  0.126868  5.8677  
0.217209  0.291741  3.69078  
1.24022  0.0935405  2.01755  
0.0789607  2.30463  1.56469  
0.114493  3.00355  0.0510295  
0.376588  1.02268  1.53908  
0.684007  0.546626  1.46166  
0.522044  0.143851  3.74898  
0.45628  0.255817  3.37268  
0.448173  0.0668463  4.03214  
1.92175  0.0599687  0.243571  
0.126135  1.84233  1.66665  
0.115992  2.89438  0.0897524  
0.404432  0.11062  3.76865  
0.465669  0.274999  3.16753  
0.268222  0.140646  4.24383  
0.388329  0.999724  1.74497  
0.765207  0.965912  0.338145  
0.0865211  0.0947345  5.29221  
1.08516  0.536113  0.625916  
0.491432  0.827934  1.58926  
1.09983  0.126171  1.88666  
0.745198  0.0606974  3.02539  
0.107731  2.96027  0.18457  
0.304954  2.07084  0.0984081  
0.212367  2.38602  1.03572  
1.83964  0.0833563  0.0631153  
0.0798974  0.517501  4.02412  
0.0553775  2.37965  1.82592  
0.0530217  3.42472  0.103126  
0.99251  0.61505  1.17459  
1.65269  0.118833  0.315742  
1.80436  0.0750586  0.518061  
0.159658  2.62539  0.953722  
0.25493  0.0991451  4.82926  
0.151636  0.344063  4.09125  
0.0849015  3.08631  0.903612  
1.22445  0.0790629  2.07861  
1.28327  0.322362  1.21548  
0.296821  0.0647258  4.55619  
0.137189  0.947336  3.03899  
0.697376  1.11278  0.559679  
0.279019  0.0699126  4.80345  
1.91477  0.0657977  0.057822  
0.651528  0.495812  1.88757  
0.443294  0.315634  2.90942  
1.94802  0.0561275  0.344278  
0.714162  1.04085  0.419692  
1.59064  0.135712  1.12874  
0.224558  0.171725  4.42326  
0.632074  1.2605  0.265464  
0.158655  0.0821083  4.97421  
1.46895  0.202877  0.761381  
0.172289  2.55818  0.9244  
0.0890031  3.21765  0.0525864  
0.288333  1.17358  2.32346  
1.50831  0.184822  0.908277  
0.168103  0.338358  3.66098  
0.281326  0.121061  3.91655  
0.215485  0.191376  4.27219  
0.372006  1.828  0.220188  
0.640982  1.19417  0.306958  
0.117449  0.272478  4.88855  
1.15472  0.13317  1.81684  
0.070659  1.36318  3.55292  
0.643894  0.557122  1.43792  
0.946812  0.219901  2.25263  
0.54797  0.175625  3.41139  
1.58501  0.140881  0.749408  
0.402551  1.72941  0.470886  
0.727773  0.408512  1.77284  
0.224577  2.28382  1.06992  
0.272117  0.518513  3.19583  
1.72171  0.120237  0.0968685  
0.476438  0.826666  1.85672  
0.164054  2.58824  0.958658  
0.0558677  0.639095  3.63876  
0.342241  1.86439  0.638353  
0.502929  0.76405  1.72653  
0.135747  0.888391  3.11462  
0.425613  0.296586  3.52931  
0.394674  1.69149  1.0825  
0.178586  2.60059  0.0490901  
0.892858  0.775313  0.892855  
1.90127  0.066153  0.0551838  
0.758583  0.91644  0.596895  
0.610479  1.27464  0.163904  
1.80244  0.0987485  0.0661988  
1.82593  0.079942  0.0666278  
1.41968  0.225394  1.01957  
0.30849  1.12605  2.13665  
0.88859  0.255699  2.00301  
0.227854  0.177141  4.33358  
0.225924  0.165911  4.48464  
0.283225  0.0699618  4.73056  
1.31658  0.124081  1.30761  
0.982042  0.650985  0.936031  
0.0723444  3.33591  0.209381  
0.096909  0.422057  4.74548  
0.176248  0.840432  3.17562  
0.142158  1.88112  1.32409  
1.34114  0.302321  0.112132  
0.0663682  3.3835  0.122865  
0.679146  1.09095  0.686548  
1.36278  0.271638  0.678578  
0.877024  0.786141  0.181918  
0.337836  1.97922  0.730504  
1.03904  0.579013  0.704835  
1.02071  0.68815  0.128712  
0.720758  0.42782  2.29683  
0.179545  2.57548  0.288274  
0.0555006  3.54081  0.0824911  
0.922614  0.250308  1.97413  
0.416931  1.65981  0.240131  
1.73311  0.119995  0.0688037  
1.7138  0.102102  0.486983  
0.0576616  2.80406  1.48059  
0.0446854  3.47434  1.25059  
0.193355  0.206891  4.21194  
0.541816  1.37149  0.485534  
0.173475  2.63732  0.11064  
0.294181  2.1064  0.0495948  
0.143552  2.74342  0.0409423  
1.54787  0.177674  0.240304  
1.16834  0.449919  0.392075  
0.264647  2.17991  0.639015  
0.551239  0.675252  1.98531  
0.134999  2.76715  0.823726  
0.243541  1.30932  2.39477  
0.170774  2.6569  0.0465378  
0.904752  0.233747  2.04789  
1.53584  0.165219  0.528588  
0.124197  2.83401  0.880506  
0.200127  2.52098  0.104051  
0.335108  0.437091  3.22208  
0.059481  3.39935  0.508113  
1.37001  0.0627069  1.62617  
0.0450189  3.81994  0.0886058  
0.459289  1.55409  0.669169  
1.19927  0.0974586  1.86526  
0.207772  0.709934  3.2927  
1.21617  0.430859  0.0902846  
1.05531  0.147823  1.55088  
0.0625736  0.143079  5.51155  
0.0634533  3.45354  0.0751425  
0.0671427  3.30668  0.403781  
0.0963109  3.02368  1.20658  
0.0629237  0.16189  5.40036  
0.364339  1.81757  0.93472  
0.996976  0.188712  2.0318  
0.409545  0.880398  2.20868  
0.457494  1.58677  0.171059  
1.51717  0.209416  0.230014  
0.0847976  3.2341  0.0476299  
0.847125  0.306943  2.11975  
0.239968  0.169609  4.17089  
0.0762105  3.10146  0.861664  
1.70471  0.115025  0.24682  
0.0469296  0.715577  4.13816  
0.38202  0.35601  3.31506  
0.604428  1.34077  0.132635  
0.266532  2.21093  0.047804  
0.122028  2.84689  0.882221  
1.3741  0.265226  0.97886  
0.0773845  0.101725  5.43022  
0.343802  1.01827  2.30408  
0.510981  0.746167  1.57626  
0.196145  1.58299  1.83658  
1.18657  0.39107  0.833403  
0.462546  1.53649  0.399689  
0.969147  0.645807  1.21866  
0.201678  1.5651  2.2984  
1.61085  0.133481  0.720399  
1.22946  0.353722  0.803547  
0.0899334  3.06928  1.04729  
0.190483  0.891248  2.67265  
0.098449  3.04588  0.0563436  
0.263247  2.19167  0.0978713  
0.0516402  2.47456  2.09047  
0.0422399  1.23959  5.82316  
1.42498  0.216272  0.517381  
0.0497115  3.6247  1.19846  
0.0515645  3.64827  0.0771861  
0.117297  2.87198  1.19208  
0.142731  1.11855  2.51715  
0.913944  0.739287  0.883201  
0.532495  1.41678  0.481267  
0.852127  0.0551759  2.60655  
0.213474  1.49613  1.71483  
0.290448  2.12577  0.25032  
0.831311  0.815718  1.07036  
0.683896  0.469088  2.23211  
0.562064  0.656148  2.02687  
1.64064  0.11744  0.602676  
0.356665  0.46229  2.64878  
0.228191  2.34375  0.320303  
1.95411  0.062632  0.0582213  
0.471944  0.0564073  3.85802  
0.066619  2.25071  2.21914  
1.84733  0.0572264  2.36684  
0.0667764  3.19681  0.826197  
1.45653  0.212662  0.15686  
0.0615381  0.132674  5.53988  
1.5029  0.211476  0.0724356  
0.714772  0.542234  1.36587  
1.12001  0.514218  0.231703  
0.601115  0.150384  3.39755  
1.29659  0.364166  0.114909  
0.389761  1.71242  1.07725  
0.0835914  1.98676  1.61314  
0.950617  0.228498  1.46739  
1.05116  0.164479  2.35501  
0.235751  1.519  1.37221  
0.384643  0.120477  3.8089  
0.579315  1.24593  0.843987  
1.52396  0.187438  0.619853  
1.60161  0.146223  0.500572  
1.48052  0.225676  0.061401  
0.284549  2.08804  0.961367  
1.86645  0.0697697  0.274381  
0.45179  0.903492  1.26428  
0.326131  1.22024  1.33846  
0.271493  2.15964  0.0767217  
0.474838  0.797572  2.06487  
0.872353  0.802485  0.729505  
1.14518  0.423037  1.19234  
0.197005  0.687553  3.48138  
0.0816536  1.31327  2.67008  
0.209836  2.50455  0.0562561  
0.964366  0.23147  1.3281  
0.162285  1.74795  1.52169  
0.67321  0.477889  1.67939  
0.86675  0.348816  1.95213  
0.127541  2.77295  1.15136  
0.112294  0.396665  4.3539  
0.360061  1.90985  0.54954  
1.24986  0.397797  0.209087  
0.621158  0.535957  2.06444  
0.397932  0.325492  3.26192  
0.316981  0.505836  3.0942  
0.0768877  0.332984  4.97963  
0.425993  0.864115  2.16651  
0.222969  0.160726  4.62357  
0.528975  1.44573  0.0486158  
0.0939258  0.0547582  5.36658  
0.08449  3.27902  0.0562677  
1.31138  0.0880628  1.40927  
0.244998  0.12617  4.83816  
0.243116  0.616952  2.75415  
0.341091  1.96972  0.158181  
0.662314  1.18007  0.193241  
1.41449  0.223706  1.18505  
0.0630729  3.30815  0.865574  
0.858094  0.812904  1.22435  
0.0435345  1.45772  2.94086  
1.20869  0.398968  0.532059  
0.808092  0.99067  0.0797022  
1.06266  0.562245  0.618011  
0.160796  0.3021  4.17534  
0.351955  1.92077  0.524577  
0.0421242  1.3992  3.95239  
0.260051  2.22003  0.273176  
1.15965  0.10889  2.3821  
1.30448  0.303973  0.889107  
0.7826  0.953611  0.14821  
0.151614  2.69204  0.351093  
1.17583  0.405372  0.835659  
0.101699  2.97658  1.19117  
0.153879  2.7326  0.0835256  
0.178552  0.862967  3.06625  
0.10043  0.474696  4.12873  
1.26924  0.330723  0.697765  
0.434877  1.61691  0.940831  
0.362057  1.10046  1.26702  
0.333072  1.95684  1.26805  
1.19321  0.463318  0.118682  
0.704352  1.05851  0.41239  
0.647045  0.112047  2.77912  
0.482942  1.50921  0.511336  
0.220402  2.315  1.11051  
0.0919367  3.12165  0.0386993  
0.155632  0.286306  4.62183  
0.0455067  2.53252  2.12855  
0.784116  0.877779  1.22858  
0.46557  0.0892603  3.88358  
1.85975  0.0720629  0.579675  
0.0778974  3.1386  0.445626  
0.0563904  0.610484  3.84191  
0.141162  2.70719  0.53678  
0.243156  2.24208  0.772917  
0.105339  1.13714  2.84014  
0.0685281  2.4971  1.2568  
0.885052  0.779154  0.99974  
0.0735843  3.33949  0.0775897  
0.0566607  3.27513  1.23976  
0.795248  0.09391  2.92824  
0.246157  0.15378  4.59074  
0.277363  0.0870017  4.87077  
1.4325  0.24135  0.0494812  
0.0616048  0.131554  5.57362  
0.0526563  3.48916  0.916316  
1.01317  0.575118  0.99451  
0.233132  1.52965  1.34191  
0.497365  1.48556  0.246936  
1.06766  0.58558  0.176249  
0.235654  2.2627  0.710528  
1.23553  0.412557  0.0630523  
0.673376  1.2094  0.132774  
0.815628  0.850165  1.17524  
0.118613  2.82594  1.11486  
0.586348  0.668906  1.80835  
0.353464  1.9251  0.268031  
1.35694  0.0629179  2.37397  
0.936441  0.238149  1.80364  
0.0567361  0.116803  5.82367  
0.154017  1.7259  1.7335  
0.0989781  3.03064  0.233806  
0.926679  0.0706357  2.53314  
1.55832  0.174227  0.0530578  
1.04664  0.204137  1.31207  
0.116948  0.38448  4.45142  
1.43193  0.242124  0.353909  
0.827112  0.858189  0.604345  
0.0943407  3.06356  0.421568  
0.0525286  0.131851  5.88912  
0.59614  0.176665  2.62022  
0.1013  1.16149  2.5783  
0.570306  1.39285  0.0708288  
0.160083  2.67454  0.380137  
1.74992  0.0910418  0.791585  
0.116849  2.98582  0.047278  
0.249376  0.153012  4.66158  
0.514487  0.726251  1.95623  
0.100694  1.22923  2.46011  
0.355394  1.80587  1.0252  
0.30224  2.09122  0.102206  
0.0962567  2.05777  1.49614  
0.796524  0.353781  2.41509  
0.102018  1.0857  2.88095  
0.753745  0.10418  2.56029  
0.162724  1.64202  1.63982  
0.243222  0.730418  2.59828  
0.346919  1.12277  1.24658  
0.175116  2.54314  0.919365  
1.12806  0.49893  0.496089  
0.0914605  3.1132  0.216689  
0.384569  1.70989  1.16313  
0.214255  0.175467  4.65833  
0.138785  0.9361  3.01463  
1.44518  0.234184  0.0837728  
0.360777  1.87957  0.370006  
0.433958  0.28268  3.4074  
0.538114  1.33418  1.07417  
0.774361  0.0741353  3.00426  
1.67223  0.115248  0.628807  
1.85524  0.0727256  0.447042  
0.505864  0.258928  2.82324  
0.145605  0.416142  4.21429  
0.0639707  3.41359  0.0648438  
0.360096  0.403861  2.95375  
1.27755  0.375216  0.136425  
0.68999  1.13585  0.224987  
0.27221  1.29342  1.646  
0.312001  1.11402  2.42467  
0.600621  0.571705  1.43072  
0.62307  0.0994716  3.25797  
0.0412164  3.62701  0.124866  
0.145613  2.66867  0.421943  
0.0978135  0.0549524  5.27189  
0.486468  1.50054  0.661968  
1.35333  0.0640611  1.78471  
0.177379  0.726878  3.27928  
0.0886679  0.0827941  5.48987  
0.0745405  2.32719  1.29463  
0.468992  1.63378  0.0732182  
0.223648  0.629378  3.43949  
0.51978  0.211983  2.88778  
0.277088  0.584679  2.74211  
0.23541  2.27301  0.927833  
1.44549  0.211065  0.60003  
1.46169  0.209781  0.156673  
0.269853  1.43768  1.41896  
1.00246  0.207072  1.51299  
1.28107  0.346332  0.571581  
0.0856832  0.0568066  5.79932  
0.332966  1.32513  1.29128  
1.1406  0.507104  0.069314  
0.0698517  0.123582  5.45066  
0.0456161  1.27964  5.11562  
0.127573  2.861  0.041398  
0.0605194  2.48517  1.39654  
0.517008  1.43042  0.329591  
1.5786  0.15549  0.254697  
0.692326  0.457352  2.08541  
0.941587  0.769176  0.101936  
0.581785  0.205709  2.67859  
0.973411  0.667443  0.797457  
0.0519618  2.46071  2.17334  
0.273949  2.12429  0.458945  
1.33328  0.325899  0.0812966  
0.429879  1.6391  0.36765  
0.753043  0.974102  1.14555  
0.409434  1.77715  0.110084  
0.0723307  2.12377  1.71757  
0.820739  0.822691  1.18257  
1.61881  0.144545  0.0577389  
0.394651  0.374967  2.58215  
0.790253  0.926155  0.266756  
0.159664  2.71403  0.0709708  
1.32431  0.313138  0.105315  
0.588659  1.3516  0.154059  
1.26184  0.371046  0.341259  
0.20428  0.905939  2.54298  
0.318186  0.0695529  3.94408  
0.37306  1.05473  1.63853  
0.635992  0.102193  2.99303  
1.57499  0.162583  0.237544  
0.147626  0.843801  3.22228  
0.293981  1.18851  1.80005  
0.838329  0.854835  0.0501237  
1.73982  0.0981306  0.118278  
1.53077  0.190765  0.0557946  
0.233556  1.35878  2.32952  
0.224949  0.656483  3.07855  
0.185887  2.48067  0.128459  
0.770347  0.375814  1.94441  
0.522281  1.42673  0.972826  
1.47562  0.192441  0.507219  
0.287371  0.625841  2.48157  
0.352127  1.78678  1.10918  
1.5526  0.173611  0.138985  
0.420205  1.75865  0.058227  
0.404981  0.089921  3.8978  
0.417021  1.69794  0.227006  
0.6592  1.16029  0.309434  
0.614064  1.29117  0.0996835  
0.313489  2.04783  0.0640835  
0.430219  1.62464  1.20266  
0.154325  0.971076  2.63816  
0.382147  1.7973  0.158954  
0.666782  1.13659  0.290121  
1.75146  0.0911959  0.285204  
0.722815  1.06973  0.0805616  
1.13562  0.486421  0.41811  
0.860628  0.377929  1.2867  
0.128559  1.04403  2.99087  
0.18177  0.235447  4.4323  
0.119138  0.384386  4.57858  
1.59815  0.157785  0.0552652  
0.957037  0.225698  1.93813  
0.241165  1.46136  2.15863  
0.0818259  0.0800443  5.55944  
1.64603  0.11729  0.723572  
0.51784  0.285503  2.72603  
0.14234  2.81827  0.059367  
0.499501  1.48671  0.180366  
0.705607  0.0979673  3.01073  
0.592913  0.600857  1.51185  
0.324521  0.504398  3.01635  
0.799039  1.01229  0.0831734  
0.918723  0.776275  0.178053  
0.593362  0.15804  3.47918  
1.13325  0.115553  1.93071  
0.0663045  1.44975  2.69935  
1.74479  0.0901211  0.868848  
0.697134  0.494027  1.52917  
1.38022  0.306798  0.0676096  
0.0670139  0.0716987  5.90946  
0.0555686  3.45842  0.100876  
0.848166  0.393681  1.48326  
0.296318  1.15363  2.4481  
0.0842145  2.23278  1.24798  
0.380715  1.84993  0.0549484  
1.1705  0.479751  0.140176  
0.410388  0.349746  3.24012  
1.35095  0.336632  0.0700143  
0.423141  0.982348  1.26276  
0.215873  2.33047  0.687346  
0.645565  1.2984  0.081941  
0.0606435  3.49671  0.0662051  
1.32668  0.0767625  1.49858  
0.976115  0.663203  0.928407  
0.749034  0.989443  0.383326  
0.298664  1.14818  2.43467  
0.318429  0.564322  2.47508  
0.0772028  1.35462  2.80191  
0.22885  1.57821  1.27343  
0.212649  0.301052  3.82253  
0.270688  0.502365  3.45543  
1.16556  0.470074  0.222985  
1.61441  0.141928  0.196876  
0.0677827  0.0716517  5.92311  
1.11712  0.532001  0.166299  
0.786277  0.910992  0.590862  
0.930957  0.703396  0.863119  
0.37933  1.78803  0.760839  
0.573924  0.678867  1.95453  
1.29743  0.38183  0.103029  
1.00794  0.661519  0.130718  
0.57619  1.38206  0.0746511  
1.56618  0.165969  0.251146  
0.146708  1.14466  2.49608  
0.0827109  1.28429  2.82966  
0.0846863  2.22357  1.49519  
1.12885  0.481221  0.647178  
0.628018  1.18307  0.447038  
0.291478  0.486503  3.23453  
1.00892  0.60445  0.679652  
0.567866  0.702135  1.32427  
0.73027  0.458716  1.269  
0.513023  1.46681  0.291511  
1.07835  0.158264  1.43683  
0.483049  0.310246  2.46753  
0.0578309  2.68716  1.80008  
0.511905  0.237844  3.3135  
0.884044  0.321447  1.36995  
0.335244  0.466673  2.80122  
0.402767  1.08276  1.27354  
0.928727  0.288412  1.5463  
1.20472  0.130601  1.29344  
0.721465  1.00615  0.506182  
0.181474  2.53997  0.951931  
1.56786  0.155331  0.825578  
