0.0362082  2.63626  2.17998  
1.42739  0.034184  1.58154  
0.0473528  0.0978373  6.02775  
1.55234  0.148899  0.035614  
0.0398892  4.01339  0.0573436  
2.04263  0.051517  0.0623699  
0.0437916  3.91954  0.0428568  
0.0401747  3.75738  0.300741  
2.03298  0.0451829  0.0680424  
1.98672  0.0468189  0.0859998  
0.0771417  0.0910109  5.56244  
0.0834663  0.0685948  5.41956  
0.0380297  2.14414  5.9098  
0.0722619  0.104863  5.2909  
0.0978571  0.0668299  5.44853  
0.0475747  3.66493  0.0729618  
0.050977  3.59728  0.0445839  
0.0422266  2.00183  4.88557  
1.71111  0.088056  0.139749  
1.58598  0.108412  0.435694  
1.65419  0.113218  0.0411863  
0.120377  2.86715  0.570781  
0.178812  1.55461  2.28022  
1.72079  0.0844613  0.0629768  
1.57687  0.127341  1.23579  
0.0674142  3.33138  0.53051  
1.45407  0.209394  0.746653  
1.88134  0.0576999  0.0478898  
1.74669  0.060614  1.14613  
0.782244  0.378235  2.01726  
0.190247  0.197974  4.20672  
0.217666  1.42343  1.96775  
0.0898051  0.0654459  5.81787  
0.354206  1.95744  0.0922767  
1.61096  0.133125  0.280783  
0.0845681  0.063941  5.86343  
1.93868  0.049375  0.0982092  
1.90383  0.0433231  0.163937  
0.0652178  3.37618  0.118409  
1.68035  0.106889  0.0462019  
1.37663  0.238992  0.933767  
0.152866  0.0706531  4.84253  
0.0816062  3.21197  0.157897  
0.0917205  3.10195  0.441121  
0.140853  2.82341  0.0655504  
1.95453  0.0376586  0.842061  
0.498427  1.58513  0.0680964  
0.0703668  1.29876  2.78643  
1.42974  0.22093  0.109201  
1.68446  0.10554  0.041342  
1.55517  0.135797  0.239795  
1.28859  0.0739694  1.46137  
1.26721  0.343943  1.21383  
0.0495619  3.44442  1.09957  
0.669317  0.047498  5.76827  
1.6169  0.141816  0.210905  
0.0956169  0.432373  4.25991  
0.119513  2.88281  0.30465  
0.582378  0.137758  3.37995  
0.698892  0.0591939  4.80064  
0.103117  2.9966  1.0181  
0.707561  0.455798  1.94446  
0.0500064  2.72941  1.51068  
1.76832  0.0586805  0.930098  
1.79769  0.0567698  1.33511  
0.163022  1.68704  1.67425  
0.128223  0.296908  4.10397  
0.712988  0.426863  2.24109  
0.104855  3.06248  0.0457088  
0.0576413  3.46866  0.225556  
1.86969  0.0604136  0.0492064  
1.4942  0.165324  0.118161  
0.125194  2.77111  0.923655  
1.4833  0.203848  0.606596  
0.1139  0.0965435  4.98293  
0.164443  2.6015  0.471029  
0.281879  2.08736  0.477969  
0.0548065  3.50113  0.452603  
0.246328  2.20641  0.627519  
0.0923077  0.102624  5.17003  
0.30455  0.0822247  4.52703  
0.093189  3.01559  0.913592  
0.139387  2.80666  0.181639  
0.984452  0.589935  1.15285  
0.152107  0.0796231  4.92239  
1.75168  0.0706269  1.08926  
0.221358  2.32216  1.08269  
1.13489  0.459102  0.997264  
1.2776  0.33416  0.0877441  
0.604443  0.172542  3.05043  
1.07495  0.507674  0.885323  
0.0999301  2.05948  1.62649  
1.06564  0.516228  1.22396  
1.35027  0.0603261  1.63734  
0.472162  0.842302  1.44189  
0.0959576  2.18688  1.29107  
0.0658581  3.31641  0.637129  
0.119836  1.78661  2.33473  
0.203996  1.41512  2.41377  
0.0398733  2.42966  3.26737  
0.104441  0.372708  4.44592  
0.62485  1.2242  0.603175  
0.63599  1.12964  0.791986  
0.0900182  1.18668  3.34224  
1.41121  0.0556231  2.06785  
0.966101  0.18181  2.29184  
0.439068  0.304008  3.14021  
0.34412  1.88904  0.415789  
1.83492  0.0673338  0.0702641  
0.137266  0.9573  3.02587  
1.63678  0.138858  0.154746  
0.882868  0.790732  0.869445  
0.0408495  3.73727  0.0563853  
0.152461  0.865318  2.9987  
0.0675914  0.165041  5.01135  
0.337696  0.110323  4.0632  
0.537114  1.39617  0.730289  
0.0641536  0.639734  4.56842  
0.236291  2.2438  1.04277  
0.176862  0.751233  3.30136  
0.156584  1.65729  1.87609  
0.139481  1.85062  2.13764  
1.06143  0.520211  1.07405  
0.104944  2.95893  0.987233  
1.82653  0.0591787  0.270457  
0.301163  0.0841699  4.68949  
0.769949  0.315177  2.20594  
0.0959211  3.03923  0.398751  
1.05286  0.532502  1.20426  
0.308042  0.0915701  4.15471  
0.238079  2.22283  0.583581  
0.242549  2.17278  1.18536  
0.0630492  0.139088  5.6683  
0.0879477  2.34044  1.5472  
0.0852448  0.105055  5.05703  
0.0638989  3.26695  0.799495  
1.84909  0.0622254  0.0604132  
0.195781  2.5805  0.0609775  
0.106531  0.0583947  5.72433  
0.0598187  3.5655  0.0693537  
0.0452459  3.67915  0.623277  
1.11671  0.479418  0.549635  
0.112635  2.93752  0.266539  
0.0706666  1.1462  3.49639  
0.558914  0.667388  1.8968  
0.135673  2.70738  0.843667  
0.506329  0.217728  3.0701  
0.151988  1.6706  2.09303  
0.543696  0.706736  1.2453  
1.54099  0.157523  0.093163  
0.0433143  2.65037  1.5169  
1.25662  0.0881773  1.28124  
0.168276  2.61923  0.11541  
0.329497  1.94048  0.245938  
1.85591  0.0672185  0.0486433  
1.77619  0.0675045  0.202385  
1.50625  0.169772  0.0618317  
0.577866  0.162414  3.12348  
0.0376235  2.26582  5.61887  
0.0877039  0.524573  4.17748  
0.0975553  0.0615054  5.60798  
0.137235  0.0623388  5.13565  
0.863804  0.793707  0.980393  
0.181322  0.734452  3.3235  
0.412657  1.70775  1.03403  
0.492273  0.211855  3.64217  
1.97649  0.0502261  0.0750165  
0.0547867  3.53272  0.199409  
0.0645266  2.27221  2.11011  
1.24899  0.394227  0.0649577  
1.17566  0.440417  0.358863  
0.113411  2.97764  0.0434761  
0.31192  0.0785211  4.76126  
0.0968282  3.15456  0.0469659  
1.81602  0.068955  0.0431277  
1.34043  0.261353  0.0875549  
0.283985  1.21204  1.75814  
0.221899  1.38198  2.31475  
0.136795  0.978504  2.75662  
0.129713  0.969784  2.81886  
0.084465  3.1822  0.150733  
0.726866  1.0377  0.51952  
0.396544  0.349005  2.88156  
0.243504  1.29094  2.43332  
0.392105  0.381876  3.24894  
0.0756109  0.10234  5.68483  
1.14857  0.445925  0.0610227  
0.956641  0.65463  0.819793  
1.96187  0.0412859  0.323005  
0.0429025  0.295615  5.10867  
0.117715  2.91346  0.0912753  
0.526824  1.39983  0.0430313  
0.628719  1.17444  0.848885  
0.599692  1.23584  0.611142  
0.453023  0.23989  3.09899  
0.0585365  2.4156  2.05732  
0.246014  0.145766  4.4688  
1.90814  0.0559855  0.107442  
0.831206  0.826905  0.511819  
1.33114  0.274781  0.924012  
0.0720849  1.15573  3.47322  
0.762789  0.922331  1.11732  
0.138319  0.286567  4.72987  
0.668948  1.07581  1.13416  
0.0397944  3.71648  0.672541  
0.0625612  3.42009  0.0798062  
0.290845  0.0960525  4.61416  
1.16825  0.425882  1.01507  
0.51016  1.50758  0.129836  
1.23738  0.391979  0.0892442  
0.198383  2.51799  0.192525  
1.22126  0.078904  1.84367  
0.0476922  3.58805  0.33816  
1.18434  0.0938623  1.77554  
0.684148  1.13124  0.0613788  
0.248649  1.3065  2.40726  
1.36146  0.06726  1.25407  
0.490762  1.44109  0.724951  
0.408688  1.73408  0.26113  
0.296151  0.102046  4.27855  
0.19491  2.44705  0.504858  
0.077303  3.17401  0.348342  
0.101491  1.92076  1.59852  
0.158514  2.66662  0.0957818  
1.53259  0.161951  0.0462887  
1.80702  0.0786851  0.0507658  
1.92176  0.0523969  0.116347  
0.361771  1.79832  1.0509  
0.858433  0.784834  1.18017  
0.11203  0.0600879  5.20728  
0.239961  1.34323  1.92728  
0.338895  1.90771  0.541327  
0.258374  1.32191  1.59094  
0.93739  0.677653  1.00049  
1.09488  0.156365  1.42221  
0.7915  0.0818672  2.74292  
0.518279  0.676423  1.55178  
0.234715  0.652389  3.2171  
0.348078  0.392893  3.42868  
0.663586  0.467199  2.03552  
1.18901  0.420206  0.335802  
0.271438  2.15635  0.0650762  
1.12887  0.468407  0.0634427  
0.207803  1.45989  1.88759  
1.64585  0.109552  0.0646299  
0.215451  1.38818  2.36405  
0.142971  0.929984  3.34448  
1.52275  0.152947  0.104935  
1.32329  0.277076  0.0489737  
1.92531  0.0563815  0.0895103  
0.917863  0.772434  0.287883  
0.0627381  3.54836  0.0711285  
0.466941  0.808668  2.0316  
0.120567  0.0511843  5.26436  
0.0719273  0.526063  4.58433  
0.407511  0.932871  1.85935  
0.356323  0.0729997  4.30996  
0.06189  2.29632  1.77773  
0.0750216  3.23116  0.133518  
0.0522546  0.685023  4.49458  
1.01924  0.572416  0.991332  
0.928836  0.740145  0.29206  
1.42208  0.057498  1.28251  
0.191579  2.43986  0.775562  
0.082294  0.149968  5.24694  
0.39599  0.0716148  3.9855  
0.114018  0.990614  2.85509  
0.459024  0.292171  2.71394  
0.372371  1.80548  0.311535  
0.0613219  0.116586  5.74505  
1.19633  0.404865  0.966084  
0.301336  2.02322  0.617316  
0.037484  3.4634  2.07302  
0.399651  0.0672884  4.01317  
0.612607  0.61308  1.30459  
1.20199  0.391388  0.825799  
0.0504437  2.35487  2.21029  
0.385623  1.76931  0.42815  
0.0540392  3.51506  0.282442  
0.835621  0.310758  1.80966  
0.367577  1.79207  0.860536  
0.692513  0.0961542  3.28265  
0.736531  0.488658  1.34313  
0.174125  1.63472  2.37803  
0.180538  0.849227  2.56239  
0.809023  0.873215  1.00673  
0.0523749  0.0517204  5.90875  
0.110766  1.01772  2.89965  
0.0937197  0.0649531  5.6256  
0.0801429  1.21852  2.915  
0.0873355  0.546226  3.97767  
0.16687  2.5598  0.977159  
0.876608  0.0552661  2.64043  
1.00695  0.214128  1.38629  
0.902121  0.727881  1.23753  
1.10827  0.142386  1.61522  
0.479566  1.52202  0.150976  
0.0597328  1.48839  3.2324  
0.0916284  3.29571  0.0552417  
0.7751  0.947439  0.294029  
1.47034  0.209478  0.234759  
0.404489  1.06263  1.88764  
0.170858  2.5662  0.477608  
0.380446  0.0766609  3.94778  
0.119482  1.82745  2.15827  
0.278736  1.26193  1.50536  
0.323419  0.0863356  4.38569  
0.341063  0.111108  3.92758  
0.0533101  2.54238  1.76582  
0.186139  2.50963  0.426558  
0.798925  0.925427  0.119851  
0.715305  1.06868  0.917986  
0.286789  0.132852  4.35142  
1.47397  0.189654  0.863125  
0.294021  1.18083  1.74666  
0.808298  0.338828  1.7205  
0.0419432  2.38938  4.40637  
0.0539578  0.256787  5.08644  
0.0983616  3.1139  0.0745628  
0.0448062  3.69643  0.0427068  
0.164958  0.767888  3.15086  
0.13372  0.438076  3.66494  
0.266637  0.161899  3.90503  
0.418044  0.122961  3.69571  
0.594799  0.187894  2.57024  
0.0593307  2.53861  1.35071  
0.0561245  0.758527  3.84388  
1.78772  0.0651449  0.714064  
0.328544  1.88118  1.19665  
0.750172  1.02839  0.17034  
0.701593  1.08002  0.366638  
0.220048  0.125627  4.78351  
0.137177  2.75224  0.339326  
0.458391  1.64385  0.0574552  
0.154785  1.70594  1.65011  
0.484276  1.47402  0.534455  
1.96719  0.0527187  0.0510969  
0.153624  2.67899  0.952989  
0.43227  0.236872  3.59146  
0.44981  1.61414  0.279787  
0.146383  1.72476  2.16418  
0.795504  0.890153  0.465194  
0.20455  2.40672  0.376694  
0.584487  0.630169  1.91431  
0.388372  1.82136  0.0684707  
0.322801  0.471153  3.45715  
0.891968  0.28257  1.28676  
0.161937  1.83344  1.49387  
0.284867  2.11992  0.0601799  
0.0915705  3.24419  0.0604259  
0.0668827  0.65218  4.42206  
0.178361  0.261978  4.03944  
0.688584  1.12218  0.0681131  
0.264088  0.175936  3.82071  
0.733981  0.97229  0.757924  
0.275656  2.10132  0.502812  
0.812719  0.839115  0.764184  
0.150463  2.69808  0.113629  
0.0711925  0.553537  4.3711  
0.250531  2.37149  0.0988812  
0.0535373  0.650428  4.73498  
0.74693  0.405157  1.68263  
1.03868  0.561975  0.948877  
0.383226  0.96716  1.90728  
0.947865  0.720925  0.455815  
0.424346  1.71199  0.0887617  
1.0488  0.537988  1.04813  
0.502644  0.249817  2.97886  
0.0687181  3.29685  0.318995  
0.227238  1.45751  1.5292  
0.647155  1.16645  0.190719  
1.11919  0.527942  0.06495  
0.0982455  2.46866  1.28423  
0.0498936  2.39486  2.60323  
0.959072  0.644518  1.06258  
0.131077  1.05025  2.70344  
0.106093  1.10982  2.47313  
0.346916  0.0795119  4.29175  
0.162461  0.941985  2.95549  
0.260021  2.13247  0.80361  
0.969114  0.688479  0.283528  
1.23006  0.350794  0.165676  
0.200859  2.40913  0.686566  
0.0844451  0.121994  5.21916  
0.375302  0.0644233  4.33339  
1.78475  0.0665492  0.144288  
1.30774  0.321589  0.971695  
0.840684  0.81121  1.07948  
0.909107  0.704196  0.89273  
0.455029  0.860231  1.64702  
0.279986  2.04045  0.965477  
0.657567  0.118873  3.16179  
1.51737  0.175972  0.0441294  
0.183044  0.731196  3.62732  
0.370194  0.410533  2.93372  
0.790486  0.939318  0.413619  
1.2124  0.0810352  1.83751  
0.192713  2.47342  0.401388  
0.0937624  3.13765  0.214375  
0.469732  1.52902  0.248395  
0.390151  0.339539  3.60384  
0.821989  0.0792215  2.96333  
1.35904  0.242916  0.179686  
0.642838  0.124525  3.17143  
1.38697  0.260568  0.130975  
0.430851  0.880683  1.73194  
0.235789  0.644497  3.19173  
1.02932  0.579674  0.927081  
0.0951663  2.23183  1.47123  
0.274604  0.116063  4.63576  
0.753034  0.940159  0.717901  
0.621602  0.143219  2.65441  
0.403235  1.74784  0.140356  
0.589606  1.23807  0.676093  
0.566828  1.27063  1.18062  
0.701268  1.02281  1.10672  
0.0926569  1.04602  3.41207  
0.570015  0.201407  2.61499  
1.08904  0.548123  0.481655  
0.212167  0.713974  2.97561  
0.210565  2.502  0.10153  
0.911502  0.786904  0.185724  
0.742774  0.986879  0.493036  
1.51141  0.160648  0.0597608  
0.115545  1.87093  2.23023  
0.610396  0.615976  1.41305  
0.952658  0.669092  0.677856  
0.676392  1.08756  0.653054  
1.10013  0.15331  1.42215  
0.421106  1.72487  0.486143  
0.556609  1.33799  0.210749  
0.719337  0.441327  2.228  
0.300596  0.0924697  4.66852  
0.377986  0.471694  2.58212  
1.01439  0.605086  0.313072  
1.0851  0.498093  1.19976  
0.216054  0.207212  3.79818  
0.533604  0.241597  2.59589  
0.990808  0.607646  0.909862  
0.230272  1.35516  2.34857  
0.42802  0.289156  3.5607  
0.333445  1.10396  2.0858  
0.212207  2.35373  0.229692  
0.977681  0.224063  1.26561  
0.166171  0.91744  2.48182  
0.0675219  3.3881  0.0426074  
0.877818  0.274368  1.7439  
0.0619187  1.28327  3.49179  
1.40427  0.252685  0.0750418  
0.188977  1.54549  2.10259  
1.29799  0.332366  0.0939232  
0.427058  1.75564  0.0674183  
0.358127  1.04869  2.39195  
0.0895663  3.263  0.0742378  
0.550505  1.33573  1.2179  
0.759297  1.01564  0.253763  
0.339895  0.156187  3.68312  
1.29943  0.32906  0.176396  
0.469373  0.744739  1.78252  
0.107084  2.05068  1.56026  
0.122887  0.0755583  4.99618  
1.31722  0.0771196  1.27005  
0.12893  1.79459  2.19144  
0.501322  1.44128  0.410048  
0.731666  0.411885  2.07907  
0.381635  0.346316  3.62364  
0.108683  2.92571  0.454179  
0.779877  0.387023  1.82199  
0.654621  0.592778  1.52942  
1.02437  0.632943  0.147968  
0.189215  1.5396  1.3639  
1.46143  0.227839  0.0504943  
0.660805  0.47694  1.37241  
0.573308  1.28675  0.166583  
0.316342  0.0701017  4.51633  
0.256841  0.15022  4.12943  
0.620192  0.124847  3.58809  
1.04331  0.549205  1.08538  
0.481713  1.51104  0.560512  
0.523301  0.210971  2.83746  
1.15457  0.425831  1.23407  
0.0945083  2.38872  1.32196  
1.0035  0.699008  0.0882634  
0.0936852  3.12998  0.215185  
0.653077  1.23978  0.0750785  
0.313232  1.95359  0.115287  
0.0877254  2.00397  1.69979  
0.565099  1.34627  0.0625378  
0.128054  2.81466  0.459125  
0.0560329  1.35869  3.78283  
0.840266  0.833234  0.490378  
0.447839  0.897663  1.44932  
0.142679  0.393809  3.71259  
0.106919  3.05143  0.0879001  
0.174163  2.51458  0.836111  
0.0587194  3.40242  0.987618  
0.557783  0.23218  2.68236  
0.550506  1.36157  0.642829  
0.242534  0.134099  4.65475  
1.08279  0.580906  0.0741656  
0.137621  2.03472  1.53582  
0.289701  1.32938  1.39152  
0.376984  0.358489  3.53582  
0.250104  0.550763  3.10978  
0.309801  2.01206  0.984795  
0.265915  1.36566  1.54048  
0.439525  1.62487  0.390142  
0.199977  0.722565  3.1868  
0.147269  2.68268  0.445516  
1.07513  0.565547  0.495003  
0.649728  1.25232  0.0941303  
0.338021  0.396256  3.40312  
0.441364  1.69817  0.352307  
0.46591  0.25809  2.45539  
0.459883  1.59436  0.349049  
0.999155  0.62618  0.215458  
0.399081  0.322815  3.44235  
0.224115  2.28113  0.35837  
0.0942849  1.09547  2.69512  
1.55099  0.145692  0.0617922  
0.285469  0.136869  4.02896  
0.868899  0.781458  1.20055  
0.678081  0.10318  2.68907  
0.0396215  2.68983  1.53285  
0.327694  0.675955  2.54709  
0.0861941  0.556787  3.88988  
0.762067  0.398344  1.80048  
0.159564  2.6388  0.298954  
0.851245  0.855857  0.058257  
0.31553  0.391846  3.51587  
0.372321  1.85406  0.0518542  
0.0543426  1.70066  2.48528  
0.300053  1.27658  1.25551  
0.722245  0.422286  2.08432  
0.140243  1.00169  2.59842  
0.463812  1.5135  0.452934  
0.138224  1.86748  1.31413  
0.359337  0.385489  3.52998  
1.23053  0.0872434  1.40777  
0.194365  0.259481  3.85974  
0.230244  0.612025  3.56952  
0.221163  0.638046  3.54544  
1.16061  0.419932  1.22072  
0.0421157  3.70909  0.618863  
0.0790842  2.10365  1.73148  
1.38868  0.23116  0.414213  
1.39528  0.227357  0.0801952  
0.0437402  2.48641  1.96187  
0.63187  1.16196  0.773174  
0.123463  0.0746526  5.07024  
1.31259  0.29012  0.0860975  
0.868614  0.282848  1.73966  
1.00086  0.616327  0.898608  
0.442825  1.60447  0.533248  
0.509255  1.45104  0.388863  
0.481064  1.47793  0.746253  
0.193136  0.32576  3.83461  
0.151602  2.76565  0.0477915  
0.107509  0.429772  3.93731  
0.920278  0.743061  0.322305  
0.270997  1.35222  1.35026  
0.81502  0.905981  0.164945  
0.173801  1.76562  1.26724  
1.20657  0.379445  0.867406  
0.0605831  2.49298  1.27728  
1.1041  0.14574  1.69748  
0.445491  1.54896  1.04492  
0.432219  0.365768  2.62611  
0.0712252  2.28181  1.81442  
0.318548  0.0671546  4.62588  
0.643515  0.5494  1.87114  
0.994853  0.590491  0.939527  
0.486378  1.60294  0.0839408  
1.11746  0.465018  0.807681  
0.974073  0.685253  0.276018  
0.232288  1.3534  1.96052  
0.926206  0.247116  1.60668  
0.69424  1.08424  0.354109  
0.0693829  1.25658  2.84933  
0.894919  0.0586462  2.45007  
0.849042  0.895607  0.0855135  
0.736637  0.459788  1.27859  
0.145569  1.91874  1.26651  
0.109836  0.563984  3.88051  
1.03425  0.147445  1.57332  
1.10722  0.501545  1.14553  
1.01333  0.670703  0.119681  
0.326517  1.2155  1.4951  
0.92607  0.258785  1.40029  
0.11504  0.449927  3.74049  
0.0664485  3.40838  0.042133  
0.649946  0.125073  2.66533  
1.21055  0.0535739  4.89103  
0.169955  0.79282  2.83333  
0.48573  1.49531  0.38472  
0.255164  2.23239  0.079011  
0.804669  0.432252  1.30777  
0.0703395  2.29278  1.96299  
0.824377  0.85587  0.580975  
1.15208  0.181224  1.31606  
