0.0459441  0.178183  5.32873  
1.41539  0.0389759  1.26717  
1.36762  0.271491  0.0406763  
0.0470099  0.0956751  6.03957  
2.03591  0.0445261  0.0524918  
0.0536139  4.04319  0.0636568  
0.0671909  3.57767  0.0567988  
0.0632041  3.50943  0.173548  
0.334515  1.99248  0.0498145  
0.30381  2.04762  0.991127  
0.0658256  3.64973  0.0555256  
0.0533758  3.96827  0.175255  
1.51665  0.162844  0.71993  
1.16564  0.0422373  5.7328  
0.309513  0.0543663  5.53739  
2.00132  0.0455532  0.0451412  
0.0565025  4.0244  0.0574836  
0.0806886  0.0694743  5.60852  
0.0723094  0.0827346  5.80561  
0.796422  0.067466  3.19199  
1.95784  0.044123  0.589887  
1.86222  0.0552465  0.470484  
0.0837937  0.137845  5.20193  
2.02523  0.0443892  0.0575593  
0.0500101  3.19999  4.92059  
1.83958  0.0665742  0.142994  
0.086067  3.32575  0.0569971  
0.058768  3.90048  0.066433  
0.0516645  0.108936  5.97296  
0.0878058  0.197668  4.98071  
1.09313  0.171485  1.46317  
0.0740826  0.142479  5.13061  
1.19901  0.0398353  4.93026  
0.496451  0.216508  3.33031  
0.378597  0.421643  2.85514  
0.100769  0.576313  3.69025  
1.81512  0.0677652  0.607336  
0.241004  0.762088  2.66223  
1.90903  0.0646125  0.0987552  
0.0545654  3.94118  0.458531  
0.295534  1.14329  2.3537  
0.160441  0.297079  3.81162  
0.888377  0.715279  0.940045  
0.0640423  3.46728  0.263334  
0.3017  0.0681517  4.68665  
0.439989  0.275384  3.25595  
0.135975  1.96019  1.50416  
0.084867  3.38711  0.0569963  
1.82909  0.054666  0.743752  
0.911429  0.684657  0.957023  
1.32859  0.320612  0.131678  
0.216894  2.37693  0.581985  
0.226767  2.44429  0.0571549  
0.305201  1.13307  2.21579  
0.253716  0.122597  4.32445  
0.239564  0.131669  4.48975  
0.149963  0.253144  4.21636  
0.330875  0.0960506  4.43965  
0.170365  1.63179  1.96352  
1.93646  0.0497377  0.0440376  
0.0560205  3.73918  1.23253  
0.079867  3.36304  0.320623  
1.92576  0.0578698  0.0512497  
0.0764165  0.446151  4.78913  
0.0536082  0.129329  5.26772  
0.0729585  0.469777  4.76094  
1.8985  0.0587156  0.216719  
0.0886641  0.0844279  5.36105  
0.0761973  3.42908  0.102259  
1.53875  0.158443  0.67542  
1.07403  0.542984  0.0432168  
0.284904  0.716343  2.61344  
0.864865  0.797935  1.08039  
0.332945  0.109389  4.38903  
0.0685235  2.41631  1.67639  
0.0515316  0.168538  5.16689  
1.40585  0.221602  0.868429  
1.74508  0.0910188  0.197513  
1.98802  0.045081  0.0937583  
1.97728  0.0412012  0.220794  
0.145475  0.26882  4.65903  
1.03092  0.553546  0.413605  
0.405353  1.06494  1.36974  
0.0534437  2.65355  2.01756  
0.233097  2.40525  0.0556433  
0.0814524  3.16946  0.610511  
0.0563555  0.244374  4.83124  
0.272797  0.140126  4.05629  
0.35992  0.522701  2.59692  
1.48877  0.18051  0.865936  
0.703732  0.991947  0.917703  
1.70995  0.0977406  0.490562  
0.0491307  0.1866  5.07721  
1.34311  0.304581  0.342052  
0.410403  0.0700587  3.93706  
1.29724  0.320333  0.640668  
0.116912  3.02679  0.257394  
0.0939328  3.06681  1.25724  
1.17725  0.0894834  2.04777  
1.73028  0.0999417  0.152418  
1.50466  0.223207  0.0650267  
0.455959  0.817999  1.81499  
0.623607  0.529915  2.28628  
0.947072  0.249187  1.53411  
1.0372  0.172391  2.23895  
0.0539289  0.0593147  5.89705  
1.55178  0.175339  0.334361  
0.211313  0.171981  4.25718  
0.180928  0.83225  3.1529  
0.96549  0.702484  0.0594563  
1.96949  0.0452443  0.530254  
0.536433  0.235771  2.81494  
0.657783  1.16573  0.0711456  
0.105938  3.00504  0.388968  
0.0844398  2.56395  1.27426  
0.112512  3.04756  0.0493075  
0.123906  1.1222  2.88164  
0.780289  0.920307  1.0611  
0.0603902  2.58588  1.28535  
0.104522  3.0889  1.03896  
0.206806  1.59354  1.25283  
0.421148  0.296801  3.56907  
0.247047  0.177213  3.8891  
1.31749  0.289224  0.832623  
0.0837457  3.41927  0.0714812  
0.0697319  3.48321  0.0514399  
0.090407  0.591475  4.01836  
0.444358  1.66791  0.193701  
0.0558183  1.86651  4.72184  
1.71756  0.0947094  0.780106  
0.109925  0.0727594  5.02227  
0.159772  2.61428  1.12305  
0.802957  0.336172  2.36853  
0.0706977  0.73095  4.1086  
0.0553163  3.83177  0.420681  
1.19383  0.398852  1.16666  
1.65635  0.112318  0.513481  
0.427677  1.7474  0.150519  
0.0954188  3.26259  0.114129  
0.526575  1.43191  0.568559  
1.57808  0.149838  0.622487  
0.0575283  3.69113  1.41593  
0.123454  0.328082  4.17466  
0.4023  1.65699  1.2214  
0.311797  1.1737  1.44229  
1.22405  0.0633593  1.92383  
0.244888  0.194024  3.86655  
0.199157  1.6974  1.34363  
0.186096  0.838531  3.13645  
0.058166  1.47558  3.51781  
1.46241  0.194278  0.486369  
0.694477  0.0946372  2.98332  
1.04932  0.146482  2.4234  
0.92628  0.695994  0.273221  
0.671228  0.0892938  3.55041  
0.161473  0.240007  3.91982  
1.42358  0.246194  0.105475  
0.107414  0.426566  3.63973  
0.261795  2.14383  1.10614  
0.0744519  1.26575  2.68369  
0.980501  0.213801  2.18116  
0.0565995  3.81743  0.572722  
1.2541  0.396211  0.0686906  
0.155269  1.6868  1.79107  
1.35291  0.300501  0.478067  
0.0662187  0.539154  4.62086  
0.280849  2.12881  0.689395  
0.0950303  0.591662  3.66165  
0.606845  1.28828  0.170191  
0.443503  0.84827  1.87799  
1.67992  0.101889  0.851169  
0.877812  0.769381  1.20301  
0.648169  1.21216  0.072604  
0.0918251  0.0676695  5.86217  
1.66712  0.11963  0.177355  
0.152347  2.72206  0.6701  
0.0751019  3.23544  1.05106  
0.0598867  1.57206  2.72302  
0.0861678  0.233405  4.85739  
0.139084  2.90808  0.0624265  
0.690683  1.08371  0.198599  
0.0736357  0.112291  5.64435  
0.630378  1.18836  0.260464  
0.0926007  3.29342  0.102044  
0.198189  0.766797  2.44025  
1.22741  0.365263  0.268269  
1.59921  0.146914  0.338153  
0.456927  0.785908  2.05982  
0.335837  0.432802  3.08787  
1.26055  0.356703  0.714898  
0.919527  0.0946981  2.67243  
0.188733  0.677682  3.40323  
0.731367  0.0610225  3.37941  
0.987076  0.0453297  4.3203  
0.0555943  3.85374  0.36861  
0.163283  2.6258  0.319341  
0.0622312  3.77076  0.0603381  
1.56832  0.187284  0.201221  
0.0600576  3.70755  0.0980349  
1.64779  0.125804  0.0674932  
0.292795  2.0657  0.922721  
0.210234  0.187888  4.27853  
0.574861  1.32679  0.313012  
1.76382  0.0768325  0.634455  
0.223305  0.667953  3.28516  
0.745741  0.389089  2.33346  
0.996223  0.602168  1.09598  
1.87313  0.0544372  0.503254  
0.0537933  0.129089  5.8413  
0.868626  0.126886  2.51625  
0.146234  2.84564  0.161157  
0.106314  3.22683  0.0660198  
1.56525  0.147535  0.984805  
1.21477  0.115771  1.64779  
1.27203  0.346627  0.442085  
0.600016  1.25569  0.246222  
1.11679  0.489943  0.520579  
0.0611597  3.67561  0.252608  
0.177629  2.69958  0.0910027  
0.0884796  3.1172  0.120256  
1.69553  0.0986337  0.794297  
0.28651  0.137711  3.76662  
0.0674244  2.35677  2.29967  
0.976605  0.698628  0.113798  
1.59127  0.135172  1.09594  
0.420327  1.71294  1.10706  
0.211125  0.213157  4.09504  
0.11499  2.98068  0.426639  
1.13708  0.51154  0.283663  
0.132239  2.85198  0.378184  
0.0726646  0.0858888  5.71329  
0.776816  1.0065  0.0830469  
0.871824  0.343539  1.56663  
0.0748305  1.24192  2.76522  
1.3768  0.256254  0.729023  
0.578345  0.1336  3.17652  
0.0580307  3.72855  1.01924  
0.0879796  3.18168  0.168669  
0.203587  2.51892  0.0512482  
0.136212  2.82039  0.26606  
1.1831  0.447492  0.13968  
0.152572  1.93425  1.63098  
0.17643  2.54624  0.811238  
1.1287  0.467103  1.22814  
1.56041  0.150541  0.770794  
0.0527344  0.0693167  5.92942  
0.0978803  3.14574  0.077657  
0.0592457  1.76752  2.74599  
0.566337  0.644892  1.70467  
0.530011  0.784158  1.308  
0.14749  0.950173  2.90739  
1.39359  0.238976  1.04243  
0.666047  1.15753  0.133495  
0.179858  1.72484  1.60722  
0.585666  0.61663  1.66308  
0.125555  1.10103  2.73001  
1.07067  0.129996  2.26403  
0.326398  2.07919  0.098492  
1.6343  0.115057  0.652114  
1.80455  0.0746855  0.045581  
1.54347  0.156355  1.03035  
0.558748  1.40103  0.105516  
0.346917  0.393187  3.4833  
0.328875  1.30704  1.40771  
0.222968  2.48561  0.146945  
0.286859  0.0953378  4.54944  
1.6984  0.0930615  0.986399  
0.740406  1.11403  0.0855545  
0.683161  0.497426  1.38079  
0.0572934  0.656109  4.72222  
1.63948  0.110643  0.686605  
0.706789  0.439696  1.89955  
0.59378  0.684578  1.30501  
0.0868089  2.25309  1.74279  
0.0697259  0.0996778  5.66939  
0.0787546  1.54099  2.55908  
0.938191  0.220156  1.72226  
1.26459  0.354269  0.761187  
1.30675  0.30393  0.899591  
0.487417  1.49342  0.293681  
0.225117  0.165516  4.19437  
0.192399  0.222177  3.97914  
0.275499  0.680196  2.7066  
1.27664  0.331124  0.945855  
0.0555492  3.87726  0.0829015  
0.133798  2.87177  0.190649  
0.234929  2.33961  0.410582  
0.483209  0.752654  2.15889  
1.4544  0.262058  0.0800632  
0.893053  0.722476  0.551945  
0.381332  0.987628  1.98602  
0.0822092  0.0788722  5.51182  
0.335866  0.0919388  4.03691  
0.13735  2.18525  1.43061  
0.51769  1.47939  0.0567287  
0.0908233  3.29716  0.075228  
0.248092  1.31977  2.19033  
0.481071  0.774006  2.39432  
0.0641418  0.198997  5.04241  
0.25752  2.22495  0.630928  
0.25877  2.32112  0.0657897  
0.270205  1.23915  2.09174  
0.0551055  3.80099  1.24406  
0.283099  0.112134  3.98342  
0.0561214  1.52359  2.80355  
0.0786094  0.637886  4.58924  
0.185766  2.46684  1.18779  
0.079084  0.127506  5.30416  
1.47492  0.233789  0.0915138  
0.0995477  3.10367  0.132373  
0.130267  2.93568  0.353583  
1.1227  0.533279  0.0649144  
0.752882  0.41084  1.24718  
0.383462  1.89735  0.0874372  
0.359189  1.88119  0.287861  
0.0577803  0.665616  4.51211  
0.267676  2.16333  0.886928  
1.49569  0.227468  0.0641136  
0.954447  0.65707  0.748094  
0.145859  2.8041  0.365329  
0.113753  2.99437  0.593578  
0.102793  3.25342  0.0656053  
0.902965  0.278509  1.8536  
0.257534  2.19328  1.07634  
0.397667  1.73745  0.465764  
0.171393  1.61127  1.95256  
0.913873  0.279595  1.38616  
1.23832  0.36021  0.174523  
0.0680165  2.78889  1.2622  
0.172273  2.5908  0.873357  
0.43857  0.902102  2.00259  
0.435672  0.856769  2.13491  
0.126274  2.8991  0.915615  
0.319893  2.11351  0.0725878  
0.130423  2.92569  0.0508565  
1.01279  0.188596  2.09528  
1.43253  0.237634  0.130839  
1.88971  0.046258  0.235355  
0.0531469  0.142631  5.44142  
0.127573  2.9522  0.0520211  
0.646508  1.22386  0.0688878  
0.351876  1.01322  2.30083  
0.820691  0.352507  1.91515  
0.69263  0.415509  2.2496  
0.0490991  0.152204  5.45204  
0.470863  0.799869  1.9347  
0.489313  0.86015  1.32107  
0.856405  0.294032  1.85446  
0.39708  1.02606  1.60603  
0.0516037  0.119016  5.94564  
0.155713  2.64609  0.595956  
0.71807  1.09515  0.0915698  
0.207153  1.39324  2.12039  
0.201379  2.47161  0.316449  
1.78334  0.0709187  0.656783  
0.635536  0.167554  2.49466  
0.171356  1.76202  1.33522  
0.355077  0.37283  3.35659  
0.0733718  2.30816  1.46161  
0.3566  1.85051  1.13514  
0.0959486  0.443196  4.12437  
1.79065  0.0596604  0.739427  
1.60881  0.133606  0.400194  
0.109415  1.41899  2.48956  
0.568666  1.34584  0.51535  
1.05645  0.166127  1.63677  
0.681784  1.09695  0.156371  
0.251083  0.659482  3.11929  
0.523875  0.168357  3.60814  
0.249924  2.29547  0.287763  
0.808416  0.318499  2.40885  
0.413167  0.894646  2.07222  
0.406419  0.931728  1.57474  
1.7997  0.0732753  0.625871  
0.117251  2.96903  0.0589088  
0.163849  2.77474  0.0609669  
0.727392  0.0755888  3.36468  
1.04151  0.623261  0.0626731  
0.191123  0.886548  3.10979  
0.713897  1.01964  0.232151  
0.164952  0.230979  4.31348  
0.473374  0.912865  1.4556  
1.1913  0.131277  1.68586  
1.2861  0.313465  0.847377  
0.440839  0.333253  2.92621  
0.385291  1.83545  0.257387  
0.0787422  0.0906149  5.40416  
0.330226  0.486258  2.96741  
0.286314  0.115499  3.84198  
0.428368  1.80363  0.0747839  
0.109693  3.13939  0.0705625  
0.551088  0.634502  2.3246  
0.935732  0.0520998  4.40197  
1.24212  0.456731  0.0986791  
0.310437  0.467498  3.42399  
0.0951323  0.375812  4.42025  
1.61515  0.122434  0.699927  
0.0970322  0.0786368  5.4795  
0.466836  1.53987  0.538016  
1.49196  0.171311  1.18085  
0.281787  0.0786757  4.63792  
0.228268  1.56131  1.32456  
0.366426  1.91534  0.263547  
0.0828451  1.4624  2.46394  
0.476699  1.50734  0.193738  
1.75545  0.0734451  1.18957  
0.44954  1.63835  0.513355  
1.47065  0.18842  0.842421  
1.01712  0.175425  1.56204  
0.0891199  1.20361  3.5037  
0.156489  2.67187  0.304533  
0.485983  1.55414  0.04923  
1.3606  0.284044  0.108644  
0.507455  1.51387  0.0533685  
0.189954  2.54256  0.268118  
0.390611  1.11971  1.27576  
0.184802  2.71144  0.0849682  
0.904809  0.266293  1.75386  
0.171511  2.67872  0.287001  
1.00108  0.674779  0.141124  
1.1595  0.474912  0.0568656  
1.3117  0.311391  0.429812  
1.02379  0.601308  0.55331  
1.21069  0.382762  0.58441  
0.0621241  0.716989  4.14784  
0.788709  0.96505  0.138762  
0.815208  0.935984  0.107349  
0.0743323  3.36664  0.463951  
0.119908  1.07683  3.07442  
0.133912  2.89022  0.0767396  
0.460643  0.808776  1.69221  
1.20618  0.405676  0.417689  
0.375592  1.03965  1.60129  
0.0912426  0.0815494  5.27967  
0.0772558  0.0793926  5.49072  
1.77372  0.0826095  0.340724  
1.43703  0.214457  0.445436  
0.37037  0.089394  4.30188  
1.75463  0.0844194  1.02955  
0.902371  0.74194  0.0653464  
1.72402  0.105214  0.0543793  
0.360766  0.0590026  4.52804  
0.408032  0.327882  3.46006  
0.219317  0.754005  3.01966  
0.176458  2.50515  0.828447  
1.44271  0.210667  0.659131  
0.0625624  3.65809  0.0590554  
1.88676  0.0573133  0.239497  
1.62531  0.133413  0.408615  
0.462451  0.38593  2.50821  
0.61422  1.31728  0.067433  
0.265947  2.20759  0.596697  
0.216887  0.758051  2.99411  
1.14513  0.476589  0.470423  
0.592172  0.127664  3.01308  
0.213373  1.47018  1.69876  
0.0576717  3.94752  0.057046  
1.77089  0.0761751  0.562877  
0.371289  0.507287  2.47979  
0.714392  0.979958  1.14768  
1.38582  0.265606  0.121428  
0.51364  0.197861  3.35905  
0.0791017  0.0901192  5.40562  
0.842398  0.300923  1.9601  
1.39283  0.112305  1.35946  
0.164055  0.974003  2.54408  
1.67404  0.106009  0.882087  
0.0678007  0.169198  5.07057  
0.253879  0.213056  3.73289  
0.311901  2.15984  0.0933538  
0.290507  1.2025  1.7738  
1.10546  0.519501  0.718387  
1.58586  0.135209  0.998343  
0.294444  1.33727  1.40119  
0.361249  1.94502  0.119116  
0.125737  2.94506  0.757924  
0.0617345  3.79459  0.0583382  
1.1737  0.425044  0.542703  
0.304857  0.500467  3.26291  
1.06172  0.189499  1.28015  
0.230473  2.27856  0.543559  
0.294931  2.0938  0.738688  
0.0576232  2.60036  1.9806  
0.879149  0.773999  0.286765  
0.673406  1.13003  0.0547443  
0.38613  0.958671  2.14325  
0.723436  1.04245  0.193879  
0.41366  0.915249  1.86262  
0.732308  0.078006  3.06775  
0.26357  1.34058  1.59246  
0.957393  0.631224  0.900966  
0.603309  0.11928  3.46978  
1.14987  0.501621  0.0759448  
0.618886  0.0923236  3.61679  
0.763567  0.971806  1.03621  
0.604964  1.20643  1.01143  
0.151549  2.7575  0.393549  
0.101575  0.126832  4.9002  
1.37313  0.103992  1.49172  
0.322202  0.121929  3.75551  
0.507402  0.259289  3.04547  
0.223023  1.41201  1.73152  
0.640954  0.596104  1.34932  
0.119328  0.367628  3.85153  
0.768326  0.390736  1.79383  
0.293387  2.17616  0.0592779  
0.322696  0.467109  3.5932  
0.537632  0.666775  1.79904  
0.838066  0.881859  0.0638965  
0.0608856  3.86808  0.0653391  
0.417541  1.78153  0.0974654  
0.0613175  3.77682  0.0612026  
0.182702  2.74229  0.0758344  
1.15456  0.492678  0.0620435  
0.452789  0.270315  3.44638  
0.488707  0.277535  2.78865  
0.239016  1.37359  2.18715  
0.546391  1.44269  0.0659366  
0.325069  2.10046  0.144873  
0.832929  0.817129  1.02171  
0.0660449  1.29718  2.68539  
0.258945  0.649528  2.7766  
0.187494  2.66474  0.0730303  
0.414702  1.81863  0.0762355  
0.341222  1.04724  1.54641  
0.11796  1.89327  1.68957  
0.540841  1.37316  0.1871  
0.0722686  2.73856  1.26489  
0.255666  2.26403  0.507023  
0.229019  2.35001  0.186833  
0.758917  0.371948  2.3395  
0.83054  0.318922  2.15414  
0.229927  0.134193  4.57355  
0.554859  0.161833  3.03211  
0.798906  0.938369  0.355022  
0.614271  0.550007  1.65743  
0.111313  2.20525  1.53604  
0.257657  2.24219  0.464652  
0.418277  1.72622  0.836256  
0.467918  1.6501  0.451328  
0.464678  0.821474  1.55275  
0.155393  0.899117  3.30273  
0.453303  1.54205  1.22228  
0.196565  0.208097  4.14133  
0.148068  2.86305  0.0722728  
0.288639  2.1223  0.394252  
0.368744  1.85264  0.734967  
1.06672  0.180948  1.27047  
0.203602  0.638572  3.43795  
0.581984  1.38264  0.0934564  
1.61863  0.136319  0.171702  
1.38366  0.0551565  1.71166  
0.316918  1.07511  2.1427  
0.475579  0.295643  2.94195  
1.11022  0.107702  2.13264  
0.345223  1.04206  1.90361  
0.181932  2.49716  0.335325  
0.847108  0.310371  1.77788  
0.21431  2.51004  0.197429  
0.783182  0.131194  2.9473  
1.9348  0.0568067  0.0523101  
1.68653  0.106155  0.497178  
0.273867  2.23268  0.0617224  
0.135326  1.79474  2.12693  
0.80389  0.0705525  2.91051  
1.37266  0.239662  1.11321  
0.762513  1.04827  0.0720747  
0.266054  2.26635  0.127644  
0.261315  1.36136  1.75993  
0.852498  0.331978  1.67259  
1.28572  0.334664  0.413475  
1.05842  0.609596  0.0750435  
0.152578  2.75984  0.064231  
0.185644  1.60378  1.51842  
0.19242  1.52357  1.58176  
0.136915  2.81231  0.509021  
0.106043  0.212399  4.88466  
0.547048  1.45098  0.0629916  
0.932167  0.249247  1.76011  
1.06864  0.134621  1.48013  
0.15489  1.7925  1.54265  
1.00726  0.619812  0.239043  
0.483459  0.273082  3.00505  
0.898089  0.392164  1.3524  
1.44949  0.26646  0.0696689  
0.782706  0.353197  1.88561  
1.14299  0.460976  0.562932  
0.139064  0.207683  4.88974  
1.30955  0.307982  0.642714  
0.0889877  1.46008  2.46764  
0.379471  1.81993  0.527206  
0.82659  0.96544  0.0995411  
0.148061  1.65392  2.10911  
0.358291  0.491467  2.69268  
0.639078  0.543803  1.38449  
1.10009  0.539435  0.409877  
0.625508  0.598861  1.54104  
0.662785  0.0903518  3.59791  
1.1683  0.466117  0.0538217  
0.787393  0.945285  0.466795  
