0.0345739  3.73629  2.58299  
0.0453807  2.09777  6.03155  
0.226537  2.3189  0.0335972  
1.45342  0.0378818  1.51  
0.0389699  3.80331  0.0363771  
1.99585  0.0464684  0.0789427  
0.048266  0.0480822  5.8903  
0.108759  0.048646  5.48431  
0.0526161  0.147534  5.74989  
0.0732408  0.0769269  5.40376  
1.87142  0.0525838  0.175494  
0.171065  1.77935  1.44213  
0.200052  0.0485865  5.28566  
0.0420603  3.62127  0.0432548  
1.15996  0.114447  1.35559  
1.76767  0.086275  0.290274  
0.0518424  1.44024  4.04961  
0.0968637  0.0719073  5.2294  
1.9279  0.052081  0.0456143  
0.102142  3.01225  0.0441065  
1.67083  0.112479  0.651295  
0.0459666  3.58618  0.0834149  
0.0385164  3.69432  0.112082  
1.25971  0.0660738  2.36174  
0.747936  0.0917962  3.41454  
1.78718  0.065418  0.480983  
0.0359607  3.77821  0.305244  
1.79515  0.0774221  0.0985515  
0.0709304  1.36974  3.05057  
0.126889  1.00677  3.59786  
1.73531  0.0910484  0.601573  
1.89123  0.0642556  0.0954324  
1.94509  0.0462569  1.12738  
0.100584  0.402176  4.24316  
0.203633  1.50411  1.38464  
0.0587518  1.41914  3.6308  
0.113734  2.84954  0.439272  
0.42802  0.929752  2.20131  
0.0350582  2.6283  2.00531  
0.189275  0.0433239  5.56367  
0.0625447  3.50396  0.0444579  
0.083611  0.0735181  5.53168  
1.64475  0.108733  1.07121  
0.105748  2.95998  0.214409  
1.32455  0.305499  0.282607  
0.742313  0.92372  0.819701  
0.0664352  0.0979998  5.69861  
0.122694  0.310118  4.71432  
1.68178  0.0977527  0.57974  
0.144077  2.69376  0.684718  
0.826449  0.322331  2.12299  
0.368568  0.355745  3.33699  
0.05694  0.0819718  5.85915  
0.155584  0.251844  4.40861  
0.262453  2.0896  1.01927  
0.0511309  3.56518  0.0397878  
0.218761  0.629068  3.18367  
0.111672  2.92914  0.0368739  
0.392626  1.68381  0.768147  
1.61386  0.132402  0.788811  
0.165996  1.69844  1.80355  
0.110705  0.0905881  4.83545  
1.3088  0.330188  0.311695  
0.0946078  0.0810227  5.19734  
0.0981998  0.388813  4.60117  
0.204511  0.275595  4.08614  
0.811324  0.882402  0.0892028  
0.119519  1.05095  3.02285  
0.0838608  0.0552438  5.81805  
0.711765  1.08527  0.159558  
0.870598  0.819076  0.35907  
0.28056  0.116965  4.2175  
0.109359  0.0769037  5.04065  
1.14464  0.455102  0.852844  
0.723878  1.0038  0.713925  
0.236743  0.137638  4.57358  
1.85816  0.0698028  0.143433  
0.108316  2.86916  1.04293  
0.0976301  3.05024  0.154822  
0.232364  0.155684  4.14955  
0.067832  0.100678  5.62219  
0.842494  0.836846  0.488859  
0.733189  0.383585  2.37736  
0.0712735  3.1448  0.985904  
0.383394  0.332732  3.30549  
0.144457  2.73733  0.373909  
1.27825  0.0562095  2.51962  
1.49234  0.185487  0.927832  
0.129689  2.78873  0.222637  
1.04081  0.558708  0.730768  
1.18444  0.412035  0.890419  
1.20817  0.396877  0.414455  
1.69306  0.105378  0.314567  
0.0737178  3.17423  0.607506  
0.433732  1.55424  0.741464  
0.0631004  0.171593  5.37972  
0.0630241  1.47748  3.46362  
0.315884  0.48488  3.07719  
1.12821  0.432543  1.04583  
0.239732  0.164343  3.97168  
0.379548  0.377358  2.6883  
1.35105  0.273745  1.03021  
1.95404  0.0449438  0.451544  
0.192128  2.40957  1.13419  
0.125242  0.073504  4.89095  
0.717473  0.427641  2.085  
1.89774  0.0522227  0.678462  
0.603247  1.2299  0.950922  
0.169546  2.58958  0.0347637  
0.154042  1.7494  1.92791  
0.0634307  0.107875  5.34225  
0.109168  1.0167  3.56605  
0.0656712  0.717687  4.00782  
0.259948  1.26892  1.95241  
0.0665702  2.15972  2.24953  
0.702826  0.541859  1.28707  
0.115523  0.0548129  5.07191  
1.05038  0.140875  1.97247  
0.296991  2.06528  0.131745  
0.282374  2.05508  0.991889  
1.44239  0.240559  0.0509264  
1.82869  0.062808  1.12451  
1.4313  0.060671  1.25507  
0.375585  0.337534  3.45125  
0.932478  0.248317  1.87638  
1.29325  0.342529  0.126009  
0.173521  2.54185  0.940144  
0.249825  2.22397  0.420203  
0.15683  2.67289  0.0372937  
0.207584  0.178239  4.32384  
1.24765  0.366648  0.798214  
0.666077  1.07856  0.40049  
1.81447  0.0801532  0.095364  
0.926122  0.257892  1.77355  
0.126489  2.82307  0.258274  
0.0437667  2.33816  3.74995  
0.786587  0.472599  1.41381  
1.5834  0.160993  0.0688769  
0.0812189  0.0606726  5.59194  
0.0999247  0.455785  3.82185  
0.0663721  2.42166  1.24719  
0.417285  0.291826  3.39297  
0.174498  0.890809  3.1003  
0.335288  0.489039  2.89577  
0.0559274  3.38697  0.272088  
0.549155  0.20434  2.92153  
0.294642  2.00233  1.23445  
0.0528189  3.5335  0.0382802  
0.216595  2.3574  0.244322  
0.373388  1.87878  0.366357  
0.541352  0.174727  3.11821  
0.297884  0.0593712  4.76233  
0.106441  2.9781  0.137322  
0.127411  1.01981  3.52988  
0.864893  0.264155  2.18479  
1.02877  0.055625  4.66813  
0.622367  0.518733  2.05921  
1.02485  0.582286  0.691361  
0.775404  0.898927  0.459507  
0.0854649  0.179819  4.87241  
0.0593309  3.3468  0.148635  
0.0489013  0.985611  5.00386  
0.305256  1.21328  1.24514  
0.693234  1.06279  0.415855  
0.254058  2.18978  1.06889  
0.0908406  0.0543922  5.31407  
0.52129  1.31822  1.22435  
1.60231  0.144413  0.364054  
0.477737  0.808308  1.64216  
1.62202  0.112588  1.16708  
0.0842474  0.501466  4.51369  
0.0426472  2.23262  4.36436  
0.117685  2.88283  0.151991  
0.404851  1.60818  1.20848  
0.101967  2.99332  0.171832  
0.219497  2.39075  0.046122  
1.07121  0.117696  1.93893  
0.347483  0.0777792  3.93368  
0.752164  0.992869  0.802109  
1.55578  0.139064  0.673842  
0.0448634  2.56473  1.45842  
1.96733  0.0379859  0.553267  
0.531991  1.33335  0.720204  
0.559942  0.706541  1.65201  
0.821459  0.347168  1.66721  
0.637757  0.103171  3.22111  
1.10493  0.464031  0.645593  
1.36083  0.266574  0.796564  
1.52837  0.173262  0.239749  
0.0449761  3.48229  1.1841  
0.05841  2.36935  1.85494  
0.131928  1.03913  2.78985  
0.144184  2.01915  1.27168  
0.332966  1.93497  0.350708  
0.336296  1.10684  1.52477  
0.041473  3.64838  0.756703  
1.01617  0.227087  1.34814  
0.311311  1.1548  2.14942  
0.248006  0.120985  4.28973  
1.21904  0.412019  0.0504288  
1.65402  0.107168  0.786913  
0.18422  2.45716  1.08566  
0.67639  0.098399  2.93756  
0.147499  1.81308  2.15636  
1.22625  0.0726285  2.27756  
1.19153  0.422955  0.278406  
0.182273  0.209895  4.18788  
0.155217  1.91939  1.8879  
0.987418  0.243067  1.40313  
0.318034  1.94747  0.19328  
1.97678  0.0486088  0.0717977  
1.24112  0.341703  0.919271  
0.204848  2.44428  0.0783176  
0.607333  1.29972  0.0931335  
1.29063  0.30023  0.432435  
1.06056  0.534443  0.907534  
0.489075  1.58273  0.149344  
0.0925826  3.12144  0.0399108  
1.45008  0.219381  0.50211  
0.968401  0.709423  0.156162  
0.0532788  0.660409  4.80517  
0.291602  1.24142  1.62241  
0.323648  1.85435  1.16968  
1.17129  0.443765  0.708244  
0.0742072  3.24137  0.167853  
0.0878107  0.0468197  5.67026  
0.18085  0.211347  4.78498  
1.03145  0.0681741  4.43996  
1.9144  0.0547291  0.0467185  
0.16993  0.298764  3.85267  
1.13782  0.462047  0.558355  
0.131114  2.71323  0.868418  
0.458372  0.832461  2.10928  
0.0902499  0.465866  4.47969  
1.56511  0.138312  0.895849  
0.425026  1.56597  0.878363  
1.09056  0.134624  1.74298  
0.797466  0.35236  1.58974  
0.852347  0.283988  2.07181  
0.0675094  0.113798  5.16085  
0.139087  2.75581  0.106373  
0.172421  0.801544  3.54846  
0.125658  2.80293  0.660149  
1.7081  0.106596  0.0933391  
0.501226  0.771231  1.50725  
0.239785  0.143668  4.44572  
1.46681  0.200341  0.585376  
0.252108  1.39548  1.90722  
1.39716  0.0621745  1.53777  
0.948789  0.732403  0.0652662  
1.57374  0.144159  0.531119  
0.0905211  3.10513  0.0480561  
1.59397  0.141404  0.477272  
1.90983  0.0664526  0.0590158  
0.913494  0.32797  1.71469  
0.225737  0.605409  3.36216  
0.196324  0.208096  4.53806  
0.443177  1.5208  0.748833  
0.130844  1.11777  2.66141  
1.54337  0.14584  1.21796  
0.891052  0.785235  0.572294  
0.0611035  0.858434  3.74021  
0.390295  1.837  0.0567375  
0.491417  0.7406  2.31164  
0.158128  2.64802  0.183171  
0.359005  0.976529  2.39763  
1.51225  0.201461  0.206896  
1.08036  0.162111  1.25934  
0.21083  0.643214  3.37444  
0.4787  0.78269  2.04521  
0.343497  0.101476  4.28092  
1.7201  0.116125  0.0700078  
0.0768098  1.16498  3.50387  
0.883943  0.796805  0.469294  
0.10712  1.95932  1.5654  
0.577135  0.16452  2.86916  
0.0495666  3.42502  1.09053  
1.38235  0.234915  1.05316  
1.33488  0.0725527  2.25513  
0.0614443  3.44571  0.0708464  
0.446336  0.072467  3.6763  
0.470835  1.47746  0.6198  
0.135394  2.72312  0.407769  
0.0528029  3.54293  0.0383677  
1.03406  0.559919  1.19723  
0.182886  1.57731  2.28923  
1.09304  0.526137  0.207361  
0.353384  0.0963168  3.8835  
1.08917  0.113527  1.96211  
0.229966  0.679605  2.77654  
0.0569147  1.43166  3.86906  
0.664989  0.618945  1.37479  
0.642723  1.19291  0.0728628  
0.100441  0.540123  3.71324  
0.528743  0.671341  1.82268  
0.203555  0.180104  4.16967  
0.329255  0.446206  3.16194  
0.61257  1.22133  1.12992  
0.125737  0.449137  4.11269  
0.0775099  3.22472  0.528544  
1.37466  0.267316  0.407651  
0.708752  1.05593  0.560743  
0.101266  0.160137  4.93064  
0.197871  1.65135  1.46206  
0.142864  2.13168  1.29782  
0.556243  0.63208  2.43881  
0.0633582  3.32835  0.114749  
0.0635241  3.25306  0.393656  
0.436761  1.54597  0.690104  
0.0574086  3.40246  0.21516  
0.389496  1.86187  0.0629898  
0.398473  0.350204  3.2094  
0.600551  1.29209  0.114456  
1.53786  0.18149  0.0488511  
1.98577  0.0472782  0.254441  
0.288621  0.501887  3.47694  
0.589631  0.161292  2.88167  
0.321641  0.467731  3.49991  
0.271269  1.30924  1.70477  
0.255487  2.25009  0.0458741  
0.0416422  3.68339  0.0750944  
0.0644103  0.0999662  5.65574  
1.63351  0.124134  0.0475964  
0.32937  0.439427  3.13266  
1.84667  0.0551794  1.10409  
0.226167  0.12734  4.64439  
0.649708  0.514137  2.41667  
0.287362  2.13895  0.0812493  
0.759103  0.35794  2.01899  
0.770949  0.507926  1.39003  
0.900342  0.694679  1.14754  
0.976007  0.220973  1.93228  
0.342936  0.417167  3.24382  
0.616209  0.15766  2.70527  
1.39045  0.27959  0.0695025  
0.0955835  3.06749  0.0368887  
1.31432  0.383428  0.0891535  
1.70187  0.123669  0.153681  
0.277365  2.17612  0.0839304  
0.176475  0.944704  2.59052  
0.097691  0.383333  4.68619  
0.631267  1.14397  0.428249  
0.085861  3.08882  0.5477  
0.0417494  3.66398  0.053119  
0.161343  1.64194  2.2688  
0.159623  2.60956  0.100401  
0.0813459  1.28083  3.23496  
0.994523  0.594914  0.591136  
0.381761  0.94987  1.71992  
0.243635  2.20422  0.863221  
0.507691  0.199218  2.99305  
0.219446  0.174074  4.37307  
1.47789  0.199799  0.525634  
0.041901  2.289  5.82078  
0.920206  0.296514  1.34406  
0.413353  1.70955  0.124521  
0.140019  1.71957  2.42222  
1.00876  0.151051  1.47288  
0.529814  1.40499  0.0431434  
0.0545664  3.41105  1.14012  
0.0955514  0.0768501  5.09938  
0.452804  0.33761  2.82448  
0.0565289  2.46604  1.81149  
1.49963  0.168427  0.668501  
0.046402  3.46099  0.281046  
0.148764  0.363509  3.9014  
0.736425  1.02466  0.6157  
0.264165  1.45229  1.39201  
0.178856  2.53028  0.664833  
0.213858  2.34418  0.652864  
1.10796  0.495834  0.520142  
1.23584  0.411083  0.109631  
0.50699  0.72271  1.61643  
1.54885  0.149994  0.762727  
0.426594  0.301801  2.84207  
0.224289  0.163337  4.5562  
0.169271  0.911209  2.97901  
1.62973  0.104852  1.17565  
0.467713  0.25899  2.96769  
1.40736  0.236158  0.74728  
1.26996  0.354832  0.395991  
0.310124  1.12175  2.21834  
0.658541  0.095494  2.95251  
0.269971  1.24991  1.84216  
0.0623896  3.29387  0.73575  
1.59613  0.125849  0.960927  
1.41074  0.225154  1.00318  
1.96327  0.0504231  0.0476984  
0.205487  0.182021  3.99182  
1.04271  0.56833  0.379943  
0.856917  0.370857  1.27893  
1.81536  0.0991727  0.072837  
0.244616  2.27473  0.0486578  
1.74624  0.0918438  0.447815  
0.0478313  2.52031  3.69607  
0.223081  2.3045  0.631181  
0.165968  2.6569  0.0467954  
0.34038  1.96797  0.087864  
0.105521  1.28506  2.74803  
0.0549867  3.36948  0.867368  
0.173713  0.341383  3.80213  
0.0844417  3.17813  0.321393  
0.594459  0.643807  1.31027  
0.0859808  3.1971  0.149661  
0.89431  0.756764  0.308273  
0.307829  0.107552  4.62917  
0.647031  0.572616  1.45192  
1.06584  0.607221  0.0801511  
0.455533  0.866505  1.52972  
0.0545849  3.36321  1.1443  
0.453676  0.26288  2.76296  
0.212233  2.37832  0.0880269  
0.111524  1.13927  2.85485  
0.135931  2.81623  0.0594669  
0.274919  2.11702  0.191764  
0.0695003  0.147316  5.14608  
0.962928  0.682289  0.781282  
0.685657  0.113076  2.45104  
0.720148  1.03884  0.0427581  
0.57017  0.190889  2.64721  
0.975655  0.66687  0.377548  
1.07712  0.529705  0.111371  
0.616806  0.600177  1.52983  
1.05528  0.13777  2.03269  
0.0369362  3.79894  0.0455968  
0.834705  0.857584  0.241151  
0.0633148  3.26918  1.11327  
0.626693  0.104688  2.82519  
0.466698  0.238807  3.29013  
0.66057  1.10908  0.873664  
1.4238  0.21105  1.18648  
0.139732  0.297361  4.12121  
0.27201  2.14996  0.758473  
0.59511  1.34845  0.122951  
0.104259  0.0879779  4.99393  
0.157952  1.89981  1.26855  
0.301696  2.04743  0.459874  
1.71934  0.088444  0.637267  
0.878245  0.831241  0.250344  
0.404263  0.30842  3.00612  
0.162599  1.73916  1.60132  
0.248044  2.23997  0.326966  
0.479257  1.57491  0.319149  
0.155297  1.79664  1.48541  
0.402288  0.397012  2.53711  
0.465695  1.59068  0.0822507  
0.581748  0.204405  2.56136  
0.764602  0.10419  2.47055  
0.272657  0.569168  3.14794  
1.11639  0.104221  1.6882  
0.333831  1.90893  0.799377  
0.458603  1.59852  0.517091  
0.0400397  3.65529  1.15156  
0.37803  1.82165  0.17852  
0.992033  0.685512  0.249653  
0.688034  1.07033  0.671256  
1.85175  0.0743994  0.185533  
0.738271  0.0922208  2.62775  
0.151716  0.253795  4.34214  
1.4626  0.228101  0.265055  
1.33907  0.294184  0.339422  
0.0549826  2.31309  2.33047  
1.48722  0.207493  0.295415  
0.0857869  0.586723  3.78545  
0.68096  1.18148  0.068333  
0.0642645  2.29025  1.99931  
0.114647  0.36985  4.48783  
0.222932  1.53732  1.28926  
0.364677  1.04305  1.82948  
0.95777  0.287714  1.28092  
0.0603519  0.213781  4.96254  
0.0861233  2.11772  1.55607  
1.48427  0.190981  0.630427  
0.880948  0.768081  0.630572  
0.848783  0.79162  0.754427  
1.75631  0.104577  0.0691706  
0.177585  2.48483  0.89379  
1.84157  0.0557419  1.10895  
0.0675635  3.28817  0.0348002  
0.365028  1.89219  0.173549  
0.941098  0.747985  0.149033  
1.39971  0.233592  0.841624  
0.537337  0.728962  1.29759  
0.789944  0.958106  0.312538  
0.0599749  2.55464  1.46894  
0.0995663  2.89921  1.15749  
1.74837  0.0800466  0.764266  
1.99027  0.0484226  0.196474  
0.416677  1.66965  0.0936186  
0.656087  0.578374  1.40815  
1.36722  0.28983  0.20791  
0.266402  1.39003  1.32404  
1.17396  0.47569  0.483165  
0.0539408  3.42944  0.104452  
0.502824  0.847189  1.33038  
1.17615  0.485481  0.0819847  
0.289929  1.16642  2.34725  
0.0794356  0.564105  4.7364  
0.755138  0.38149  1.86442  
1.52026  0.196243  0.169332  
0.394791  1.66044  1.11951  
0.422554  0.372509  2.71804  
0.473996  0.253994  3.21201  
0.194343  2.47336  0.239913  
0.0618809  3.3096  0.150845  
0.0911939  3.13762  0.039878  
1.26688  0.368835  0.441629  
0.0913949  3.08414  0.078942  
1.45707  0.208277  0.791105  
0.829783  0.0937133  2.57889  
0.361731  1.16985  1.37386  
0.397607  0.328835  3.26574  
0.895182  0.698583  1.01954  
0.153107  0.913343  3.29606  
0.071088  2.17045  1.86535  
0.563176  1.35743  0.106133  
0.0644379  3.47117  0.0458716  
0.491028  0.214716  3.25936  
0.31541  1.92447  0.647823  
1.34487  0.0577093  1.57086  
1.50223  0.176089  0.537994  
0.459084  0.278853  2.65419  
0.162946  2.60633  0.0555299  
0.343179  1.01731  2.22347  
0.205086  1.44186  2.33461  
0.651283  0.148679  2.55419  
0.360956  1.07011  1.62736  
0.230321  2.26021  0.636264  
0.0413653  3.78159  0.0382172  
0.0825108  0.0881086  4.96646  
0.587033  0.671087  1.67686  
0.104399  2.89877  0.705375  
0.243316  2.2861  0.0406566  
0.817689  0.850429  0.847939  
0.394855  1.79667  0.431862  
0.832915  0.294524  1.98915  
0.704062  1.06438  0.271824  
1.56901  0.148876  0.340433  
0.261116  0.126667  3.92711  
0.0595846  3.31521  0.851163  
0.102771  2.91089  0.70962  
0.108475  0.0754284  5.12469  
0.764781  0.977196  0.330757  
0.495787  1.45965  0.175897  
0.902302  0.750412  0.388199  
0.164128  1.73758  1.57667  
1.19962  0.0995838  1.25204  
0.296016  2.03553  0.839565  
0.887483  0.742098  1.19179  
0.846004  0.820227  0.262858  
0.0637656  1.32414  3.64775  
0.171412  1.78708  1.37026  
0.960925  0.231435  1.75902  
0.833859  0.293624  2.13517  
0.0801785  3.21585  0.378673  
0.761994  0.367053  1.92429  
0.187646  2.51058  0.708797  
0.903186  0.242686  2.16437  
0.0525273  2.49314  1.6741  
0.570906  1.35709  0.402566  
0.804795  0.866397  0.863009  
1.11119  0.510908  0.186937  
0.503616  1.46406  0.0708526  
0.0931493  1.97406  2.17118  
0.497975  1.42754  0.601429  
0.0759273  0.592262  3.68998  
0.146784  1.99968  1.28235  
0.439653  1.52634  0.968082  
0.550199  0.66122  1.9061  
0.581914  1.37576  0.091004  
0.925104  0.700505  0.480402  
1.00019  0.613608  0.348343  
0.710219  0.968686  0.971342  
0.565165  1.31838  0.451016  
0.222862  2.26565  1.18056  
0.0818853  3.20537  0.0382143  
0.344519  1.87077  0.427668  
0.147452  0.945193  2.72442  
0.450976  1.61779  0.103293  
1.19806  0.436183  0.0761366  
0.192328  1.5939  2.18834  
0.15615  0.992144  2.49556  
0.152968  2.77095  0.0484499  
0.113039  1.25235  2.7484  
0.654026  1.14661  0.306245  
1.1212  0.106327  1.4541  
0.113601  2.91494  0.419573  
0.0717204  0.56893  4.74086  
1.65328  0.107453  0.785021  
0.303012  2.04414  0.128426  
0.354227  1.82784  0.618351  
0.108392  0.0771142  4.934  
0.133506  0.37288  3.70199  
0.348527  1.11899  1.3972  
0.226426  0.635876  2.98097  
0.307912  1.98205  0.980507  
0.514921  0.8262  1.28137  
0.512906  1.46339  0.142288  
0.806884  0.958128  0.0990471  
0.120511  1.13481  2.72439  
