1.80362  0.0434325  2.61506  
0.0425296  3.05243  3.8748  
0.439756  1.61809  0.0338455  
0.0464205  1.20267  6.04216  
0.0454979  4.02667  0.0454928  
2.00997  0.0520242  0.0520757  
0.0647794  0.168532  5.22292  
0.109626  0.0582857  5.50615  
0.0433149  3.95084  0.0649902  
0.0488448  3.78714  0.0506243  
0.0491947  1.27187  5.61344  
0.0506676  3.71605  0.0606408  
0.0456987  2.2703  5.53374  
0.0966128  0.0822486  5.72785  
0.271777  0.152472  4.05614  
0.0675638  0.112439  5.02213  
0.314714  0.107286  3.9716  
0.0474653  3.96953  0.0471356  
1.93551  0.0543918  0.696081  
0.105598  0.0813425  5.1324  
0.106933  0.419569  4.4467  
0.0565332  3.7853  0.0523415  
0.118422  0.0578295  5.11672  
0.305357  1.99112  0.825419  
0.0991171  0.0587438  5.82384  
0.248914  0.119198  4.36072  
0.0760126  0.111129  5.7426  
0.27122  0.159641  3.74398  
1.91249  0.0595479  0.0505815  
0.0724131  1.23655  3.05102  
0.0944716  0.449826  4.55353  
0.278223  0.10208  4.71103  
0.0574109  3.59647  0.2261  
0.0855773  3.18063  0.538947  
0.983611  0.204154  1.44253  
0.286633  2.09545  0.682883  
0.505282  1.47906  0.247428  
0.0973895  2.94192  1.21626  
1.1281  0.49464  1.10906  
0.0624541  3.54846  0.0662509  
0.740749  1.01086  0.316595  
1.88207  0.0703794  0.470037  
1.75459  0.0795003  0.983533  
0.976232  0.660122  0.200475  
0.226789  0.236913  3.84514  
0.242442  2.34857  0.0575907  
0.657766  0.518552  2.39045  
0.95957  0.173966  2.34917  
1.90452  0.047247  1.61606  
0.060509  0.618261  4.5723  
0.283135  0.12985  4.21672  
0.114338  0.457899  4.25776  
1.85842  0.0658395  0.680811  
1.72527  0.089704  0.305869  
1.33827  0.320664  0.184438  
0.128616  0.383955  4.7694  
0.0453688  3.67637  0.0620915  
1.67173  0.12495  0.0920097  
0.0630289  0.0568834  5.96742  
0.787983  0.044677  3.36386  
0.896134  0.72828  1.03239  
0.0810143  3.15542  0.770316  
1.5301  0.163286  0.498948  
0.204496  0.754339  3.08533  
1.15157  0.108914  2.09917  
0.17154  1.68358  1.79356  
0.528439  1.40132  0.826694  
0.118485  2.8611  1.18251  
0.174261  0.880725  3.45431  
0.517145  1.44728  0.0401621  
0.0589396  0.709007  3.77751  
1.98159  0.0509565  0.446125  
1.70741  0.098859  0.321942  
1.58476  0.153  0.057447  
0.728689  1.03302  0.312263  
0.0613586  3.57583  0.0523678  
0.376746  0.366514  3.34041  
0.0821651  1.38544  2.63776  
0.599774  1.25  0.710278  
1.00609  0.168312  2.30553  
1.09796  0.561132  0.121445  
1.84173  0.073803  0.0529065  
0.52251  0.636223  2.03779  
0.0937429  3.21823  0.050281  
0.596997  0.153985  3.30611  
0.254333  1.3054  2.21927  
0.965805  0.68718  0.168157  
1.60306  0.149005  0.216265  
0.110258  0.412548  4.50081  
0.0512074  1.55236  2.43888  
0.311176  1.93671  1.21155  
0.233453  2.38383  0.0585625  
0.175879  1.7865  1.58003  
1.54617  0.191048  0.147548  
1.89272  0.0677255  0.0555349  
0.397188  0.0692815  4.10983  
0.468161  1.61126  0.0809227  
1.31229  0.345469  0.0633679  
0.302558  0.0947043  4.19292  
0.092328  0.0602236  5.88004  
1.23562  0.0810091  1.93816  
1.325  0.311189  0.357578  
1.98962  0.0546198  0.10618  
0.0650041  2.4609  1.49911  
0.0438257  2.15758  6.00435  
0.159536  0.276788  3.68844  
0.177616  2.5258  1.04352  
0.772316  0.992659  0.189451  
1.76673  0.0855516  0.16095  
1.2139  0.0679763  1.97476  
0.0635309  3.52195  0.0478862  
0.0445017  2.98788  3.8025  
0.246236  0.611626  3.0265  
0.0817381  2.24778  1.80546  
0.211828  2.41447  0.567002  
1.87159  0.0729504  0.238828  
0.335684  0.103488  4.16012  
0.134154  2.83132  0.0564057  
0.340222  0.102783  4.08703  
0.331774  2.0143  0.546206  
1.26635  0.0571354  1.67354  
1.05952  0.508496  1.11026  
0.479953  0.252632  3.47943  
0.193329  0.782347  2.92779  
1.19382  0.0891648  1.92024  
0.0781463  0.0930563  5.84597  
1.56459  0.170392  0.105747  
0.425751  1.65528  0.750661  
0.997405  0.652741  0.489438  
0.690242  1.06563  0.591214  
0.782686  0.898567  0.928123  
1.27618  0.317464  1.12003  
1.94877  0.057814  0.326726  
1.29816  0.320248  0.353076  
0.258414  0.673756  3.00678  
1.50996  0.177312  0.801678  
0.0687653  3.47412  0.0523608  
1.95443  0.0520058  0.440104  
0.886202  0.737999  0.669439  
0.059048  2.62613  1.42443  
0.124336  2.90402  0.341265  
0.085732  3.19951  0.197266  
1.02686  0.574851  0.317824  
0.349763  1.8731  0.597981  
0.203823  1.63597  1.26171  
0.494058  1.46444  0.340789  
0.0720117  3.2425  1.12742  
0.218589  0.215288  3.93775  
0.710093  1.1238  0.310311  
0.550487  0.204493  2.94604  
0.276079  1.35058  1.91277  
0.389094  1.76904  1.08721  
1.36758  0.242774  1.16266  
0.301781  0.475396  2.8348  
0.084817  2.1145  2.00783  
0.066749  3.37975  0.291523  
0.0552972  3.64537  0.672448  
0.535467  0.767365  1.27774  
1.04025  0.601423  0.143753  
0.143576  0.303076  4.13779  
1.07776  0.557424  0.207447  
0.0992854  3.10602  0.5763  
0.103365  3.13804  0.0514738  
0.314987  2.07054  0.0965456  
0.332811  1.89933  0.300318  
0.421431  0.340796  3.11161  
1.49092  0.184478  0.775953  
0.0811322  3.26859  0.0783666  
0.368678  1.80644  1.06832  
0.154147  0.390416  3.90194  
0.683347  0.4641  2.28084  
1.61972  0.132928  0.634185  
0.0536794  2.56211  1.72297  
0.0656853  0.0914177  5.92831  
0.591213  0.137828  3.5761  
0.108981  2.96925  1.16803  
0.140493  2.78596  0.388331  
0.19807  0.203507  4.59658  
0.106636  3.07542  0.0484106  
0.131506  1.97058  1.25664  
0.585295  0.203056  2.5348  
1.64791  0.131561  0.139542  
0.144043  1.74042  1.99992  
1.79276  0.0701133  0.485821  
0.491238  1.50206  0.631905  
0.461807  1.59028  0.166742  
0.194489  2.43948  0.41162  
0.915555  0.746708  0.211117  
1.07243  0.158209  1.37772  
0.187714  2.59908  0.118295  
0.402849  0.376538  2.71684  
0.924634  0.0553823  2.8768  
0.387298  0.880988  2.31367  
0.106845  2.03619  1.6674  
0.444778  0.774205  2.0157  
0.429109  1.66475  0.41142  
0.0731973  3.36158  0.0899703  
1.65637  0.114495  0.663693  
0.0697421  1.53778  2.55397  
0.208982  2.50494  0.110826  
0.141969  2.71419  1.05612  
0.241388  0.135976  4.32515  
0.122002  1.08356  3.20485  
0.0627545  3.45155  0.414453  
0.342792  1.88566  0.549582  
0.155275  2.64328  0.678599  
1.37497  0.267578  0.30399  
0.867564  0.313232  1.49693  
1.31801  0.308906  0.958169  
0.148631  2.69796  1.21376  
0.0959781  3.01628  0.696046  
0.509532  0.0549225  4.491  
1.21825  0.402648  1.1566  
0.847444  0.367918  1.50589  
1.15509  0.116965  1.6087  
0.245601  2.33278  0.0736256  
0.620297  0.57169  1.8838  
1.86552  0.0592482  1.09253  
1.16434  0.113264  1.38232  
0.269236  2.14596  0.748733  
0.128591  2.81016  0.350618  
0.0447136  2.1573  6.00347  
0.0864416  0.130318  4.94887  
0.328099  1.19324  1.25157  
0.676213  0.52366  1.78361  
1.08411  0.14434  1.63843  
1.03134  0.145779  1.80666  
0.0460978  2.55225  2.89208  
0.111909  2.05249  1.38977  
1.04905  0.14076  2.19999  
0.619626  0.161111  3.21886  
0.501261  0.241656  2.54141  
0.347596  0.0911741  4.46233  
0.80434  0.326432  2.1889  
0.946621  0.681879  0.288952  
0.0704694  3.3947  0.25852  
1.41537  0.25049  0.0873941  
0.293489  1.24289  1.96519  
0.0512126  3.65953  0.851484  
1.1354  0.120909  1.55137  
0.0520471  2.68385  1.40316  
0.214433  0.176181  4.6191  
0.801958  0.329702  2.16004  
1.08914  0.582854  0.101118  
0.940143  0.0477148  2.90362  
1.01674  0.560747  1.08014  
1.39554  0.119171  1.30627  
0.0831546  3.31165  0.0620844  
0.32168  1.15001  1.58517  
0.179642  2.57945  0.514047  
0.0747185  3.28697  0.390529  
0.830365  0.852444  1.19635  
0.17351  0.942186  2.99008  
0.656193  0.115319  3.60715  
0.954168  0.698158  0.129742  
0.0610245  3.49257  0.331464  
0.902898  0.716739  0.902212  
0.313112  1.96063  1.10315  
0.128787  2.8824  0.046271  
0.0790469  1.38914  2.48907  
0.0576565  3.50553  0.989311  
0.840131  0.801778  1.18548  
0.225103  0.724696  3.52656  
1.96688  0.0571699  0.155894  
0.645029  0.522566  2.25076  
0.181832  1.72752  1.34062  
0.604821  1.29219  0.2745  
0.11611  1.82698  2.37926  
0.133018  0.0789235  4.96978  
0.0801551  1.0929  3.37891  
0.312173  2.17575  0.384713  
0.236977  0.604021  3.29238  
1.46535  0.217406  0.553462  
1.25986  0.364098  0.992477  
1.55683  0.154229  0.617328  
0.0924708  3.02774  0.733164  
1.77943  0.0736271  0.796166  
0.289651  0.558766  2.74774  
0.0757639  1.3313  2.66268  
1.62644  0.128674  0.259683  
0.157526  0.334991  3.88895  
0.543166  1.43215  0.265431  
1.10627  0.129604  2.08409  
0.364396  1.81821  0.565893  
0.222673  1.46525  1.95261  
0.651899  1.22165  0.0632052  
0.475758  0.328987  2.5116  
0.201921  0.730707  3.15221  
0.0886903  3.32809  0.0564516  
0.723454  1.05875  0.311304  
0.165155  2.67135  0.09722  
1.26126  0.353932  0.655575  
0.260429  2.29286  0.218603  
0.835815  0.835658  1.22836  
1.34549  0.299232  0.783921  
1.38347  0.0796371  1.6008  
0.383208  0.904507  2.05552  
1.4784  0.200155  0.420374  
0.462623  0.232289  3.63767  
0.370352  1.84675  0.0670905  
0.16491  0.917862  3.14084  
0.0577996  3.62636  0.0474793  
0.715164  0.104062  2.45459  
0.139925  0.883525  3.55724  
1.7866  0.0770749  0.785567  
1.70246  0.0932561  0.865193  
0.0696057  3.41127  0.257483  
0.265364  2.18318  0.911161  
0.385094  1.73617  1.24193  
0.226001  1.4334  1.5637  
0.243178  0.172599  3.80496  
0.367252  1.02574  1.71469  
0.198718  1.50408  2.35894  
0.612845  1.1773  0.88261  
0.93748  0.197899  2.20584  
0.0529253  3.66647  0.362621  
0.0980211  3.11832  0.106199  
1.01318  0.594564  0.653423  
1.42647  0.212507  1.14405  
0.283896  0.600886  3.27378  
0.0670053  3.42371  0.132313  
0.0669515  0.064998  5.91178  
1.47331  0.238639  0.0985784  
0.296997  1.28327  1.25393  
0.351032  1.11233  1.72779  
0.696943  1.04438  1.11631  
1.63873  0.109066  0.826685  
1.44668  0.212086  1.23229  
0.344031  1.86042  0.873202  
1.05196  0.544502  1.19215  
1.83589  0.0622744  0.968195  
1.13992  0.487131  0.289997  
1.2403  0.391645  0.178068  
1.46307  0.2409  0.129491  
1.40724  0.0532465  1.3945  
0.168483  0.276764  3.94611  
1.19922  0.0980541  1.53379  
1.28253  0.309822  1.05762  
0.100442  0.988128  3.50708  
0.932089  0.72504  0.108802  
0.633886  1.17667  0.940405  
0.0585908  2.39283  2.13022  
0.0478199  2.74955  1.41495  
0.0487337  1.4103  4.63813  
0.150105  2.73153  0.502873  
1.81604  0.0647516  1.14371  
0.639861  1.13836  1.05077  
0.767043  0.926135  0.913751  
0.129897  0.375788  4.78708  
1.40083  0.0832609  1.28823  
1.2075  0.410953  0.702106  
1.00095  0.642221  0.112886  
1.06517  0.195779  1.27863  
0.240401  2.19335  0.623251  
1.68381  0.111653  0.334637  
0.318033  1.15369  1.81419  
0.854519  0.294777  1.85713  
0.279534  2.13358  0.496359  
0.0843925  0.155922  4.91837  
1.24634  0.387218  0.0705131  
0.757698  0.377643  1.89114  
1.29335  0.298532  1.22148  
0.449608  1.56725  0.973494  
1.8121  0.0689025  0.948373  
0.702313  0.443237  1.82966  
1.61078  0.141711  0.521521  
0.152615  1.79842  1.32657  
0.795516  0.471418  1.29257  
0.126572  2.81704  0.402282  
0.514942  1.51853  0.201206  
1.57704  0.161073  0.065543  
0.0718123  3.29615  0.886308  
0.0617845  1.26186  3.41992  
0.801786  0.0868417  2.46676  
1.17397  0.103778  2.06686  
0.434775  0.792606  2.04398  
1.44074  0.249045  0.329796  
0.255127  1.36203  1.84383  
1.22851  0.407728  0.0700034  
0.560449  1.41916  0.102726  
0.603874  0.121826  3.591  
0.432236  0.819743  1.74201  
0.626475  1.20456  0.479452  
0.38035  0.397006  2.44716  
0.202523  0.206861  4.28248  
0.285672  0.11576  4.35386  
0.651999  0.132371  2.9696  
0.0480985  2.76291  1.2825  
1.77263  0.0967297  0.133278  
1.35818  0.303407  0.0774412  
0.0680848  3.44081  0.0773036  
1.5218  0.180875  0.413894  
0.106668  3.03051  0.37872  
0.669991  0.48192  2.23567  
0.471704  0.267337  2.75261  
1.34995  0.279417  0.449764  
0.748491  0.0792349  3.40729  
0.570899  0.141522  3.62676  
0.37652  0.0730895  4.30892  
0.750215  0.0778558  3.44  
1.96596  0.0557952  0.214726  
1.67898  0.120555  0.205427  
1.17911  0.423765  0.432172  
0.0994634  3.04315  0.451751  
0.361974  1.07695  1.76357  
0.847452  0.254313  2.26189  
0.943548  0.702255  0.905143  
1.48353  0.209186  0.404037  
1.05447  0.533455  0.887668  
0.220041  2.44389  0.0650232  
0.0642241  2.54322  1.25433  
1.16911  0.435886  0.964264  
0.113589  1.14514  2.70069  
0.878753  0.257386  2.16891  
0.404715  1.6978  0.97245  
0.665733  0.587987  1.69386  
0.188477  1.71436  1.26062  
0.879063  0.226311  2.28077  
0.438143  0.833239  1.62323  
0.0817673  3.24747  0.123567  
0.793723  0.973218  0.092527  
1.73076  0.0856836  0.808567  
0.889609  0.297828  1.29369  
0.292365  0.483579  2.85392  
0.87151  0.770368  0.461141  
0.411169  1.05094  1.34636  
0.875331  0.28935  1.83064  
1.11655  0.120686  1.86735  
0.629381  0.542585  1.95327  
0.0478115  2.72609  1.45782  
0.399539  0.347395  3.25394  
0.459585  1.54283  0.64011  
0.110006  1.21664  2.78182  
0.821868  0.914971  0.0638293  
0.85518  0.325592  1.69493  
0.210228  2.4827  0.0584822  
0.345975  0.445129  2.76617  
1.82883  0.0822197  0.147628  
0.405392  1.76358  0.753622  
0.638147  0.138445  2.60272  
0.0867396  2.31485  1.33172  
0.114357  1.1041  3.18765  
0.0810798  2.28153  2.35426  
0.921601  0.256982  1.31882  
0.0949142  0.431001  4.84947  
0.138601  0.0572114  4.89543  
1.73273  0.100734  0.135417  
0.106607  2.02214  1.8743  
0.13738  0.0638647  4.99854  
0.117051  2.87012  1.19615  
0.641818  1.16367  0.749664  
0.0493889  0.916756  4.8079  
0.18417  1.66223  1.76824  
0.859355  0.847657  0.124891  
1.2031  0.427154  0.194974  
1.74488  0.101305  0.0552493  
0.203504  0.94564  2.57418  
0.147699  0.0653374  4.87854  
0.392704  1.11905  1.3004  
1.82243  0.0974939  0.103793  
0.448471  0.762152  2.08305  
1.25261  0.376926  0.28657  
0.704269  1.09547  0.482457  
0.118294  2.91957  0.308136  
1.01613  0.635358  0.125605  
1.18687  0.411188  0.895202  
0.719398  1.03082  0.578011  
1.80698  0.066569  0.997768  
1.63298  0.15011  0.06091  
1.41147  0.255245  0.524811  
0.577471  1.40517  0.0735697  
0.569085  0.165474  3.16878  
0.455304  1.55428  0.966231  
0.57352  1.27695  1.04459  
1.74178  0.110767  0.0604909  
0.153194  2.77489  0.0788811  
0.820597  0.890599  0.170497  
1.11977  0.131738  1.3224  
0.486039  0.255316  3.12362  
0.759814  1.02029  0.232733  
0.104417  3.06725  0.253926  
1.42657  0.224713  0.843222  
1.50514  0.184306  1.00446  
0.055937  3.62832  0.172175  
0.0738482  3.34534  0.319646  
0.415215  0.307356  3.25007  
1.69105  0.129483  0.0910862  
0.695934  0.0933172  2.80558  
0.17633  0.860911  2.82174  
0.117938  2.12934  1.27017  
1.38189  0.259976  0.5142  
0.0987999  2.48506  1.27991  
0.665978  1.10368  1.01483  
0.566318  1.37171  0.103593  
0.673363  1.10011  0.737703  
0.859873  0.827776  0.0566972  
1.28721  0.326459  0.435074  
1.45123  0.243282  0.0639949  
0.17664  0.273323  4.65255  
0.407892  0.936438  1.79822  
0.441101  0.28487  3.51002  
0.363732  1.85722  1.00624  
0.244196  1.36309  2.11244  
1.43611  0.244068  0.476581  
0.129215  1.92461  1.36381  
0.744213  0.419255  1.55696  
0.230976  0.693973  2.585  
0.18507  0.20232  4.66993  
0.251369  2.29987  0.246367  
0.161651  2.74079  0.478606  
0.346695  1.83584  1.15848  
0.162157  0.852701  3.54167  
0.350689  1.10602  1.75157  
0.810333  0.0612431  3.28873  
0.119739  1.18475  2.68853  
0.398876  0.96824  1.65418  
1.11126  0.513258  0.344634  
0.43243  1.70452  0.322254  
0.77519  0.955022  0.246506  
0.125151  2.97384  0.0687328  
0.608795  0.645819  1.27292  
0.776794  0.982906  0.148081  
1.65596  0.116876  0.460343  
0.598824  1.31313  0.428608  
0.199032  2.5109  0.313881  
1.50084  0.226463  0.0651584  
1.08603  0.138418  1.52602  
0.10186  2.99977  0.740898  
0.511139  1.52654  0.150572  
0.184259  1.57881  1.48202  
0.415299  0.325603  3.23508  
0.34549  0.0733752  4.81997  
0.357201  1.18458  1.53178  
0.756706  0.537341  1.30476  
0.0684077  3.33987  0.66081  
0.230217  2.27139  0.919966  
0.101128  2.064  2.11731  
1.57903  0.159416  0.608161  
0.0522818  0.883058  4.83742  
0.147776  0.289789  4.27425  
0.851098  0.856168  0.104044  
0.267071  2.2096  0.580743  
0.0899033  3.10934  0.519713  
0.449029  0.314878  2.65967  
0.106301  2.22692  1.26587  
1.22503  0.383061  1.12539  
0.416467  1.74595  0.434377  
0.909047  0.811052  0.0756089  
0.180971  2.65767  0.0550981  
0.815026  0.90829  0.147845  
1.13823  0.487695  0.608366  
0.480601  0.264715  2.95881  
1.4961  0.214776  0.083196  
0.33661  1.94727  0.143825  
0.485187  1.54498  0.397532  
0.557687  0.193507  2.68688  
0.16855  1.91075  1.285  
0.436239  1.58226  0.918501  
0.15653  0.953261  2.95336  
0.328562  1.95046  0.791871  
0.0992361  2.23175  1.67183  
1.98716  0.0480426  0.404447  
0.162177  2.61294  0.38994  
0.198628  2.58431  0.0836239  
0.64491  1.17584  0.138094  
0.688493  0.439493  2.07174  
0.513322  0.713172  1.59398  
0.318842  2.21527  0.0905979  
0.686955  0.112933  2.591  
0.214798  0.170718  4.86539  
0.487963  1.55645  0.0659442  
0.374281  1.15885  1.36029  
0.133981  1.08893  2.81637  
0.816337  0.0587682  3.17124  
0.606103  0.19249  2.78206  
1.60727  0.13783  0.843726  
0.265715  1.37052  1.4613  
0.168695  2.65451  0.309656  
1.18317  0.514084  0.085147  
1.55017  0.181954  0.0816208  
0.554387  1.35615  0.617472  
0.0787044  0.0979438  4.99339  
0.443514  0.928876  1.34909  
0.110146  2.19845  1.659  
1.2517  0.374622  0.806143  
0.4414  0.075949  3.6594  
0.106303  2.20528  1.36626  
0.358497  0.0751568  4.68856  
1.54846  0.15423  0.765212  
0.124518  2.91756  0.181049  
1.18602  0.417598  1.17106  
0.576571  0.657742  1.47354  
0.662289  1.1178  0.491094  
0.185756  0.798729  3.58002  
1.3549  0.114772  1.30666  
0.102662  0.462455  3.64356  
0.751205  1.04657  0.0641017  
0.409688  1.75364  0.0652532  
0.0737216  2.31199  1.33477  
0.0630332  0.828361  3.67598  
