1.69391  0.0409383  0.698143  
0.249802  2.29222  0.0483264  
0.0408677  0.367847  4.39985  
0.0426177  0.0489415  5.75707  
0.0443309  4.01548  0.0523453  
2.00556  0.0497169  0.0505563  
0.0495222  0.0457651  5.7051  
0.0566091  3.92396  0.0570494  
0.0497442  0.052928  5.55957  
0.0515909  3.83283  0.153763  
0.0492137  3.69895  0.272867  
0.0491942  3.77562  0.182135  
0.0535976  3.7384  0.186006  
0.0498953  3.30227  0.767652  
0.0722528  0.0907228  5.24303  
1.91342  0.0592419  0.0784553  
0.400725  1.90229  0.0897174  
0.0963483  0.312845  4.10064  
0.185203  0.428723  3.37122  
0.131831  2.76667  0.46274  
1.98172  0.0499595  0.0507133  
0.0556184  3.65922  0.221548  
0.0482102  0.115719  5.30106  
0.13976  2.33119  0.891218  
0.0891306  2.12328  1.52483  
0.184608  2.08026  0.778886  
1.77975  0.0464977  0.512324  
0.972945  0.0967053  2.29666  
1.54917  0.0519801  0.870793  
0.168287  2.36506  0.595849  
0.055184  3.64103  0.23975  
0.0801839  2.69132  0.813896  
0.0832357  3.47379  0.0638876  
1.56937  0.0781359  0.438153  
0.0688127  3.60505  0.0581968  
1.47625  0.24879  0.0703609  
0.0764409  3.2223  0.34381  
0.397381  1.86486  0.150413  
1.04886  0.446035  0.708817  
0.154557  1.8213  1.32606  
1.97569  0.044047  0.11009  
1.51927  0.13755  0.369516  
0.160762  0.242064  4.17169  
0.100904  3.17352  0.214784  
0.0490408  0.142532  5.20129  
1.73279  0.0786549  0.310222  
0.0579923  3.26617  0.54572  
0.0447331  0.155137  5.13572  
1.28023  0.384159  0.0743117  
0.0622836  0.0752614  5.46655  
0.146393  0.484017  3.63325  
1.06755  0.117099  1.53299  
0.0531311  0.101673  5.36444  
0.180392  0.136977  4.38111  
1.26959  0.369604  0.122826  
0.0984514  2.73567  0.629698  
0.0651079  0.0836668  5.4197  
1.94214  0.0522687  0.0507804  
0.0873795  3.07875  0.319157  
1.35709  0.335553  0.152442  
0.176301  1.22418  2.116  
0.129905  2.95062  0.277204  
1.37502  0.324776  0.451029  
0.0490388  3.90125  0.0616679  
1.8918  0.066707  0.0711455  
0.0742797  0.066959  5.17172  
0.171077  1.58283  1.6292  
0.0709106  3.52796  0.0672169  
0.0631892  3.40246  0.210625  
0.327922  0.117445  3.92796  
1.20855  0.218472  0.778693  
1.53133  0.0909194  0.491437  
1.50985  0.172321  0.447513  
0.216849  1.98301  0.758747  
0.957529  0.539108  0.5396  
0.773794  0.340235  1.64398  
0.0733415  0.0511249  5.32014  
0.0590736  0.198153  4.91937  
1.70594  0.0511987  0.552426  
0.0568345  3.55484  0.283271  
0.103464  0.0670746  4.88477  
0.854161  0.0997031  2.18038  
0.0711344  1.76615  2.08236  
0.389986  1.5097  0.729537  
0.0604845  2.97398  1.00252  
0.133714  0.872939  3.04228  
0.109209  1.76666  1.73158  
0.107749  0.908325  2.82683  
1.0303  0.43093  0.74075  
1.23264  0.147688  1.13977  
0.3704  0.677471  2.1441  
0.0658914  2.85025  1.12497  
0.331913  2.03073  0.257103  
0.0846171  0.0656442  5.05984  
0.066987  3.44046  0.173886  
1.24669  0.364796  0.292638  
0.655181  0.0821357  2.75657  
0.110654  0.144602  4.71272  
0.0744527  1.9652  1.948  
1.30238  0.154224  0.915978  
0.428376  0.356774  2.50964  
0.064981  0.240592  4.60054  
1.66841  0.0466907  0.662771  
0.0698317  3.33112  0.364443  
0.120912  2.51906  0.772277  
1.7616  0.102687  0.171894  
1.85708  0.0674324  0.148892  
0.051393  3.76188  0.232876  
1.39028  0.315015  0.147232  
0.264785  0.197242  3.67094  
1.95789  0.0450241  0.207419  
0.843912  0.34292  1.33775  
1.13041  0.378354  0.525755  
1.68369  0.0857049  0.322816  
0.340466  0.0972626  3.72634  
0.0935152  3.13542  0.307843  
0.930842  0.224798  1.50175  
0.190853  0.110691  4.33571  
1.84549  0.0676387  0.139837  
1.83473  0.0578705  0.213698  
0.0722652  3.43286  0.0997819  
0.0681301  0.220664  4.64085  
0.155577  0.578979  3.32282  
0.0657879  2.81237  1.16363  
0.200848  0.088627  4.29929  
0.410644  1.8416  0.229784  
1.8226  0.0898488  0.091465  
0.0531114  0.275271  4.76671  
0.0564409  3.10795  0.854676  
1.6279  0.125532  0.170119  
0.554022  1.2703  0.429741  
0.245903  1.61688  1.17397  
0.0463813  3.35577  0.55356  
0.128634  2.66156  0.593913  
0.692119  0.211037  2.329  
0.0444996  3.87957  0.102798  
1.57406  0.0768795  0.553453  
0.242087  0.137944  3.98493  
0.0460571  0.0877621  5.49048  
0.0689336  0.107654  4.99154  
1.15822  0.454393  0.219867  
0.0984466  3.04561  0.334245  
0.05639  3.51014  0.45684  
0.0856218  0.802201  3.17115  
1.4169  0.161643  0.564747  
0.174666  2.86281  0.0810578  
0.0662762  3.25145  0.466183  
1.76762  0.0728259  0.324102  
0.469491  1.24353  0.690037  
0.35047  1.64228  0.535791  
0.233541  1.73677  1.11513  
0.667827  0.923446  0.512535  
0.147816  2.57231  0.498339  
0.449744  0.538085  1.87186  
0.057986  0.0699921  5.5188  
0.0991673  2.93204  0.284479  
0.125211  1.62984  1.85634  
1.74882  0.0734771  0.320116  
0.0706887  2.5518  1.25499  
0.160022  2.70913  0.222583  
0.615263  0.974901  0.792199  
0.114595  0.0488957  4.9473  
0.0593096  3.02741  0.983308  
1.86577  0.0538126  0.357686  
0.0596206  3.37598  0.432773  
0.0603199  3.05592  0.725402  
0.4623  1.08944  1.13614  
1.71899  0.0713354  0.428631  
0.143818  1.84853  1.45417  
1.2011  0.354256  0.442957  
0.759569  0.284177  1.74687  
0.534924  1.09492  0.649642  
0.152995  0.390245  3.89987  
1.33728  0.135582  0.625055  
0.132763  0.495761  3.69213  
0.0534785  1.06636  3.2668  
1.1148  0.434406  0.38163  
1.30978  0.132177  0.921582  
0.161731  1.49317  1.9244  
0.198851  0.388602  3.29364  
0.282068  2.27  0.121757  
0.0941409  1.35641  2.44789  
0.0549855  0.214586  4.96941  
0.118585  2.64252  0.708369  
1.6033  0.193816  0.179965  
0.466744  0.230628  2.80847  
0.072838  3.49355  0.0581658  
1.64461  0.137465  0.0559203  
0.152615  2.78957  0.21418  
0.13418  1.5652  2.03498  
1.34912  0.0944724  1.28697  
1.49323  0.176698  0.365315  
0.0694158  0.236839  4.5271  
0.144414  2.24024  0.833808  
0.124998  0.458727  3.81786  
0.0764352  0.104916  5.09324  
0.0730826  2.50065  1.15128  
1.12254  0.312538  0.643315  
0.317654  2.15708  0.159939  
0.129842  0.449542  3.7937  
0.294987  1.70901  0.626932  
0.127967  0.0960163  4.56394  
1.22033  0.437639  0.108437  
0.119695  1.55186  2.05419  
1.89111  0.0437548  0.321547  
0.298976  0.0752277  4.01385  
1.09975  0.093453  1.75704  
0.165716  0.814997  2.85462  
0.912953  0.15936  1.79631  
1.80254  0.0590376  0.460354  
0.225636  0.138757  4.08532  
1.63892  0.141871  0.0578583  
0.216006  0.342798  3.39831  
0.0560486  3.58673  0.149315  
0.751282  0.63733  0.887967  
1.67523  0.11016  0.104051  
1.87636  0.0712116  0.055337  
0.631559  0.789472  1.0329  
1.61613  0.224942  0.106221  
0.203073  2.45781  0.248078  
0.0526996  3.57193  0.366046  
0.0912533  2.42155  1.17745  
0.198938  2.00593  0.85342  
0.287999  2.19996  0.190522  
0.263095  0.151703  3.85883  
0.10569  1.72402  2.16068  
0.79973  0.62781  0.903237  
1.14948  0.491608  0.0945089  
0.675975  0.560818  1.31641  
0.201791  0.07083  4.45493  
0.142998  0.829111  2.96504  
0.0571835  0.186669  5.03529  
1.92233  0.0635697  0.0697707  
0.0614697  1.30046  2.66782  
0.058264  0.26221  4.55197  
0.0650047  2.44407  1.36821  
0.114263  2.30443  0.948191  
0.109112  2.53323  0.72045  
1.58822  0.060735  0.627585  
1.95632  0.0516377  0.098378  
0.46067  0.691006  1.70522  
0.172628  0.423731  3.56235  
0.0965548  2.01319  1.88674  
0.384982  0.451158  2.37628  
1.00803  0.373944  0.805431  
0.325384  0.947896  1.7989  
1.71564  0.0595123  0.505948  
0.0770843  1.40133  2.27057  
0.68458  0.323066  1.83581  
0.621263  0.273326  2.20622  
0.116468  0.130883  4.67622  
0.114069  0.251653  4.27201  
1.74334  0.0737105  0.333179  
0.0630289  0.15118  5.0212  
0.194199  1.14014  2.25588  
0.0834816  0.605527  3.95262  
0.377587  0.605717  2.23793  
0.440778  0.328886  2.55123  
0.419482  1.05739  1.26452  
0.0720943  3.38869  0.127414  
0.13296  0.584383  3.4646  
0.066541  2.72122  0.84247  
0.395901  0.326233  2.99398  
1.32934  0.124049  0.893766  
1.7943  0.0878269  0.308227  
1.65976  0.0493365  0.65072  
0.186337  0.0885479  4.62133  
0.130514  0.0747792  4.85937  
0.823412  0.322758  1.55971  
0.134741  2.98963  0.0661295  
0.123586  0.0756296  4.80688  
0.408021  0.064083  3.76141  
0.116992  0.88598  3.02479  
0.156186  0.492149  3.54099  
0.187514  1.19589  2.15952  
0.070151  3.09901  0.425894  
1.1397  0.0959477  1.52309  
0.491759  1.60472  0.193407  
0.250286  1.70236  0.979969  
0.111551  3.13402  0.0588069  
0.112505  0.613918  3.52381  
0.0960522  2.31278  1.39292  
0.0817109  1.1201  3.21789  
0.0611722  2.61444  1.20939  
1.65676  0.059651  0.437657  
0.063553  0.258883  4.71116  
0.355906  1.46184  0.76179  
1.45918  0.0839493  0.74399  
0.832828  0.161904  1.82606  
0.258814  0.850864  2.3156  
0.0928787  0.230226  4.50819  
0.428653  0.18446  3.07252  
0.779069  0.350723  1.41843  
0.0577618  3.85314  0.103031  
1.93286  0.0552355  0.103508  
0.0804831  0.267469  4.47812  
0.126919  0.286874  4.19296  
0.188476  2.38105  0.366742  
0.270504  0.896883  2.19752  
0.432792  1.2051  0.86125  
0.074586  3.01473  0.50911  
0.215387  0.823459  2.56879  
0.860991  0.670428  0.593586  
0.173743  0.59729  3.3048  
0.177958  0.158297  4.32516  
1.81145  0.0623129  0.166558  
0.0461038  0.0798801  5.54215  
0.235989  0.985314  2.00252  
0.380461  1.342  0.963489  
0.210665  0.158052  3.855  
0.201907  1.33717  1.90202  
0.0625079  0.13119  5.10505  
0.123481  1.75506  1.58613  
1.53812  0.160689  0.345042  
0.0646411  2.18515  1.76816  
0.432002  0.772182  1.61227  
0.212424  0.288929  3.58046  
0.065345  0.495413  4.2429  
0.444825  1.23082  0.815805  
0.278136  1.07103  1.57844  
0.0828075  2.43311  1.06563  
0.74735  1.01847  0.328281  
1.00256  0.67401  0.251115  
1.24343  0.358519  0.320001  
0.0894319  0.329169  4.22013  
1.34187  0.185006  0.527653  
0.579038  1.42098  0.0866372  
0.92107  0.714094  0.230982  
1.25706  0.345211  0.304751  
0.510139  1.77958  0.129934  
0.1296  3.00043  0.132039  
0.110679  1.16931  2.56029  
0.0611762  2.6225  1.1986  
0.101292  3.205  0.0562785  
0.108849  2.22789  1.09159  
0.584333  0.876325  0.931406  
1.16598  0.32597  0.583124  
1.40042  0.0893524  0.909384  
0.291543  1.6595  1.01168  
0.888121  0.301204  1.3509  
0.200112  2.491  0.177421  
0.0710361  1.45979  2.25278  
0.095696  0.135776  4.76723  
0.0726923  2.56656  1.25016  
0.766404  1.06291  0.0828274  
1.22591  0.479365  0.0888957  
0.132978  0.292641  4.06422  
0.43011  0.115178  3.25205  
0.149035  2.79797  0.215708  
1.62147  0.117434  0.205065  
0.256101  0.534548  2.77187  
0.951148  0.521472  0.601615  
0.924731  0.248011  1.49473  
0.473059  0.419046  2.07084  
0.114098  0.409505  4.03263  
1.59164  0.161058  0.232153  
0.70624  0.402838  1.62075  
0.485938  0.256377  2.69894  
1.10802  0.300659  0.733186  
0.23889  2.25738  0.434935  
1.60704  0.112779  0.325357  
1.41031  0.21926  0.30432  
0.601842  1.31588  0.250571  
0.895158  0.591535  0.58614  
0.226854  1.18405  2.05239  
0.290631  0.302466  3.18862  
0.207887  1.44463  1.67759  
1.02238  0.458202  0.603172  
0.115196  0.0930185  4.82327  
0.126077  0.331269  4.05266  
0.274047  0.196719  3.61276  
1.2908  0.333948  0.42612  
1.18041  0.204556  0.99096  
0.507808  1.12476  0.771589  
1.19477  0.403918  0.452946  
0.0911064  1.92982  1.97438  
0.522277  0.961565  1.21895  
1.09055  0.166664  1.37686  
0.528301  0.740563  1.48297  
0.565782  0.153255  2.89075  
0.100316  2.91658  0.289959  
0.937917  0.529606  0.752461  
0.231635  0.725617  2.71724  
0.136903  0.863843  2.91069  
0.876463  0.465473  0.966929  
0.0463546  3.86282  0.115667  
0.313378  0.464653  2.58629  
1.43192  0.0935965  0.769856  
1.03903  0.622006  0.269525  
0.595327  0.309815  2.45568  
1.4074  0.268111  0.157087  
0.45452  1.25615  0.734477  
0.992359  0.378152  0.79798  
0.56457  0.957673  1.0825  
0.592235  0.807756  1.04145  
0.637817  0.668024  1.14319  
0.764744  1.03887  0.30761  
0.213499  0.609625  2.87284  
0.163148  0.112826  4.48855  
0.0845499  3.18555  0.163302  
0.15701  1.59953  1.93441  
1.08067  0.149454  1.44948  
1.25824  0.45077  0.0894335  
1.17617  0.232502  0.760516  
0.872512  0.0870601  2.49922  
0.58805  1.36872  0.241965  
0.696585  0.0816971  2.85645  
0.194947  1.43532  1.77464  
0.205341  1.69183  1.18164  
1.07438  0.275804  0.917172  
0.629014  0.228046  2.34261  
0.345122  2.06983  0.0772678  
0.0879174  2.59188  1.02671  
0.56078  1.2309  0.534493  
1.54597  0.151999  0.360805  
0.138591  2.39463  0.674187  
0.567279  0.829514  1.29757  
0.181982  1.54612  1.51824  
0.202391  2.14111  0.555447  
0.103212  2.90826  0.46853  
0.30615  0.777817  1.93527  
0.710912  0.256338  1.96785  
0.335372  0.201954  3.44148  
1.32157  0.106393  1.06776  
0.644226  0.359866  1.8543  
1.17081  0.480798  0.171306  
0.1592  0.241425  4.20772  
0.0670242  0.158257  4.84411  
0.302476  1.94939  0.475763  
0.0702498  2.28855  1.42727  
0.493834  0.369484  2.38958  
1.45444  0.121204  0.664624  
0.371816  1.37975  0.981336  
0.227924  0.752491  2.67789  
0.608315  1.30896  0.23949  
0.0886583  0.705686  3.59551  
0.219422  0.0586937  4.42976  
0.325903  2.21394  0.114823  
0.0618992  3.34088  0.452583  
0.259932  1.66219  1.08443  
0.0616757  1.37016  2.61596  
0.0646848  2.88246  0.799591  
0.794575  0.283456  1.81483  
0.167246  0.0833668  4.67749  
0.0675315  0.0507378  5.39712  
0.219545  1.75191  1.04841  
0.276302  1.21532  1.74601  
0.136914  2.82856  0.248374  
0.266352  1.80683  0.721339  
0.118024  2.25924  0.935326  
1.01839  0.623007  0.268603  
0.616952  0.755438  1.07879  
0.365526  0.634956  2.2826  
0.524145  1.14349  0.699364  
0.0528691  0.098699  5.38683  
0.575267  1.04864  0.586449  
0.879911  0.809192  0.249288  
0.144544  0.237266  4.25781  
0.339685  0.204743  3.15284  
0.0607335  2.59955  1.48254  
0.426774  1.14682  1.05888  
0.421734  0.141316  3.32247  
0.180051  1.00019  2.28099  
1.84058  0.0726631  0.0540827  
1.44349  0.257263  0.178099  
0.191308  0.237177  3.90297  
0.109041  1.95422  1.69381  
0.338222  1.15495  1.28317  
0.172538  0.937917  2.47142  
0.316946  0.118498  3.97281  
0.285324  2.13361  0.2886  
0.215582  0.806999  2.63368  
0.120717  2.04342  1.3432  
0.980807  0.708199  0.237111  
0.14824  2.83415  0.166377  
0.320258  1.79724  0.556434  
0.581073  0.511168  1.81138  
0.425013  1.38887  0.69744  
0.502446  0.298745  2.48184  
0.939244  0.567539  0.521092  
0.478115  0.718074  1.48775  
0.078054  2.40569  1.22783  
0.252611  0.643357  2.69157  
0.737301  0.448991  1.39697  
0.246665  0.546348  3.09702  
0.987202  0.457683  0.994847  
1.04585  0.526743  0.398638  
1.87438  0.0600141  0.207822  
0.847427  0.858912  0.257981  
0.343209  0.355092  2.82082  
0.207928  1.93553  1.09973  
0.865645  0.443579  1.18749  
0.0958136  2.05887  1.65986  
0.728141  0.107626  2.55244  
0.436636  0.405377  2.3533  
0.210076  1.47602  1.44038  
0.310792  0.486072  2.75981  
1.32363  0.182112  0.598805  
0.382222  1.72479  0.253994  
0.810093  0.401483  1.28414  
0.193498  1.53284  1.57041  
0.175794  2.40657  0.411194  
0.202345  0.507875  3.2321  
0.946647  0.543134  0.558879  
0.268417  1.03101  1.90322  
0.284613  1.85903  0.667431  
1.43612  0.0656939  1.24283  
0.47837  0.513603  1.90939  
0.547913  0.156529  3.00478  
0.605562  0.381845  2.02843  
1.14478  0.0911792  1.76913  
0.318531  0.762116  2.35759  
0.734134  0.126111  2.34727  
0.177444  0.202815  4.40364  
0.441181  1.68858  0.408096  
0.822243  0.197254  2.01168  
0.308575  0.60232  2.42969  
0.173005  2.89233  0.151714  
1.81605  0.0590744  0.452442  
0.535526  0.319419  2.43534  
0.126519  1.36283  2.28489  
0.319439  0.439706  2.73127  
0.573739  1.04569  0.782635  
0.211316  2.04976  0.824415  
0.0804066  3.19625  0.198004  
0.670935  0.651596  1.27006  
0.46153  0.280703  2.64645  
0.105277  2.47574  0.830436  
1.04146  0.152487  1.5369  
0.482093  0.132772  3.22271  
0.221422  1.51687  1.42892  
0.71903  0.705998  1.00695  
0.721977  0.366221  1.75685  
0.879161  0.615982  0.71908  
0.292586  0.964645  2.01867  
1.9287  0.0663547  0.0653317  
0.140472  0.204489  4.43204  
0.254519  0.567598  2.9348  
0.0879548  0.696514  3.74303  
0.228518  0.604722  2.78475  
0.163891  1.54215  1.68326  
0.355413  0.8614  1.67204  
0.569139  0.945197  0.999482  
0.702494  0.841962  0.679172  
0.807534  0.283029  1.59576  
0.703153  0.47127  1.43384  
1.28924  0.27791  0.527351  
0.641008  0.432891  1.63159  
0.74191  1.12152  0.103023  
0.816813  0.46812  1.20123  
0.068656  2.07329  1.60185  
1.46744  0.0509805  1.01113  
0.440724  1.39176  0.612357  
0.401981  0.993759  1.52974  
0.0839771  0.794105  3.75353  
1.18639  0.288299  0.580078  
0.09578  1.74512  1.92898  
0.196336  0.279876  3.74164  
0.84859  0.548394  0.876204  
1.18957  0.0708414  1.48956  
1.43917  0.0713144  0.880137  
0.0669263  2.17014  1.89401  
1.50193  0.176788  0.346586  
0.601382  0.609757  1.54731  
0.494571  0.359071  2.41977  
0.353107  1.94353  0.199571  
0.415254  0.164668  3.43968  
0.0817572  1.43936  2.18639  
0.37085  1.92014  0.0650146  
0.0965921  0.603334  3.8105  
0.394474  0.220255  3.11912  
1.4669  0.0681979  1.20656  
0.902557  0.743396  0.211507  
0.996852  0.657244  0.315007  
1.79509  0.0617794  0.281891  
0.282687  1.48286  1.38497  
0.161771  1.67394  1.50136  
0.167557  2.39173  0.748059  
0.902886  0.253071  1.30513  
0.386585  0.55313  2.27273  
0.679665  0.625137  1.16884  
0.613273  1.02437  0.810437  
0.803574  0.991983  0.241093  
0.150151  0.847705  2.90765  
0.156799  0.936152  2.71516  
0.190118  0.359539  3.51026  
0.227792  2.47255  0.175972  
0.169395  2.2172  0.767981  
1.07038  0.574756  0.311686  
0.889622  0.160677  1.99964  
0.680871  1.01005  0.471732  
0.253224  2.17939  0.273663  
0.0582848  1.21107  3.01352  
1.09434  0.0609734  1.94093  
0.407219  0.825502  1.65237  
0.451868  1.68098  0.16511  
0.231059  0.249767  3.41826  
0.651303  0.60912  1.34287  
0.306631  0.647571  2.41539  
0.467452  0.73468  1.57755  
