2.02171  0.0479722  0.058482  
0.0438671  2.75057  1.25192  
0.146079  2.74905  0.0439386  
0.0573686  0.0543171  5.97307  
0.0466727  4.00568  0.0564848  
0.0517244  3.74946  0.0515573  
0.0499234  3.88166  0.178079  
0.0467387  3.91281  0.55819  
0.0490178  0.661834  4.09817  
0.087064  0.104668  5.59818  
0.0797371  0.560017  3.98805  
0.10272  0.0954181  5.47863  
0.0767645  3.32437  0.19764  
0.107911  2.9566  0.649388  
0.103862  3.02242  0.354495  
0.0568585  0.0559172  5.89957  
1.5469  0.16113  0.673419  
1.59024  0.13525  0.308026  
0.0604885  3.51416  1.00578  
1.61366  0.137796  0.272915  
0.236684  2.24826  0.893381  
0.10977  0.0634192  5.80015  
1.64371  0.154587  0.0707984  
0.0936831  0.407326  4.81807  
0.134554  2.839  0.188613  
0.0705513  3.36883  1.00555  
0.0770784  3.46134  0.0552381  
0.256051  0.168009  4.29876  
0.258081  2.20989  0.270769  
1.66159  0.12366  0.620252  
1.52855  0.208573  0.0763339  
0.0773461  3.28807  0.996572  
1.82519  0.0554405  2.37353  
0.0890298  0.432552  4.41011  
0.140521  2.77538  0.815911  
1.02744  0.562834  1.06528  
0.0952526  0.399004  4.36291  
1.89802  0.064147  0.0865549  
0.0596201  3.64487  0.286962  
1.74803  0.0797722  0.806774  
0.0962501  0.397918  4.76637  
0.953445  0.675649  1.00994  
1.07598  0.131871  2.00586  
0.244666  0.15215  4.5479  
0.114734  0.0796908  5.38939  
0.0686342  2.3535  2.40749  
0.339785  1.11885  1.89669  
1.284  0.388692  0.125286  
0.0631205  3.70983  0.0560507  
0.132875  2.93184  0.0533469  
1.8033  0.095474  0.0786805  
1.09089  0.515943  0.38684  
0.138492  0.15075  4.87506  
0.0620655  0.146461  5.42068  
0.0633284  3.58461  0.70085  
0.0922366  3.19085  0.129622  
0.481957  0.769119  2.13192  
0.187861  2.49907  0.729933  
1.69015  0.107263  0.715924  
1.88007  0.0700128  0.135895  
0.0592018  3.60242  0.407634  
0.70534  0.0566725  5.25416  
1.72964  0.0859121  0.834369  
1.70355  0.0914815  0.842448  
0.0746011  1.58726  2.76371  
1.76024  0.0970869  0.130472  
1.98514  0.0609553  0.0657014  
1.62771  0.111261  0.917488  
0.581373  0.18467  3.01256  
0.902387  0.25217  2.16626  
0.0735298  0.704615  3.79915  
0.127488  2.87703  0.697147  
1.50401  0.190345  0.260501  
0.0727015  0.122832  5.69987  
0.133309  1.78316  2.28171  
0.22251  0.182312  4.44373  
1.27698  0.336233  0.321567  
1.26312  0.0853335  1.61427  
0.973534  0.205208  1.93504  
0.383465  1.70381  1.04305  
0.247629  2.32652  0.0536605  
0.0789061  3.26976  0.466873  
1.78635  0.0754151  0.27581  
1.3075  0.292595  1.03786  
1.38444  0.298616  0.121593  
1.21554  0.100684  1.38363  
0.831013  0.855077  0.6918  
0.146326  0.277695  4.84794  
1.34001  0.288995  0.871064  
0.393967  1.6906  0.779558  
0.308699  0.106798  4.51376  
0.0637824  3.56085  0.0554284  
0.434449  0.264245  3.54149  
0.118509  0.0767556  5.3453  
0.31606  0.104587  4.59113  
1.85374  0.068503  1.21777  
0.0513769  1.62145  2.49333  
0.0597947  3.62788  0.148097  
0.165352  1.63704  2.32727  
0.678856  0.0586886  5.33013  
0.320359  1.98613  0.274975  
0.362928  1.79987  1.17822  
0.0582244  0.144111  5.86217  
1.18598  0.455508  0.126699  
0.914063  0.061453  3.83873  
0.119523  1.00092  3.42339  
0.107685  1.05412  3.46699  
0.110255  0.0585428  5.45975  
0.0693478  2.40919  1.38161  
0.893313  0.794063  0.0545283  
0.174433  2.59442  0.925551  
0.467795  1.56958  0.347007  
0.127696  0.360763  4.19793  
1.16207  0.078977  2.2873  
1.15272  0.43794  1.2269  
1.35196  0.280931  0.877856  
0.0554611  1.51168  3.48176  
0.562487  0.16893  3.22234  
0.194208  0.842484  2.84447  
0.0660248  0.1336  5.76051  
0.0732855  3.38471  0.96822  
0.109066  0.0738976  5.67474  
0.0709156  0.0969213  5.7426  
0.571  0.147084  3.61255  
1.43372  0.251504  0.0543257  
0.947665  0.706162  0.317157  
1.24091  0.375715  0.824913  
1.92836  0.054162  0.599031  
0.556211  1.3517  0.447522  
0.211106  2.47438  0.14022  
1.56109  0.146787  0.663809  
0.151445  1.10271  2.5248  
0.464168  1.55866  0.884762  
1.096  0.57125  0.0813295  
0.0490773  3.67795  0.236809  
0.294066  1.2344  2.03465  
0.388719  0.963797  2.41906  
1.20772  0.433844  0.183554  
0.347401  1.93453  0.0507216  
0.107877  3.1632  0.0574638  
0.122684  1.96666  1.79681  
0.0971027  1.21647  2.52884  
0.248584  2.26651  0.0449218  
0.453311  0.993336  1.54774  
0.586385  1.24808  1.02894  
1.87111  0.0655588  0.594554  
0.104097  2.11713  1.88595  
0.788096  0.933853  0.711743  
0.12635  1.03839  2.92276  
1.85626  0.0708046  0.388103  
0.157654  1.85277  1.36533  
1.36979  0.262801  1.11912  
0.627444  0.112892  3.64478  
0.109891  2.06412  1.77071  
0.992289  0.666005  0.281639  
0.279807  2.10091  0.370309  
0.144662  0.305085  4.37196  
0.492351  1.49041  0.951181  
1.12129  0.464289  1.05202  
1.97517  0.0600231  0.0956237  
1.33274  0.274278  0.999388  
0.7936  0.0745101  2.73881  
0.502782  0.297497  2.93887  
0.771951  0.925788  0.737329  
1.15596  0.165652  1.42939  
0.518519  0.0700301  4.47542  
1.41009  0.240618  0.795659  
2.00308  0.0486583  0.162118  
1.46264  0.2016  0.438075  
0.379162  1.04061  1.53259  
0.154454  2.62729  0.852582  
0.366618  1.81012  0.269699  
0.353688  1.02885  1.954  
0.603776  1.22106  0.332947  
1.00426  0.604391  0.768132  
1.44348  0.231667  0.482654  
0.759469  0.0952424  2.80136  
0.302384  2.01758  0.576864  
1.41372  0.245743  0.523259  
1.57113  0.137137  1.20173  
0.0695098  0.153004  5.29845  
0.0997003  3.06405  0.602945  
1.24239  0.418164  0.157599  
0.608216  1.16079  0.980727  
0.168964  0.0900255  4.92265  
0.137982  0.300492  4.62704  
0.0647582  3.54221  0.245865  
1.17852  0.447121  0.912736  
2.01361  0.0597964  0.0588079  
1.73906  0.102819  0.0712691  
0.286511  2.17818  0.0545739  
1.0585  0.512485  1.09081  
1.96742  0.0587073  0.216102  
0.0531932  2.43579  2.3623  
1.57781  0.141419  0.64503  
1.19919  0.435618  1.14562  
0.196725  2.42245  0.614241  
0.266616  0.214377  3.76067  
0.1043  1.13272  3.45838  
0.639122  1.18163  0.241576  
1.42386  0.210324  1.19154  
0.808079  0.887356  0.103497  
1.91776  0.0547389  2.3578  
0.159783  1.87292  1.34885  
0.17214  2.51588  1.13197  
0.199284  2.53343  0.254557  
0.0652655  0.195388  5.16163  
1.9073  0.0620994  0.170877  
0.53357  0.177973  3.62315  
1.22995  0.35314  0.859354  
0.421321  0.294036  3.20487  
0.113474  0.0831669  5.21868  
1.13579  0.107981  1.49324  
1.48646  0.223099  0.199837  
1.83843  0.0719306  0.368042  
1.99942  0.0556044  0.136247  
0.24089  1.38068  2.01828  
0.0838848  1.20269  3.50036  
1.67058  0.107975  0.686126  
1.12508  0.107676  2.43935  
0.188051  2.61209  0.0681559  
1.10609  0.116502  2.39873  
0.391587  0.970856  1.84187  
0.274302  0.111903  4.27402  
1.49208  0.213434  0.0712953  
1.02035  0.618113  0.679427  
1.62367  0.122333  0.746072  
0.291103  1.38763  1.41398  
0.122465  3.04663  0.0576181  
0.332013  1.95218  0.506794  
1.36064  0.289049  0.429503  
0.283919  0.521926  3.58579  
0.237338  0.575369  3.35684  
1.39792  0.0720967  1.26227  
0.0818902  0.551963  4.22669  
0.523064  0.719635  1.56595  
0.101029  2.13256  1.29867  
1.32376  0.27426  1.16031  
0.133078  2.88136  0.33843  
1.17083  0.486797  0.206998  
1.29875  0.351907  0.13731  
0.116499  2.90331  0.99387  
1.07101  0.157504  1.44396  
0.0461323  2.28634  3.93806  
1.04329  0.196698  1.39685  
0.640734  1.14279  1.25592  
1.37687  0.0950103  1.28301  
0.0722032  0.139368  5.64348  
0.157687  2.7216  0.49813  
0.089504  0.104521  5.13029  
0.160356  1.82005  1.7051  
0.130436  1.82927  1.74973  
0.711657  0.103993  3.15898  
1.45511  0.245169  0.101931  
0.121649  2.9056  0.249117  
0.593582  0.644504  2.22107  
0.330249  0.4781  3.30815  
0.357304  1.86404  0.332802  
0.111312  3.13803  0.0631538  
1.4717  0.231882  0.246104  
0.800631  0.0715894  3.44192  
1.14582  0.452162  0.612691  
0.853424  0.306201  1.96389  
0.693739  1.09607  0.210928  
0.0908792  3.10307  1.24383  
0.114357  3.07691  0.118019  
1.94028  0.0623113  0.0825163  
0.782358  0.354155  1.99159  
0.282432  1.26787  1.51556  
0.371254  1.76763  0.424359  
0.394911  0.90394  2.23709  
0.152429  2.71036  0.940716  
0.0660644  0.219364  5.05397  
0.0622257  0.188264  5.2774  
0.860966  0.307571  1.89364  
0.299219  2.0788  0.319549  
0.0750674  0.127478  5.62696  
0.191558  2.55897  0.608156  
0.266954  0.155514  4.13737  
0.179376  1.74787  1.552  
0.0765032  0.11068  5.18283  
0.0658478  2.38058  1.6464  
0.555041  0.723792  1.51382  
0.304221  2.15753  0.146817  
1.31546  0.32966  0.0544785  
0.284117  0.507468  3.39303  
0.0710493  1.33013  3.12236  
0.081828  1.41398  2.70967  
0.820801  0.872906  0.587884  
0.137337  1.71515  1.87294  
0.173802  1.88196  1.28041  
1.47902  0.199353  0.440046  
0.322452  0.496248  2.96657  
0.987371  0.171256  2.03202  
0.776337  0.092723  2.50815  
0.204576  2.57896  0.078883  
0.257291  0.670448  3.18691  
0.300686  1.18646  2.10855  
0.430376  0.952785  1.77935  
1.72102  0.090368  0.488454  
0.232699  1.36275  2.07517  
0.105283  0.0891963  5.02179  
1.00117  0.61823  0.862989  
0.720902  1.08499  0.074232  
0.208517  0.217182  4.69901  
0.0682715  1.57706  2.90151  
0.697492  0.142849  2.60397  
1.2146  0.384117  0.464258  
0.230321  0.710849  2.45047  
0.0735039  3.39595  0.394794  
0.0783614  1.23534  3.08404  
0.176559  2.6511  0.122285  
1.78124  0.0926281  0.0861579  
0.508561  1.50145  0.474375  
0.632284  0.597575  1.55677  
0.417873  1.75824  0.0671139  
0.746892  0.0896584  3.13961  
0.0714799  3.41338  0.819889  
0.363446  0.0743555  4.48611  
0.217912  1.40324  2.29883  
0.445411  0.884783  1.63346  
0.459468  1.6605  0.0864081  
0.23465  2.39306  0.0721476  
0.541836  0.1772  3.05858  
0.247723  0.144114  4.74068  
0.16303  2.68517  0.410428  
0.599457  0.182287  2.82952  
0.701976  0.125418  2.56679  
0.983634  0.608747  1.11351  
0.937481  0.6865  0.589783  
1.93559  0.0532688  0.657856  
1.35567  0.290216  0.62922  
0.884411  0.770066  0.324594  
0.0909043  3.15063  0.329136  
0.126721  2.79861  0.971263  
0.167083  2.69187  0.290767  
0.496311  0.205829  3.56841  
0.16531  0.920857  2.63491  
0.741215  0.974871  0.299644  
0.550967  1.31006  1.18698  
0.235629  1.39188  1.63121  
0.397419  1.77318  0.0460418  
0.0888147  3.23409  0.75314  
0.412905  1.6676  1.16816  
0.223984  0.900672  2.82211  
0.536421  1.42605  0.382839  
0.40866  1.67811  0.580237  
0.665261  1.13812  0.361421  
0.490076  0.833957  1.58253  
0.422452  1.73701  0.177581  
0.0986051  3.11705  0.537929  
0.565667  1.2829  0.709866  
0.0589401  3.6987  0.0598108  
0.767252  0.0796188  3.16618  
0.500335  0.781957  1.64883  
0.24816  1.3321  2.1525  
1.03453  0.168344  1.74964  
0.529027  0.684972  1.7354  
0.673096  0.443785  1.98786  
0.661009  0.159367  2.55648  
0.222964  1.52806  1.26357  
0.743877  0.460764  1.4545  
0.510513  0.736417  1.92495  
0.123177  0.365568  4.25586  
0.928253  0.74001  0.742791  
1.95828  0.0678423  0.0645135  
0.0794151  3.43875  0.0561023  
1.11741  0.556  0.0720176  
0.251384  1.29262  2.35328  
1.12895  0.499797  0.208125  
0.351617  1.84274  0.910436  
0.879073  0.282288  2.09662  
0.259914  1.40457  1.59463  
0.932712  0.239014  1.86475  
0.404797  0.361477  3.3429  
0.866225  0.826451  0.867917  
0.846563  0.831877  0.983166  
1.77077  0.0938249  0.21699  
1.95153  0.0592245  0.120422  
0.401408  0.425025  2.471  
0.0776681  2.44601  1.30308  
1.23115  0.0965742  1.69525  
0.706558  0.44208  2.05295  
0.352288  0.422848  3.02641  
0.10205  3.09595  0.0678685  
1.81213  0.073653  0.277399  
0.30442  1.20415  2.08712  
0.660792  1.16901  0.055114  
0.34576  0.11381  3.96271  
0.804649  0.893684  0.398775  
0.122265  2.95236  0.132497  
0.717372  0.102507  3.38236  
0.113664  1.91669  2.01084  
1.84276  0.0801785  0.0630858  
1.81689  0.0779162  0.0844486  
0.299323  2.03405  0.549395  
0.369589  0.116174  3.67135  
0.0686294  3.52653  0.0518109  
0.148357  2.67556  1.04332  
0.121559  1.84642  1.85707  
0.475285  0.314295  2.4642  
0.0670606  3.45046  0.114138  
0.697303  1.09327  0.571206  
1.5848  0.151687  0.158735  
0.359938  1.02748  1.91854  
0.679779  0.142819  2.7019  
0.0850893  3.24837  0.0454308  
0.214477  0.777068  3.23803  
0.217463  2.47067  0.061753  
0.0881529  3.24524  0.451766  
0.181524  0.786349  2.95664  
0.314667  2.09325  0.0784307  
1.10843  0.542484  0.0764028  
0.12387  2.81902  0.994291  
0.262581  0.142291  4.60551  
0.248548  1.45846  1.31034  
0.761868  0.985806  0.0903874  
1.25298  0.397019  0.0890606  
1.42085  0.23304  0.66615  
0.0942382  0.555642  3.89504  
0.752823  0.109579  2.78329  
0.424151  1.65031  0.096126  
0.614962  0.536785  1.81949  
0.728926  0.446189  1.72426  
0.307154  2.00316  0.595694  
0.402822  1.67884  1.1383  
0.20588  1.47282  2.22985  
1.29889  0.3095  0.441446  
0.0859963  0.0911369  5.8622  
1.13943  0.487197  0.225746  
1.26167  0.324106  1.05406  
0.441825  0.880705  2.19085  
1.68074  0.126877  0.0620225  
0.271295  0.526497  3.32872  
1.05484  0.547241  0.755221  
0.0930747  3.21651  0.0680828  
0.668964  0.59628  1.33363  
0.837582  0.850252  0.078571  
0.0655235  3.42079  0.464387  
1.50977  0.21548  0.0712789  
0.0754138  0.574115  3.8705  
0.797648  0.0885595  2.65017  
0.182044  2.66783  0.058524  
0.324546  2.04786  0.20577  
0.62309  0.652433  1.41664  
0.136329  0.440759  3.86114  
0.0583425  0.204418  5.10519  
0.22568  0.760629  2.65651  
1.06529  0.534228  0.407736  
0.485693  1.53923  0.130704  
0.347673  0.539797  2.57886  
0.146789  1.00888  2.98491  
0.554781  0.684889  2.19799  
0.732017  0.406136  1.66305  
0.117254  1.02691  3.28216  
0.228641  2.31074  0.167254  
0.10256  3.2091  0.0577861  
0.318505  1.8944  1.19858  
0.242793  0.231885  4.17209  
0.229836  2.29235  0.233036  
0.472104  0.918503  1.57139  
1.51866  0.175693  0.281077  
0.262895  0.609924  2.86404  
0.333353  1.89988  0.558792  
0.297529  0.695101  2.59218  
0.113192  0.657321  3.70852  
1.19491  0.120974  1.30405  
1.05964  0.587929  0.243811  
1.56596  0.199126  0.112029  
0.268635  0.161854  3.81468  
0.209997  1.46887  1.83175  
1.01042  0.582239  1.11349  
0.245813  0.150443  4.67436  
0.327807  2.03428  0.0878604  
0.163053  1.06407  2.66929  
0.21453  0.260963  3.74181  
0.140229  1.01446  2.79129  
0.566933  1.30509  0.657579  
0.342111  0.0894776  4.17589  
0.23481  0.632037  3.57847  
0.576251  1.31966  0.533918  
0.817447  0.903759  0.0615475  
1.913  0.060508  0.157171  
0.303727  1.26132  1.71038  
1.77101  0.0886691  0.354726  
0.226719  1.38205  2.1888  
0.389502  0.901319  2.25959  
0.539683  1.44509  0.228001  
0.244663  1.3  2.38398  
0.428177  1.72456  0.0841727  
0.338369  1.94998  0.0753411  
0.126518  3.02808  0.0605541  
0.252305  1.28509  2.38837  
0.227083  0.640478  3.33581  
0.059121  0.19603  5.20693  
0.719583  1.02447  1.1059  
0.14585  2.73971  1.17085  
0.250954  0.683111  2.98563  
1.44792  0.237331  0.117618  
0.388653  1.02191  1.48128  
0.623991  0.603121  1.53588  
0.573582  0.805043  1.334  
0.140783  2.79948  0.721597  
0.476294  1.55224  0.560821  
0.184448  0.255933  4.65387  
0.511141  0.257448  2.89266  
0.872861  0.818671  0.847132  
0.186822  0.258449  4.65064  
0.374345  1.25333  1.322  
0.597011  0.6245  1.80099  
0.433205  0.915669  1.68151  
0.434111  1.60875  1.11996  
0.923325  0.706681  0.901692  
0.545718  1.43379  0.0570311  
0.962682  0.230551  1.60594  
1.25864  0.340903  0.472232  
0.239403  0.145786  4.72115  
0.592226  0.156522  3.30195  
0.185248  2.51338  0.72331  
0.165389  2.7019  0.107101  
0.15013  0.353193  3.66258  
0.129572  0.0759239  4.99255  
0.0917379  1.34302  2.63742  
0.141455  0.489184  3.68969  
0.0684396  1.33764  3.0484  
0.487816  0.306497  2.87191  
0.163767  0.813108  3.10579  
0.546412  1.36566  0.618665  
0.222929  2.30817  0.906366  
0.28707  1.24033  2.32037  
0.824955  0.38497  1.32101  
0.144038  2.82412  0.0574498  
0.248166  2.18981  0.789536  
0.869333  0.796361  0.941615  
1.01103  0.204631  1.25913  
0.46106  1.60418  0.752986  
0.737233  1.06364  0.0765564  
0.917746  0.772274  0.059987  
0.309056  1.291  1.27067  
1.03291  0.592629  0.149281  
1.67723  0.120177  0.201839  
0.587309  1.31296  0.435147  
0.219496  0.213105  4.67943  
0.415026  0.349183  2.78716  
1.4014  0.285137  0.107986  
0.910301  0.75491  0.557045  
0.515167  0.68412  2.25404  
0.654183  0.579911  1.33989  
0.128706  0.163818  4.92486  
0.128334  1.91129  1.79299  
1.02192  0.645112  0.225749  
0.449978  0.830762  1.88159  
0.0979564  0.451017  4.14647  
0.616586  0.746069  1.39731  
1.25324  0.374667  0.637444  
0.239121  0.334257  3.731  
0.687132  0.51268  1.2567  
0.163456  0.105083  4.94868  
0.307339  0.112633  4.23974  
0.136023  0.059956  5.07346  
0.220119  0.659308  3.24651  
0.202744  0.245333  4.2626  
0.221695  2.36618  0.554897  
0.517882  1.47864  0.950723  
0.970226  0.627657  0.742527  
0.715822  0.402762  2.32283  
0.0509536  2.54312  1.25099  
0.411358  0.989442  1.6771  
0.3051  2.00709  0.593953  
0.515503  0.187226  3.55027  
1.71018  0.105814  0.279144  
0.0777087  2.19116  1.24397  
0.649284  1.16449  0.270965  
0.185918  1.54899  1.71754  
0.0937109  3.12226  0.683552  
0.0588784  3.67955  0.207509  
1.51655  0.186692  0.117224  
0.15532  1.06682  2.6009  
0.189548  2.58499  0.0577617  
0.191567  0.338072  3.75724  
0.2287  1.447  1.57663  
0.0677635  0.528642  4.71207  
0.534586  0.192242  3.17469  
0.158872  0.980583  2.72541  
0.104221  0.0903472  5.03149  
1.32482  0.329185  0.0723358  
0.905618  0.746653  0.924758  
0.164023  2.73287  0.088572  
1.04651  0.550724  0.392556  
1.04969  0.129746  2.19333  
0.136142  0.119427  4.96471  
0.102683  1.0729  3.49593  
0.72543  1.03989  0.694402  
0.185739  2.64004  0.0698951  
0.9224  0.285302  1.47862  
0.684818  0.114231  3.48438  
0.153705  0.810648  3.31215  
0.644991  1.19092  0.0698321  
0.377679  1.13963  1.80269  
0.114039  2.04881  1.92073  
