0.038923  3.50123  3.65746  
1.31139  0.031773  2.21273  
0.12217  2.86843  0.0389745  
0.041587  2.11787  5.99962  
0.0463071  3.93711  0.18151  
2.0486  0.0493292  0.0493335  
0.0464947  3.77678  0.0424784  
1.98986  0.0476751  0.0575486  
2.04353  0.0483121  0.0537193  
0.0485929  3.65694  0.722182  
0.0509906  2.34994  5.55946  
0.0435931  3.719  0.746427  
0.0418786  3.62043  3.03483  
0.835295  0.341772  1.49046  
0.269979  2.13619  0.528839  
0.110913  0.0535569  5.49977  
0.646918  0.04449  5.28505  
0.0688932  0.0988797  5.45256  
0.115399  2.91172  0.801203  
0.0656196  0.587343  4.58602  
0.0497594  3.08763  3.42097  
0.266021  2.1816  0.333811  
0.641895  0.0427422  5.94157  
0.0954293  0.0921426  5.35091  
1.61061  0.129532  0.171904  
0.278064  0.0906637  4.67709  
0.133436  0.318119  4.42906  
1.86506  0.0580055  0.436021  
0.0446316  2.32251  5.65043  
1.63825  0.139667  0.0739971  
1.10345  0.491113  0.711083  
0.062091  3.45433  0.0413147  
1.94108  0.0564059  0.0521296  
0.472335  0.216157  3.43517  
0.127603  0.963579  3.47825  
0.584279  0.0455645  5.83878  
0.051353  3.72549  0.064123  
1.85227  0.0629525  0.141105  
0.0462136  3.6003  3.36113  
0.0510705  3.05766  3.40117  
0.100853  2.99381  0.350352  
0.108746  2.96858  0.210474  
1.77638  0.0714722  0.370407  
0.854286  0.813203  0.132122  
0.310805  0.0902747  4.72524  
0.0543601  2.53335  1.84638  
0.886035  0.857336  0.077205  
0.308396  0.0915881  4.08151  
0.321644  1.98463  0.762333  
0.0466977  2.3092  5.65873  
0.860265  0.260269  1.97726  
0.415321  0.33565  2.43924  
1.23375  0.341191  1.12343  
0.0607876  3.53786  0.0634156  
1.47206  0.167816  1.23372  
0.0768272  0.236939  4.94802  
0.112294  0.745458  3.72885  
0.959958  0.1914  2.40102  
0.210077  0.214226  4.37464  
0.174791  2.56448  0.785339  
1.89943  0.0568359  0.380644  
1.82685  0.0465736  0.573181  
1.88022  0.0524634  0.504178  
1.91203  0.0626796  0.167426  
0.10575  0.369956  4.49542  
0.0919773  3.01293  1.14378  
0.0737388  2.28737  1.90933  
0.0503802  0.0537425  5.9  
0.0770786  3.33281  0.0455634  
0.140894  2.76964  0.312743  
1.79208  0.0771578  0.0929362  
1.96436  0.0504031  0.0473238  
0.480295  0.786088  2.15375  
0.89611  0.716303  0.625662  
0.0946047  3.13934  0.0431622  
0.226886  1.55647  1.33998  
0.0549247  3.57082  0.0436587  
0.232295  0.804361  2.71533  
0.0651188  0.0805431  5.69452  
0.0607776  0.14872  5.20103  
0.0882289  0.108889  5.11438  
0.992102  0.664423  0.0934181  
0.13742  2.73657  0.576678  
0.427814  0.33129  2.68021  
0.198887  0.228956  4.04718  
1.96426  0.0428021  0.0734253  
0.20608  1.45952  2.24213  
0.239477  0.157242  4.64035  
0.294032  0.128008  3.86082  
1.88785  0.05436  0.473466  
0.161059  0.203014  4.46082  
0.0985551  0.0589245  5.79166  
0.201963  1.4886  2.38005  
0.598265  0.625754  1.68286  
1.43724  0.0583067  1.80475  
1.02556  0.166355  2.07529  
1.80069  0.106692  0.0779288  
0.817491  0.275211  2.3604  
1.38697  0.266356  0.0468509  
0.607451  0.133426  3.36237  
0.118281  1.96965  1.6618  
0.631324  0.0390568  5.97147  
0.15996  2.83827  0.0654868  
0.682056  0.0410509  4.62259  
1.23924  0.359523  0.888108  
0.105026  0.0726268  5.25913  
1.6836  0.0980825  0.346586  
0.0842087  3.26538  0.0482417  
1.32798  0.29022  1.17383  
1.92437  0.0521047  0.215404  
0.11862  0.117085  4.89024  
0.115107  1.09479  3.24309  
0.0816263  3.29684  0.0596163  
0.289749  0.108389  4.1208  
0.0722605  0.643677  4.28127  
0.661506  1.17598  0.250587  
1.19018  0.393664  0.872665  
0.384317  1.82203  0.378729  
0.871658  0.75394  1.04662  
0.659076  0.0399162  5.58685  
1.22335  0.407803  0.0959431  
0.0971487  1.19944  3.09128  
0.514334  0.750996  1.77634  
0.107896  2.94062  0.334474  
0.0992149  0.0879997  5.2248  
1.34561  0.0365262  2.00448  
0.334873  1.94265  0.870928  
0.0818713  3.12292  0.468529  
0.0877606  0.063218  5.86749  
1.13827  0.458725  0.652142  
0.0793947  0.572932  3.81989  
0.0654848  0.141798  5.08645  
0.184488  0.306228  3.90163  
0.780365  0.950002  0.607716  
0.12317  1.01944  3.02304  
1.72588  0.0869261  0.124238  
0.135279  1.85876  1.83324  
0.0873127  3.16997  0.208947  
0.142447  1.72323  2.35063  
0.271883  1.28429  2.10449  
0.0884236  0.0614681  5.39508  
1.29976  0.2846  1.24444  
1.6745  0.117223  0.0504182  
1.55465  0.13036  0.972097  
0.231243  0.658832  3.04998  
0.324334  0.515561  2.76961  
0.0700261  2.36123  2.28702  
0.219816  1.57164  1.37425  
0.379646  1.83988  0.276605  
1.73771  0.077363  1.03798  
0.173175  0.280379  3.97227  
0.468067  1.52666  0.95271  
0.139388  0.260677  4.55305  
0.65524  0.0407175  5.72584  
0.565886  1.29354  1.0029  
1.06041  0.17438  1.58586  
0.171029  0.247809  4.19737  
0.667516  1.15058  0.559431  
0.0665077  3.41697  0.0998258  
0.571518  0.613395  1.93918  
0.0848343  3.10608  0.734017  
0.118078  2.86741  1.19736  
0.138236  2.8099  0.397853  
0.403894  0.927811  2.33713  
0.0742189  3.44098  0.0508663  
0.531195  0.162736  3.28693  
0.189867  1.54157  2.37289  
1.76451  0.0674092  0.538918  
1.40366  0.263135  0.0918096  
1.53681  0.17067  0.266336  
0.224485  0.106443  4.77345  
0.110855  0.0550692  5.01301  
0.100246  3.03104  0.874881  
0.0893706  0.498967  4.79065  
0.0979241  2.92765  1.14452  
1.45801  0.190007  1.09973  
0.364989  0.375641  2.951  
0.602973  0.127456  3.52466  
0.517379  1.42335  0.981931  
0.442591  0.893002  1.50677  
0.0529169  3.55403  0.258156  
0.646021  1.23634  0.413183  
1.43117  0.218564  0.947464  
0.630235  0.115213  3.06834  
0.0578836  0.0869802  5.74014  
0.940195  0.258648  1.57155  
0.445212  0.846943  2.12648  
0.336382  1.89976  1.08558  
0.153547  2.71277  0.323916  
0.0950455  3.06341  0.491648  
0.136774  2.82736  0.331279  
0.181487  0.30914  3.79271  
1.08797  0.544133  0.0508114  
1.33873  0.300309  0.217413  
0.55775  1.35137  0.220399  
0.545797  1.38977  0.293922  
0.351823  1.95105  0.0557545  
1.25917  0.389666  0.164542  
0.0524256  0.0937899  5.77144  
0.292162  1.13851  2.19665  
1.04585  0.185249  1.60484  
0.145205  2.67585  0.641909  
0.158699  2.61814  0.7417  
0.698024  1.02516  1.13037  
0.706767  0.446147  2.04727  
0.174461  2.57927  0.80214  
0.675709  0.0938406  3.22592  
0.590297  1.22113  1.06951  
1.74333  0.081523  0.123943  
1.07504  0.0945241  2.32277  
0.188114  2.51659  0.203462  
0.150817  1.68467  2.29646  
0.204865  2.43421  0.341345  
0.450426  0.292545  2.72443  
0.0951735  0.524825  4.31313  
1.12661  0.495826  0.402635  
0.754405  0.938284  1.04872  
0.49892  1.40876  1.04344  
0.156984  2.63181  1.16049  
1.40925  0.238305  0.57104  
1.12124  0.440391  0.790012  
0.489958  0.779932  1.86233  
0.212904  2.375  0.405336  
1.01117  0.193883  1.75193  
0.120814  0.0852291  4.98703  
1.42281  0.245079  0.102134  
0.0751402  3.20724  0.481958  
1.03862  0.571759  0.917887  
1.15041  0.436946  0.501262  
0.659885  0.0464922  5.15797  
0.548575  1.32198  0.820396  
0.410968  0.869324  2.19924  
0.652001  0.0440369  5.15882  
0.673465  1.1751  0.260495  
0.533114  0.185922  2.97679  
1.45064  0.197099  0.769594  
1.18292  0.0854721  1.26549  
0.0704441  3.34572  0.368578  
1.19989  0.467897  0.133455  
1.93317  0.0501138  0.0691133  
0.304371  1.19656  2.00255  
0.195571  0.321564  3.75951  
0.499493  1.50223  0.157601  
0.432533  0.285395  3.4981  
0.806182  0.874207  0.550253  
1.37435  0.288605  0.0754447  
0.690807  1.04782  0.96746  
0.0674157  3.37574  0.310351  
0.542325  1.37759  0.361788  
0.510144  0.259697  2.45995  
0.117574  0.406618  3.84584  
1.2925  0.0718804  1.61635  
1.15689  0.0989073  1.40684  
1.7169  0.0796674  0.595884  
0.359726  0.344657  3.19066  
0.944035  0.254557  1.54861  
0.307201  2.0032  0.230954  
1.4651  0.227687  0.365025  
1.14582  0.483358  0.521827  
1.25015  0.379504  0.815324  
0.0626517  0.257302  4.86015  
0.94838  0.667307  0.779468  
0.703963  0.061268  2.90487  
1.26714  0.36118  0.0456834  
0.324785  0.375379  3.56681  
0.0651375  1.47896  3.11545  
0.371888  1.76932  1.20226  
0.812655  0.894722  0.228511  
0.280302  2.05248  1.16558  
0.194569  0.842923  2.88617  
0.369728  1.03578  1.54644  
0.16261  2.66217  0.0433569  
0.788111  0.355488  1.66892  
0.536532  1.45128  0.281135  
0.879084  0.837616  0.0957119  
1.06591  0.555832  1.02041  
0.0770251  3.29048  0.1139  
0.0849974  0.109792  5.37848  
0.717986  0.534361  1.28175  
1.70701  0.0935948  0.886035  
0.0982487  0.0592369  5.61956  
0.799985  0.975755  0.125304  
0.507289  0.299328  2.54845  
0.200928  0.737107  3.15202  
1.21597  0.399698  0.18979  
0.214823  1.61644  1.52432  
0.103786  2.10491  1.98326  
0.0783465  0.118542  4.82512  
1.49401  0.172332  0.863116  
0.262135  0.564029  2.84  
0.97787  0.665172  0.0464187  
0.612321  1.23185  0.905393  
0.571185  0.138629  3.5417  
1.00656  0.180841  2.25933  
1.35498  0.301915  0.115005  
0.24833  2.26687  0.0409846  
0.0745007  3.36271  0.045371  
0.180262  1.592  2.14899  
0.729384  0.971707  0.851434  
0.153058  0.882091  2.60454  
1.85621  0.0568834  0.49918  
0.40019  1.74544  0.536696  
0.494377  0.846425  1.71502  
0.124112  1.25842  2.55473  
0.306825  1.28276  1.45533  
0.0722636  0.500417  4.53442  
0.212687  1.42802  2.27496  
0.256967  1.35446  1.71684  
0.0849931  3.25156  0.0476069  
0.305789  2.02053  0.201073  
0.221652  0.172446  4.36403  
0.176716  2.60509  0.0463198  
0.553734  0.720181  1.29374  
1.6949  0.11482  0.0529829  
0.0681144  3.38942  0.256204  
0.462575  0.333779  2.49938  
0.565251  1.39872  0.0789961  
1.69817  0.0941269  0.882596  
0.160885  1.80619  1.25342  
0.0931592  0.418086  4.74364  
0.0735342  1.40333  3.60809  
0.150987  2.79801  0.132665  
0.0809305  2.29933  1.6398  
1.5425  0.156311  0.833336  
0.436963  0.328918  2.6417  
0.0965833  0.0964279  5.04237  
0.683923  1.12751  0.177891  
0.744874  1.00147  0.0456543  
0.694068  1.08484  0.665597  
0.241383  0.551157  3.16671  
0.954636  0.683026  0.215003  
1.02144  0.637417  0.0593071  
0.123465  0.350188  4.51294  
0.143191  2.68945  0.734971  
1.60832  0.124305  0.304616  
0.356089  1.91357  0.579499  
1.08264  0.540106  0.134388  
0.0624058  0.694414  4.24785  
1.75285  0.0717348  0.217582  
0.270093  0.515235  3.20745  
0.075847  0.122475  4.9711  
1.36547  0.261961  0.513317  
0.922731  0.673753  1.0193  
0.456021  1.58368  0.593696  
0.998518  0.270395  1.28729  
1.81419  0.0540252  0.650407  
0.165214  0.78514  3.63226  
0.153594  1.68289  2.13242  
0.164026  1.75891  1.45029  
0.120228  0.375293  4.33984  
0.0660558  2.40741  1.98369  
0.063251  0.645448  4.25919  
1.56653  0.149543  0.488972  
0.0844505  3.23433  0.121484  
1.0518  0.564275  0.138163  
1.66299  0.132655  0.0574654  
0.235125  0.230983  3.99167  
0.914735  0.749316  0.514132  
0.112805  3.04385  0.088265  
0.250353  2.26182  0.487888  
0.52576  1.38296  0.343311  
1.54566  0.165119  0.276483  
0.928453  0.767951  0.0674934  
0.344653  0.466127  2.93091  
0.523808  0.201728  3.00166  
1.20999  0.386636  0.898081  
0.147078  2.64639  0.629833  
0.433524  0.325408  2.66511  
0.314761  0.485824  2.86234  
0.904185  0.760334  0.443094  
0.19058  1.0064  2.51048  
0.272624  1.2871  2.03655  
0.192367  0.735044  3.17424  
0.2758  1.22844  2.3724  
0.1858  1.69707  1.25553  
0.115128  2.19598  1.29974  
0.0661099  3.40301  0.1167  
1.57459  0.138011  0.933527  
0.339134  1.92454  0.208069  
0.833342  0.293808  1.51697  
0.825706  0.869461  0.252037  
0.12471  2.79915  0.753876  
0.636466  0.510025  2.16786  
0.298573  0.443157  3.1261  
0.449407  0.969897  1.39793  
0.289082  2.03346  1.158  
0.293854  1.24579  1.69407  
1.28258  0.34859  0.0872426  
0.245463  2.21777  0.811331  
1.00588  0.613406  0.387614  
1.57642  0.130322  1.18189  
1.56212  0.14874  0.570163  
0.172683  0.945712  2.57252  
0.807005  0.292652  2.06088  
0.522087  0.737378  2.00882  
0.259502  1.60005  1.33512  
0.300781  2.08508  0.31787  
0.0570683  2.48249  1.35289  
0.624658  0.210915  2.87475  
1.48652  0.159484  1.23723  
1.02919  0.183585  1.74519  
1.31902  0.0685474  1.63471  
0.934065  0.224634  2.04813  
0.194836  0.809619  2.78189  
1.25311  0.355873  0.687134  
0.344269  1.08229  1.93266  
0.117714  1.05693  3.58668  
0.372698  0.402572  2.91929  
0.0877204  3.22578  0.0472939  
0.589091  0.626146  1.87349  
1.65463  0.0971611  0.93039  
1.16965  0.413039  0.324228  
1.03247  0.148453  2.31552  
1.75791  0.071043  1.0676  
0.785437  0.38423  1.73252  
1.01636  0.205236  1.28505  
0.0862304  3.1884  0.0626153  
0.724014  0.99965  0.917736  
1.60052  0.149217  0.0489053  
1.32335  0.0656838  1.64753  
0.0753738  0.241331  4.88899  
0.507571  1.4648  0.254782  
0.0556942  1.74141  2.80506  
0.45439  1.60626  0.158684  
0.0569589  2.46681  2.13903  
0.738718  0.363206  1.90568  
0.772424  0.422501  1.4431  
0.143036  0.830835  3.59415  
0.584238  1.34466  0.0921042  
0.304601  1.21074  1.72437  
0.653891  1.16274  0.617698  
0.0686758  2.46772  1.41628  
0.0811606  3.20122  0.940333  
0.236097  0.182963  4.02011  
0.158688  2.75518  0.150224  
1.11557  0.100297  1.40283  
0.828503  0.821295  0.695106  
0.331182  0.553308  2.53408  
0.0937838  0.118068  5.05403  
0.0720609  2.45028  1.31853  
0.713158  1.07198  0.166084  
1.16575  0.519135  0.130808  
1.27428  0.353223  0.0446142  
1.58946  0.144025  0.67937  
1.82674  0.0646785  0.0430068  
0.169079  0.263794  4.33253  
0.623631  1.15676  1.05878  
0.858287  0.266607  1.87985  
0.328018  1.19899  1.36705  
0.146036  0.271368  4.14841  
0.739427  0.191486  2.5798  
0.0709484  1.52179  2.80561  
0.326182  2.08932  0.0663183  
0.23671  0.603707  3.3521  
0.406939  1.70746  0.125333  
0.272281  2.1179  0.27216  
0.383596  1.85804  0.190359  
0.24596  1.33324  2.01743  
0.355451  0.0697925  3.92461  
0.0927246  2.06294  2.02678  
0.281152  0.52453  2.85268  
0.621937  0.630842  1.57714  
1.52103  0.180865  0.456823  
0.14222  0.314428  4.21903  
0.634318  0.617614  1.79327  
0.97064  0.2211  1.61941  
1.81453  0.0668526  0.0532276  
0.768094  0.42359  1.28941  
0.756681  0.920736  0.997094  
0.61669  0.171465  3.26232  
0.0781471  2.41755  1.86076  
0.687349  1.05723  1.10243  
1.28047  0.0562022  1.89236  
0.0901259  1.31042  2.50813  
0.383707  0.133753  3.69961  
0.511164  1.51017  0.0687528  
0.208251  2.39409  0.729039  
0.976926  0.672805  0.518503  
0.135783  1.88851  1.35006  
0.0871954  2.23194  2.17314  
0.107859  2.07448  1.65245  
0.811343  0.822872  0.944556  
0.571821  1.27166  0.839034  
0.161312  1.06475  2.47808  
0.414585  0.101549  3.68353  
1.64989  0.119457  0.165184  
0.217046  2.42039  0.121485  
0.759342  0.154442  2.59441  
0.260513  0.152723  3.64534  
1.52808  0.174496  0.0551195  
1.59474  0.141881  0.640782  
0.264679  2.21151  0.399517  
1.20542  0.079597  1.53044  
0.903969  0.78278  0.614121  
0.360457  0.480349  2.80039  
0.233549  0.159492  4.16821  
0.3486  0.0714171  4.13642  
0.394506  1.77994  0.374186  
1.47943  0.204362  0.0425586  
1.58401  0.155309  0.214661  
0.876065  0.804588  0.15639  
0.422672  1.66389  0.563172  
0.574894  0.688403  1.30793  
0.0998757  2.06853  1.9922  
1.48323  0.180102  0.781649  
0.166845  2.64293  0.107349  
1.06801  0.529525  0.561228  
0.195465  0.647235  3.604  
0.165203  0.785587  3.30595  
0.162121  0.345424  3.76844  
0.402105  1.79521  0.0543064  
0.392923  1.78121  0.621482  
0.919343  0.772747  0.0704513  
1.27874  0.313082  0.981373  
0.298367  2.10977  0.08905  
0.191623  0.728117  3.33259  
0.0568678  2.52915  1.53524  
0.735478  0.0506329  2.94519  
0.428021  1.6429  0.572836  
0.349228  0.422585  3.11252  
1.44108  0.236738  0.0659151  
0.245169  0.152776  3.94697  
0.79842  0.397649  1.59555  
0.432193  1.63629  0.511114  
0.343041  2.00888  0.0600616  
0.699278  0.476457  2.02189  
1.11127  0.442896  1.07733  
1.50241  0.200979  0.305548  
0.451352  1.6581  0.0742303  
0.343103  1.87938  0.638113  
0.130522  0.0745476  4.83484  
0.204065  0.307081  3.67382  
1.05028  0.5963  0.125555  
0.236888  2.25418  0.584619  
0.212446  0.689239  3.31848  
0.285709  1.21649  1.79214  
0.353683  0.0735783  3.9987  
0.408352  0.345632  2.65508  
1.38197  0.249364  0.238448  
1.13491  0.49195  0.15709  
0.185008  2.50276  0.612036  
0.378021  1.86852  0.160953  
0.49127  1.43643  1.03094  
0.396918  1.76978  0.654055  
0.362543  0.502333  2.52073  
0.492073  1.44877  0.362163  
0.440509  1.00158  1.38048  
0.680006  1.12394  0.278755  
1.01137  0.249957  1.43358  
0.226182  1.66433  1.28364  
0.0977961  0.059157  5.63215  
0.346169  0.0787494  4.74163  
0.829662  0.907521  0.0700085  
0.579818  1.33252  0.145219  
0.531542  1.36288  1.09297  
0.444936  0.933024  1.43694  
1.66066  0.105851  0.766784  
0.288868  0.121945  4.22499  
0.419623  1.70565  0.64742  
1.03439  0.596098  0.36545  
0.0805935  1.43709  2.85666  
0.420068  0.301124  3.26328  
1.4963  0.0542288  1.72085  
0.066362  1.64962  2.60888  
0.711914  0.679711  1.42519  
0.208018  0.765969  2.81557  
0.199959  2.49503  0.064471  
1.10812  0.482503  0.840135  
0.397897  1.76597  1.03445  
0.393054  1.82758  0.113292  
1.36056  0.318361  0.063559  
0.775452  0.912045  0.995261  
0.778177  0.91615  0.924012  
0.732437  1.03267  0.34039  
0.220455  2.35037  0.464929  
0.479926  0.0703202  3.80669  
0.216393  2.45133  0.0637468  
0.244057  0.710325  2.87335  
1.44582  0.212468  0.720932  
0.576775  1.26696  0.198908  
0.337241  1.92268  0.987944  
0.196449  2.59112  0.0601547  
1.37984  0.268997  0.466593  
0.963043  0.199945  2.35032  
0.100828  2.38552  1.2791  
1.07263  0.525903  0.168918  
1.5111  0.162491  0.969768  
0.113439  2.03729  1.42642  
0.970723  0.691852  0.130609  
0.116699  1.0591  3.5362  
0.966601  0.197621  2.0245  
0.733329  0.988878  0.729249  
1.64361  0.135189  0.0591414  
0.375571  0.497272  2.48602  
0.127567  0.0668948  4.8454  
0.92214  0.247652  2.177  
0.151456  0.379647  4.01235  
0.45785  0.907693  1.25717  
0.302907  2.04434  0.0908075  
1.42287  0.238443  0.455929  
