2.03085  0.0451385  0.072051  
0.041122  1.5972  2.44153  
1.27943  0.343741  0.0429991  
0.0500804  0.09244  6.03434  
0.0533471  4.03177  0.0732128  
1.97529  0.0548651  0.0519879  
1.91262  0.0671798  0.0888855  
1.83942  0.0571763  0.405063  
0.059193  3.93682  0.108091  
1.9326  0.056936  0.0532418  
1.79443  0.0766565  1.21332  
1.72928  0.0939898  0.045853  
0.0971397  3.15541  0.0551259  
0.0551594  0.0590723  5.91202  
1.76056  0.0892678  0.505461  
0.0865546  0.0883468  5.77891  
0.0598979  4.02782  0.0732429  
0.090469  3.23932  0.0822733  
0.0610786  0.139332  5.65507  
0.059026  3.88728  0.109914  
0.0727153  3.48178  0.869615  
0.0866724  3.30751  0.0583953  
1.82891  0.0757833  0.483984  
0.0734192  3.42949  0.0528238  
0.583559  0.134028  3.56332  
0.109878  0.0712845  5.57724  
0.0627519  3.65876  0.123043  
0.0931228  3.21445  0.0543728  
0.0980863  3.11557  0.809005  
1.77386  0.0771937  0.04916  
0.0638901  3.78392  0.0807793  
0.137112  0.0869272  4.97668  
0.0626836  2.40165  2.02726  
0.0648378  3.59091  0.27281  
0.211348  2.36299  1.12769  
0.118561  3.00382  0.159756  
0.0644002  3.7359  0.0624291  
0.33947  1.93463  1.23512  
0.100317  3.08992  0.407488  
0.224329  0.697283  2.97079  
0.0741435  3.38858  1.20289  
0.109227  3.04448  0.172845  
1.41447  0.090874  1.28348  
0.0525418  2.81044  1.76388  
0.0663295  3.54417  0.328923  
1.70905  0.0857488  0.698424  
0.235456  1.3848  2.10616  
0.0597468  3.69524  0.261315  
1.39846  0.258229  1.19936  
0.261312  0.161371  3.94939  
0.104782  1.07064  3.54185  
0.0461555  2.8225  1.24681  
0.168985  0.212303  4.48158  
1.59166  0.1444  0.910899  
0.443049  0.314805  2.91305  
0.0939538  0.695264  4.04545  
0.0828374  0.0883737  5.64809  
0.129673  1.99756  1.46537  
0.0635835  3.80322  0.0679168  
0.0764989  3.32206  0.223417  
0.0674537  0.18414  4.87762  
0.595406  1.3426  0.142073  
0.273366  1.27865  1.55919  
0.228887  2.35462  1.05137  
1.45259  0.243568  0.587345  
0.206293  0.784099  2.76776  
0.134746  2.78461  0.289467  
1.18996  0.437603  0.163362  
0.0833857  0.13504  5.29118  
1.3492  0.299937  0.728371  
0.0745056  2.01781  2.40367  
0.158428  0.27058  4.31545  
0.0922625  0.388954  4.7881  
0.993287  0.64444  0.832901  
0.203518  2.46544  0.415072  
0.121437  0.384978  3.99632  
0.16196  2.70937  0.268611  
0.897855  0.758403  0.99437  
0.0770681  0.180391  4.91697  
0.266165  2.18556  0.697802  
0.105691  3.06153  0.0443804  
0.303204  2.067  0.521334  
0.0734523  0.130954  5.46394  
1.18246  0.442082  0.604561  
0.297369  1.30159  1.49567  
0.267335  1.32931  1.36133  
0.575509  1.37726  0.0694606  
0.153187  2.68487  0.95421  
0.3005  0.462617  3.36  
0.829377  0.909344  0.177909  
0.0578486  3.83336  0.163904  
0.537018  0.172372  3.38238  
0.0871539  0.0952742  5.25698  
0.260822  0.154965  4.08811  
1.14407  0.50784  0.0969835  
0.215298  0.0673154  5.32879  
1.51904  0.204042  0.673593  
1.60659  0.129618  1.18027  
0.351282  0.0917519  3.75087  
1.24226  0.368267  0.546281  
0.0860573  1.29091  2.6579  
0.139808  2.87183  0.0509406  
1.20291  0.118483  1.26281  
0.22936  2.33043  0.195318  
0.850474  0.315789  1.90474  
0.673388  0.514244  1.87889  
0.0619288  1.35486  4.14407  
0.102859  2.20763  1.2663  
0.0778928  2.58425  1.27493  
0.349609  0.0625904  4.27643  
0.127748  0.0727962  5.00957  
1.00773  0.162883  2.3814  
0.066276  0.122588  5.54275  
0.0716767  3.50625  0.0564259  
0.887684  0.281982  1.77993  
0.0734891  3.40635  0.0843892  
0.337399  0.0492566  4.44612  
0.314366  2.04739  0.511711  
1.49976  0.175109  1.16199  
0.44598  0.875151  2.08738  
0.278605  2.13098  0.74281  
1.462  0.289176  0.125328  
0.0700396  0.632814  4.68469  
0.325958  1.16765  2.07165  
0.70598  0.49731  1.63665  
0.17704  0.213991  4.18582  
0.145836  2.73557  0.390312  
0.0604469  3.51852  0.705643  
1.58214  0.1633  0.418582  
1.0782  0.168464  1.98124  
1.17234  0.447702  0.876792  
0.146282  0.924812  2.99199  
0.291086  1.15335  2.26854  
0.782049  0.891777  0.792428  
1.68297  0.113731  1.09569  
0.413026  0.296724  3.50647  
0.0691546  2.4931  1.30356  
1.54344  0.187629  0.447857  
0.818742  0.425952  1.47156  
0.483607  1.63356  0.0782264  
0.641816  0.529411  2.32176  
0.282155  2.16033  0.499689  
0.0666312  3.62443  0.0634072  
0.183412  2.56151  0.217779  
0.687178  1.10885  0.312195  
1.52578  0.199209  0.678417  
0.270799  0.549929  3.51671  
0.573579  0.583241  2.13662  
0.183793  0.241442  3.9214  
0.0557982  2.53743  1.73154  
0.111307  0.453024  4.01232  
0.263039  0.117387  3.85668  
1.33139  0.312709  0.462909  
0.192812  2.49987  0.970751  
0.082675  3.35163  0.137855  
1.27554  0.0962336  1.66846  
0.122663  0.401343  3.67677  
0.125397  2.91892  0.228404  
0.216318  0.176679  4.64238  
0.0612851  3.85574  0.0893729  
0.228044  2.43452  0.0836183  
0.620588  1.31054  0.249999  
0.508561  0.719668  2.23716  
0.0756889  1.45826  2.53301  
0.436643  1.74142  0.281027  
0.502444  0.0520348  4.24855  
0.0764672  3.35667  0.0863326  
0.277121  0.545139  3.04564  
0.628004  1.25537  0.650583  
1.6536  0.124199  0.509437  
1.5352  0.204537  0.177947  
1.10718  0.510645  0.318536  
0.420901  1.795  0.0698067  
0.228421  0.156335  4.51456  
0.190588  1.71708  1.52701  
0.187995  1.65258  1.69797  
0.319956  0.456932  3.32135  
0.146787  1.8282  2.00162  
1.61704  0.145163  0.789029  
1.66098  0.137206  0.247364  
0.166871  2.60145  0.657011  
0.399139  1.80951  0.241242  
0.157163  2.76761  0.336508  
0.0870916  0.885025  3.82378  
0.703535  1.05601  1.07179  
0.241868  0.57079  3.48367  
0.234786  2.31609  0.087282  
0.197108  0.193258  4.59528  
0.747728  0.0630706  3.40299  
0.123995  2.96528  0.0491718  
0.124575  0.282784  4.56782  
0.565395  0.720958  1.40989  
0.493246  1.56941  0.0626122  
1.37862  0.264885  0.406698  
0.0583287  2.41522  2.0443  
1.08536  0.5391  0.328086  
0.390866  0.950497  2.21245  
0.4788  0.306474  2.55148  
1.33889  0.341393  0.0809594  
0.699437  1.08228  1.06971  
0.10195  0.378723  4.75292  
0.318326  0.053311  5.41229  
0.782963  0.944117  0.28793  
0.787834  0.350491  1.82146  
1.13704  0.532818  0.134612  
0.138864  1.87045  1.92572  
1.00257  0.652149  0.557367  
0.838028  0.961823  0.113158  
0.20894  2.50911  0.0578752  
0.468707  0.846038  1.81049  
0.109088  0.362166  4.81352  
0.843711  0.864019  0.687974  
0.0937147  0.0789388  5.89229  
0.989116  0.202253  1.83174  
0.0571799  0.157814  5.1221  
0.0586915  3.72454  0.360097  
0.495519  1.54136  0.56107  
1.22558  0.116051  1.27505  
0.513205  1.44434  1.14735  
0.0578767  0.150632  5.50775  
0.138594  2.90179  0.0934837  
0.455351  1.62072  0.232715  
0.157501  2.75473  0.120312  
0.214535  1.44108  1.58708  
0.440662  1.70479  0.0921848  
0.742476  0.98307  1.19259  
0.205816  0.7464  3.21504  
0.0912272  2.22255  1.68668  
0.340585  0.070343  4.10916  
1.56222  0.184249  0.426221  
0.772836  0.984192  0.252894  
1.64634  0.128884  0.450853  
0.143904  1.84476  1.62679  
1.11332  0.136801  2.15792  
0.361196  0.403536  3.59586  
0.609906  0.659823  1.35296  
0.361488  1.01676  2.41912  
0.108691  1.15066  2.87323  
0.155142  2.72482  0.460688  
0.664236  0.523569  1.71418  
0.133019  1.88462  1.69266  
0.560791  0.667445  1.7192  
0.669352  1.16269  0.102804  
0.142526  2.84276  0.0497046  
1.5747  0.164159  0.516768  
0.660716  0.102168  2.61827  
1.6003  0.159454  0.431989  
0.805094  0.381213  1.48493  
0.18662  2.62929  0.0552238  
0.11566  2.94523  0.723058  
0.510678  0.222814  3.14581  
1.67169  0.13348  0.25084  
0.369445  1.87468  0.35602  
1.09118  0.15063  1.61009  
0.456688  1.69008  0.156041  
1.42599  0.302522  0.119839  
0.0526922  0.188366  5.05559  
0.0628715  3.60335  0.474418  
0.337047  1.98351  0.0777217  
0.367621  1.90107  0.684856  
0.878046  0.836392  0.062921  
1.479  0.200768  0.856576  
1.21691  0.101031  1.34342  
0.438686  1.60488  0.316788  
0.780187  0.969071  0.174916  
0.872325  0.826973  0.61037  
0.366156  1.03754  2.14097  
1.17798  0.117872  1.7427  
0.433037  1.6666  0.579772  
1.15286  0.0945545  2.33289  
0.0752327  0.617163  4.12665  
0.16318  0.323832  4.21664  
0.24527  0.105322  4.66438  
0.186527  1.56337  2.2498  
1.16428  0.129051  1.68016  
0.364286  1.78126  1.22308  
0.555161  1.39849  0.41379  
1.05985  0.203447  1.38979  
0.262478  2.27496  0.0539915  
0.757063  1.00348  0.39507  
0.81155  0.881478  0.756235  
1.44457  0.244544  0.625959  
0.218418  0.622928  3.62762  
0.426018  0.314819  3.33574  
0.293212  2.14609  0.210761  
0.0941202  2.17131  1.90675  
0.794467  0.386301  1.57727  
0.343741  1.10166  1.53219  
0.313812  1.14463  2.18035  
0.972314  0.189767  2.17295  
1.02983  0.629363  0.63495  
0.061595  0.148466  5.18904  
0.409285  0.954281  1.96258  
0.938584  0.729632  0.115227  
0.499834  0.0533442  4.15279  
1.26955  0.0929819  1.70914  
0.386836  1.68374  0.532208  
0.153413  0.215985  4.71865  
0.258065  2.25506  0.372544  
0.198445  2.52625  0.115313  
1.48759  0.192786  0.849157  
0.0692556  0.140901  5.15814  
0.203539  0.192879  4.61223  
0.60744  0.708146  1.5095  
1.31412  0.325386  0.471777  
0.251053  1.4235  1.34034  
0.310027  1.94998  1.01095  
0.60703  1.26537  0.923988  
0.0612789  0.162769  5.03256  
0.132303  1.0128  2.7953  
0.0988121  0.101317  5.23234  
1.15138  0.476249  0.445002  
0.257151  2.301  0.123888  
0.974594  0.648179  1.00339  
0.796504  0.91981  0.771378  
0.150653  0.837003  3.42654  
1.67605  0.121701  0.814066  
0.127108  2.93682  0.0483442  
0.728888  1.0041  0.759379  
0.287164  2.12042  0.883101  
0.921383  0.70967  0.838991  
1.43552  0.239075  0.818189  
0.0843906  1.20795  3.22875  
1.09285  0.493156  1.16112  
0.248861  0.703384  2.62811  
1.4685  0.211561  0.716531  
1.36387  0.296299  0.18389  
0.231114  0.166267  4.37354  
0.52053  1.42647  0.871345  
0.13324  1.82018  2.15738  
0.0943215  3.22465  0.0511616  
0.181478  1.55841  2.27823  
1.16507  0.468554  0.435439  
0.239803  0.159977  4.36104  
1.32344  0.319216  0.440157  
0.762182  1.05328  0.07757  
0.0623753  3.71134  0.210834  
0.602533  0.167921  3.30286  
0.0647335  1.53192  2.59738  
0.453278  0.260051  3.02248  
0.330901  0.212772  3.78201  
0.615674  1.19805  0.893213  
0.734933  1.02175  0.454554  
0.111434  1.9093  1.90573  
0.723006  0.108822  2.46192  
0.335822  0.0690514  4.4176  
0.192967  2.44794  1.12955  
1.2863  0.0936867  1.44695  
0.810574  0.298564  2.36396  
0.533818  1.47873  0.1453  
0.0832775  0.137243  5.08094  
1.01137  0.197275  1.65072  
0.429685  0.334611  3.07632  
0.0749418  0.111434  5.79781  
0.081636  0.122224  5.35651  
0.634649  0.176832  2.58029  
0.319388  2.08218  0.184752  
0.155847  0.990043  2.86379  
0.331209  0.435105  2.81635  
0.301216  1.21845  1.78897  
0.194288  0.786966  3.06635  
0.144497  0.355484  4.34833  
0.122841  2.97986  0.0499453  
0.148719  1.85277  1.25845  
0.229186  1.5959  1.27662  
0.17266  0.198329  4.75343  
0.121708  0.0939355  4.83836  
0.363005  1.96625  0.154143  
0.101156  0.429564  4.33186  
0.213256  0.227704  3.65172  
0.112237  1.12146  2.60249  
0.615877  1.23666  0.863942  
0.358956  0.417596  3.1968  
0.0808548  1.38316  2.63974  
0.855878  0.858606  0.101437  
0.0678615  2.24228  1.80632  
0.929626  0.749996  0.181167  
0.518009  1.50592  0.54953  
0.403787  0.330297  3.17205  
0.0835955  0.129819  5.09761  
1.24879  0.100729  1.38337  
0.38115  1.78849  0.841262  
1.12671  0.144744  1.97292  
0.294576  0.571172  2.67292  
0.955897  0.671497  0.941616  
1.02547  0.573977  1.09126  
0.159777  2.64856  1.17367  
0.505701  1.48874  0.743711  
0.119485  0.17599  4.91104  
0.648533  1.1894  0.343039  
0.243799  2.23336  1.03809  
0.547991  0.177874  2.897  
1.55368  0.176083  0.659315  
0.372445  1.12747  1.43315  
0.166194  0.256165  3.79134  
0.651146  0.5584  2.29409  
0.353801  0.422464  3.28033  
0.712889  1.04423  0.373716  
1.55336  0.166084  0.885817  
0.753058  0.553263  1.3249  
0.130318  2.90529  0.780289  
0.163853  1.75865  1.37418  
0.362442  0.0541915  3.88774  
1.32065  0.295723  0.764122  
1.47125  0.275804  0.129687  
0.0682552  3.53626  0.169103  
0.064822  2.41241  1.59976  
0.358098  0.152394  3.69247  
0.0513819  2.59814  1.96748  
0.394214  0.343888  2.80023  
0.803565  0.980896  0.106106  
0.462911  1.72229  0.0867687  
0.949818  0.724432  0.229243  
0.855467  0.79405  1.11505  
0.165366  2.66861  0.566498  
0.18552  2.55051  0.839352  
0.862611  0.326684  1.37203  
0.74665  0.0860523  2.68537  
1.371  0.264326  1.14494  
1.25391  0.0766297  2.29724  
0.442533  1.52169  0.567033  
0.868282  0.793547  1.03603  
0.473867  0.310483  2.86126  
0.26434  0.106297  4.53776  
0.488387  0.821462  1.3153  
1.11891  0.550964  0.0935359  
1.42728  0.28501  0.320401  
0.47509  0.252862  3.3106  
0.524765  1.49038  0.541634  
0.212694  0.196838  3.8947  
0.34541  1.95389  0.203169  
0.823785  0.0750082  2.56721  
0.115968  0.709455  3.7231  
1.05277  0.612004  0.209952  
1.0497  0.229403  1.28594  
1.70111  0.101376  0.0439815  
0.182597  2.52892  1.08215  
0.282941  0.481459  3.59911  
0.0801316  0.0950374  5.85868  
0.137409  0.983233  3.24102  
0.544135  0.232724  3.05709  
0.105658  0.0764727  5.38426  
1.12942  0.129448  1.24954  
1.01486  0.186799  1.81869  
0.304476  0.0454853  5.44001  
1.4825  0.2151  0.648261  
0.282958  1.16932  2.34734  
0.54692  1.40937  0.198296  
0.930542  0.249888  2.05791  
1.23531  0.36468  0.724559  
0.421496  0.349288  2.72483  
0.373387  0.429381  3.11858  
0.305613  2.03234  0.527544  
0.460507  0.929755  1.28176  
0.943871  0.72651  0.276957  
0.246091  0.594757  3.29076  
0.260591  2.29182  0.0581009  
0.221662  1.74681  1.45184  
0.225257  0.179077  4.42826  
0.381501  1.83834  0.116041  
1.2096  0.0852149  2.20986  
0.900805  0.768448  0.623529  
1.07012  0.516435  0.652142  
0.260344  0.0638337  5.8658  
0.0972916  2.10697  1.93549  
0.133854  2.86071  0.469333  
0.0851704  1.26149  3.13044  
0.329592  0.563619  2.49735  
0.0534909  1.55765  2.52795  
0.317347  2.09325  0.172781  
0.119821  2.9922  0.0487875  
0.424253  1.77465  0.0684796  
1.30712  0.342211  0.115276  
0.355173  1.90655  0.820127  
1.44001  0.292395  0.306329  
0.29267  1.2218  1.84765  
0.980231  0.247243  1.32533  
0.21883  0.714085  3.09674  
0.709547  1.0776  0.323531  
0.693478  0.480467  1.84609  
0.385025  1.77526  0.934081  
0.262987  0.0988277  4.71241  
1.03418  0.59594  1.02302  
0.449669  0.812825  1.952  
0.735955  1.08856  0.0790084  
1.0575  0.635581  0.0936724  
0.0815265  0.138998  5.21475  
0.570205  0.613379  1.68204  
1.62585  0.143971  0.700781  
0.306233  1.18188  2.01757  
0.904701  0.274762  1.33344  
0.892548  0.273374  2.00724  
0.204612  0.201894  4.20851  
0.766432  0.411103  1.87454  
0.63792  1.13977  1.13595  
1.50938  0.236226  0.074861  
0.437163  0.34081  2.70313  
0.100376  1.10036  3.26473  
0.412109  0.320276  3.61647  
0.37464  1.00833  1.94126  
1.09789  0.568998  0.115577  
0.106577  0.0967175  5.19891  
0.277812  0.551478  3.0187  
0.220989  0.679112  3.27078  
1.39091  0.33515  0.0867191  
0.0623575  0.130213  5.5178  
0.604454  1.27262  0.578655  
0.398252  1.18583  1.30807  
0.551401  0.767461  1.34748  
1.56714  0.155652  0.964143  
0.134381  2.85308  0.481101  
0.918103  0.103454  2.51334  
0.278515  0.0836839  4.54349  
0.11581  0.0964481  5.14388  
0.515833  1.4817  0.555054  
0.184944  0.950712  2.7423  
0.960817  0.690673  0.781684  
0.913723  0.248928  2.05792  
0.3854  0.434602  2.8364  
0.0816591  0.096487  5.81994  
0.679597  1.09756  0.482557  
1.21089  0.108345  1.7079  
0.464612  1.63043  0.101084  
1.02261  0.184534  1.95388  
1.64023  0.173555  0.0878611  
0.0749244  2.03068  2.0492  
0.14159  0.360297  4.26271  
1.23296  0.416745  0.196746  
0.0629194  3.62039  0.248991  
0.557342  0.206247  2.84687  
0.312957  2.10133  0.101063  
1.83411  0.0692081  0.0472386  
0.552409  1.27313  0.485504  
0.497803  1.51617  0.0625152  
0.617829  1.33804  0.0762781  
0.646171  0.21709  2.56753  
0.215134  0.21253  3.8328  
0.0859226  1.17754  3.16794  
0.284836  0.688039  2.58606  
1.07369  0.560387  0.305175  
1.26048  0.426783  0.0928831  
1.50383  0.208274  0.165506  
0.523934  0.19527  3.44422  
0.0613514  3.84757  0.0586411  
0.0852261  2.26204  1.24855  
0.541118  0.199094  3.29253  
0.461716  1.67752  0.136337  
1.38721  0.32157  0.0937364  
0.167789  2.66006  0.37746  
0.174745  0.245035  4.39102  
0.178174  2.63572  0.334349  
0.176191  1.7545  1.79694  
0.530802  0.193576  3.45672  
1.37197  0.09903  1.29007  
1.30203  0.0658984  1.29993  
0.866296  0.816717  0.807173  
1.35636  0.330078  0.1328  
0.511388  0.208153  3.41905  
0.052892  0.223929  4.83611  
1.63046  0.166932  0.301015  
0.453369  0.877981  1.86549  
0.86621  0.292996  2.30747  
1.0415  0.21934  1.29468  
0.215925  0.736481  2.90187  
0.71835  0.451642  1.83547  
1.04284  0.626885  0.72401  
0.0545153  2.64196  1.80022  
1.20904  0.413339  0.293491  
0.720244  1.11683  0.092827  
0.120598  0.07639  5.43563  
1.69594  0.142415  0.134848  
0.45466  0.928077  1.39363  
0.89457  0.277887  1.81565  
0.172168  2.65247  0.391155  
0.137165  1.85859  2.00591  
0.254877  1.47104  1.27869  
0.0984039  0.426791  4.39766  
0.5294  0.774779  1.71013  
0.225192  0.652869  3.4636  
1.29119  0.0819389  1.77119  
0.401072  1.65511  1.04181  
0.267139  0.053985  5.83373  
0.656098  1.20145  0.328249  
0.0608349  0.140176  5.37351  
0.307715  1.23477  1.56849  
0.114926  1.14436  2.45355  
0.393542  0.96802  1.94602  
1.0709  0.515824  1.11504  
0.874488  0.392393  1.29727  
1.04221  0.541975  0.896933  
0.696796  1.13344  0.215093  
1.69198  0.159161  0.0864941  
0.75691  1.03017  0.270785  
1.56871  0.157056  0.872935  
0.636592  0.531919  2.4048  
0.502506  0.243472  3.43943  
0.909987  0.776598  0.230442  
0.469558  0.860729  1.77412  
0.259168  0.749843  2.48057  
0.347944  0.185295  3.70264  
