1.79354  0.0400081  0.478342  
0.184407  2.52727  0.0421916  
0.0365544  0.360349  4.38974  
0.0441328  3.88868  0.0464152  
0.0509786  0.0518543  5.95661  
1.96801  0.0510848  0.0513467  
0.0505351  0.0524213  5.84325  
0.0461188  0.0536099  5.70724  
0.0638271  3.45643  0.0590227  
0.0619761  3.39536  0.184777  
0.0447473  3.84585  0.159663  
0.0559782  0.0516138  5.68415  
0.0477858  0.0608332  5.60601  
0.104874  0.0815649  5.05039  
1.93943  0.0583643  0.193112  
1.85796  0.0609638  0.292834  
1.87525  0.0623057  0.170491  
0.0686551  2.07623  1.88787  
0.052692  0.0584147  5.53385  
1.25574  0.130578  1.07931  
0.169621  0.278801  4.08484  
0.0611626  3.0441  0.691585  
0.177267  1.11802  2.2973  
1.69361  0.055663  0.68563  
0.0762178  2.62398  0.859153  
0.101731  0.0816125  5.09542  
0.0669572  3.54846  0.052836  
1.46837  0.059222  1.15656  
1.8293  0.0676657  0.211757  
0.0631361  3.6122  0.0512144  
1.52909  0.0772349  0.870826  
0.0564004  3.68303  0.0770383  
1.01242  0.404582  0.847116  
0.0810835  2.58095  0.840506  
0.318703  1.27074  1.33154  
0.215751  0.551982  3.06711  
0.0590976  0.0544237  5.58844  
0.0478851  3.6561  0.240832  
1.95262  0.062723  0.059462  
0.752702  0.278708  1.91648  
0.0468995  3.81447  0.0490483  
1.66704  0.0709055  0.528034  
0.0735031  0.570252  4.12763  
1.926  0.0529785  0.286453  
1.29313  0.160906  0.758015  
0.0820581  3.25883  0.175295  
1.81334  0.0650414  0.365146  
0.0961136  0.204501  4.50185  
0.193205  1.05282  2.12344  
0.0581894  3.12435  0.505117  
1.68168  0.095144  0.357043  
0.77016  1.01045  0.126601  
1.65736  0.12394  0.0495407  
0.0685903  0.191231  4.61029  
0.0848881  3.22528  0.157757  
0.433244  0.265137  2.80328  
0.0931852  2.51214  0.784172  
1.24193  0.0690377  1.61531  
1.45638  0.104062  0.724946  
0.40267  1.08345  1.30256  
0.0792186  3.29963  0.0657815  
1.89644  0.0591797  0.232673  
1.30738  0.31987  0.387057  
0.065952  2.18654  1.67624  
0.301889  0.159315  3.93438  
1.76672  0.0846422  0.281873  
1.63144  0.118194  0.307731  
0.890096  0.403168  1.15503  
0.188481  0.0899499  4.80775  
1.21741  0.0690474  1.5227  
0.0523115  3.51208  0.13981  
0.157946  2.02311  1.06106  
0.230961  2.16922  0.436937  
1.91571  0.0671229  0.0658292  
0.290893  1.77056  0.456744  
1.49277  0.190688  0.281262  
0.160922  1.03069  2.93338  
1.16967  0.477946  0.098921  
1.88541  0.0658891  0.107906  
0.503867  0.259257  2.83405  
0.0637448  0.116354  4.96089  
0.0580435  2.38739  1.28111  
0.102547  0.369492  4.05813  
1.71156  0.112548  0.109607  
0.0520069  3.33832  0.480866  
0.281185  0.528549  2.71221  
0.214693  2.4243  0.221584  
0.136842  2.44288  0.585783  
0.110452  1.29414  2.64714  
0.19531  1.97692  0.918012  
0.233026  0.892616  2.32752  
0.119345  1.24336  2.22623  
1.19137  0.198973  0.949589  
1.51804  0.216104  0.0915413  
0.0521321  3.70686  0.0955712  
0.0572206  0.175236  4.86877  
1.38421  0.152791  0.88643  
1.54733  0.16049  0.161623  
0.941898  0.181105  1.54594  
0.120345  1.61576  1.98577  
0.0551092  3.36037  0.384742  
0.0964033  0.12213  4.82954  
1.3674  0.300722  0.0570999  
0.0857083  0.659376  3.357  
0.377187  0.207969  3.15791  
1.90379  0.0625464  0.0778336  
0.690646  0.0858682  2.86071  
0.207222  0.343913  3.73922  
0.744884  0.142679  2.20352  
0.173335  2.36053  0.470429  
0.428121  0.176473  3.10127  
0.0744411  3.15141  0.183902  
0.471851  0.915436  1.48562  
1.78353  0.0651132  0.360974  
0.049284  3.75737  0.10668  
0.254149  0.306914  3.55476  
1.04463  0.0818438  1.87871  
0.381497  1.13542  1.33475  
0.78562  0.0894656  2.5849  
0.062805  3.07428  0.514582  
0.305946  2.05057  0.149914  
0.0657305  3.58104  0.0524065  
0.0473835  0.139351  5.12727  
1.5383  0.166539  0.241517  
1.39811  0.111524  1.04344  
1.0019  0.651658  0.253794  
1.07026  0.460003  0.49406  
0.0464317  3.79635  0.131415  
0.223648  2.40426  0.117618  
0.56903  0.829986  1.11481  
0.345466  0.0813892  4.03273  
1.20488  0.330281  0.586373  
0.788917  0.59267  1.10682  
0.0786766  2.37006  1.49877  
1.5997  0.0898059  0.543017  
0.201011  1.47409  1.32571  
0.0484526  1.94242  2.16388  
0.127399  0.107396  4.6988  
0.0875181  2.98285  0.446874  
0.0966247  0.148193  4.76897  
0.701947  0.32227  1.81108  
1.44922  0.133854  0.490801  
0.331659  0.114791  4.00419  
0.0502494  3.73476  0.12836  
0.419966  1.38798  0.639032  
1.57329  0.135748  0.33295  
0.159331  0.089277  5.00931  
0.0897732  2.96235  0.431318  
1.08526  0.482165  0.484081  
1.58957  0.185647  0.0711461  
0.0471422  3.3759  0.477191  
0.0417927  0.0865521  5.38612  
0.049448  3.25151  0.514114  
0.063479  0.209478  4.65547  
0.297222  1.7152  0.71943  
0.140217  2.64177  0.432835  
1.02926  0.162378  1.5796  
0.0821117  2.25768  1.41829  
0.0615124  0.0718427  5.34273  
1.02321  0.0996852  1.65748  
0.199047  1.63367  1.6104  
0.625483  0.13962  2.77514  
1.72189  0.0718427  0.334436  
0.851221  0.119249  2.01339  
1.43845  0.195836  0.376904  
0.329982  0.141104  3.72048  
0.122892  2.20143  0.999338  
0.362025  1.74421  0.551158  
0.215442  1.39757  1.68508  
1.03713  0.273491  0.981356  
0.130264  2.87085  0.153968  
0.294831  1.34866  1.26993  
0.313484  0.624417  2.44187  
1.17929  0.0722068  1.82142  
1.40858  0.0605728  1.32575  
1.05872  0.609687  0.0664707  
0.282896  1.69382  0.8322  
0.0865187  0.100399  5.00087  
0.826771  0.220847  1.86102  
0.515148  0.175122  2.96423  
0.343852  0.189324  3.32051  
0.065739  3.01632  0.681893  
1.60768  0.130586  0.296656  
0.0429885  3.18298  0.67695  
1.58378  0.061709  0.857371  
0.146232  0.299202  3.80867  
0.170429  2.23845  0.584811  
0.140258  2.21962  0.977896  
0.905926  0.500739  0.814542  
0.192422  0.294151  3.77183  
0.300961  0.136158  3.96757  
1.64438  0.159154  0.143112  
1.62113  0.068544  0.625298  
1.35863  0.263441  0.32574  
0.418046  0.738413  1.83056  
0.467013  1.72571  0.0830171  
0.696794  0.134303  2.50033  
1.83846  0.0644116  0.270127  
0.596777  1.10703  0.491697  
0.213855  0.412024  3.43908  
0.812448  0.291351  1.74642  
0.303722  1.3812  1.21784  
0.246174  0.0904314  4.54361  
0.135101  2.88733  0.141122  
0.484645  0.792985  1.6474  
0.0820928  0.186959  4.58364  
0.0595356  0.0746576  5.43888  
1.13045  0.257155  1.03461  
0.0628836  0.0671286  5.41641  
0.574768  1.53828  0.113504  
0.0614914  3.48061  0.147021  
0.248041  0.404866  3.23886  
1.75531  0.0989831  0.0560139  
0.0559018  0.999513  3.2661  
0.126597  0.241479  4.35844  
0.117205  1.41358  2.35423  
0.0534122  2.99377  0.887776  
1.12157  0.167465  1.42151  
0.525644  1.29912  0.587185  
0.337916  0.583433  2.56054  
1.16086  0.268322  0.700001  
0.552752  0.668975  1.51888  
0.470894  1.09685  1.17951  
0.0629571  0.0509182  5.5024  
0.477691  1.45481  0.388852  
0.0723907  0.0687945  5.30542  
0.143071  0.0996007  4.47956  
0.412023  0.929192  1.63598  
0.139807  2.94806  0.060862  
0.187593  0.938208  2.41495  
0.0405884  0.243185  4.75213  
0.222865  1.85773  0.988778  
0.87465  0.603906  0.644208  
0.387882  1.84315  0.239358  
0.0998869  1.42812  2.68659  
0.164374  1.91242  1.00188  
0.0799904  3.06398  0.333383  
0.121525  1.1019  2.75861  
0.335932  0.254971  3.00954  
0.108679  2.67872  0.564284  
0.0891775  0.344829  4.15625  
0.958353  0.0851541  2.33214  
0.140985  2.55327  0.452407  
1.73162  0.109329  0.0613093  
0.180748  2.65721  0.114127  
1.04834  0.523938  0.303587  
1.96447  0.0525429  0.180456  
0.914977  0.426154  0.877763  
0.397426  0.0970495  3.57494  
0.35544  0.106278  3.76702  
0.244596  1.68386  1.23719  
0.123361  2.00356  1.20076  
1.09515  0.339498  0.855252  
0.764356  0.725196  0.795546  
1.43529  0.19192  0.45436  
1.48086  0.0803711  1.01606  
0.708671  0.557965  1.20384  
0.0556175  3.48782  0.243965  
0.612582  0.285099  2.19327  
0.476344  0.48522  2.27803  
1.19898  0.0867002  1.55987  
0.549871  0.85843  1.26164  
0.895838  0.347604  1.27997  
0.425486  0.313647  2.78484  
0.0488344  2.8341  0.969708  
0.676518  0.699697  0.999888  
0.535865  0.732716  1.50743  
1.10146  0.557332  0.0658374  
0.298638  0.385937  3.03373  
1.37508  0.244057  0.523916  
0.351014  0.837893  2.03617  
0.836675  0.876083  0.0548965  
0.113794  2.90145  0.221189  
0.479422  1.15512  1.06733  
0.221562  2.09937  0.618811  
0.259596  1.92132  0.951618  
1.61643  0.0901214  0.532091  
0.0564897  0.144303  4.88991  
0.0881186  2.34644  1.18863  
0.0423283  3.56396  0.400804  
0.650354  1.04062  0.416069  
0.899963  0.635154  0.540123  
0.155486  1.66797  1.44974  
0.864852  0.597166  0.890037  
0.209477  0.940927  2.17642  
0.0546042  0.255942  4.66435  
0.0884661  1.78087  1.84764  
0.507493  0.645239  1.70876  
0.950533  0.0764901  2.36008  
0.368339  0.0805412  3.90839  
0.0507676  3.72278  0.120846  
0.128683  2.75198  0.334509  
0.61854  1.26198  0.218215  
0.121893  0.0671545  5.1713  
1.31429  0.415945  0.223115  
0.10001  1.98806  1.47091  
0.437261  0.132739  3.49747  
1.42531  0.0904553  1.01357  
0.309548  1.88791  0.410898  
0.196913  2.48463  0.169045  
0.80129  0.853101  0.361649  
0.59977  1.00202  0.608021  
0.607287  0.631689  1.43834  
1.34773  0.0934411  1.29474  
0.668218  0.728569  1.16226  
0.103642  2.82225  0.451983  
0.250074  1.59255  1.0401  
0.414763  0.150062  3.38058  
0.360987  1.16442  1.25189  
0.0906317  3.20055  0.115774  
0.640803  0.212623  2.25662  
0.0390789  1.20646  2.89238  
1.73595  0.110371  0.0598391  
0.331466  0.600922  2.49305  
0.928295  0.139479  1.79968  
0.256379  1.07222  1.93941  
0.989496  0.786454  0.193557  
0.205721  2.32378  0.406803  
0.13299  2.73522  0.275613  
0.872385  0.218168  1.65645  
0.0806248  2.91502  0.526982  
0.116506  1.57331  2.02257  
0.252515  1.12789  1.94607  
0.0668905  0.0958055  5.15289  
0.0402796  3.50748  0.543985  
0.389129  1.52448  0.400133  
0.249692  0.486716  3.13641  
0.1902  1.82073  1.08701  
0.819278  0.994846  0.296405  
0.979779  0.0671611  2.14903  
0.0877046  0.305779  4.55992  
0.462824  1.57678  0.311141  
0.226383  1.02482  1.96733  
0.684862  0.899978  0.680921  
0.235098  0.766441  2.52298  
0.115541  2.71084  0.406993  
0.261924  1.3168  1.58763  
0.0709466  1.89937  1.84829  
1.35477  0.162038  0.649987  
0.0629428  1.65782  2.46816  
0.263878  0.455474  3.22019  
0.147152  0.536138  3.52738  
0.532498  0.505797  2.10385  
0.0975206  0.533995  3.69753  
0.0512092  0.0749307  5.36187  
0.0964562  3.09697  0.159373  
1.41586  0.0656402  1.23888  
0.130996  1.92968  1.34203  
0.0568324  3.32167  0.188526  
0.141094  0.356389  3.89533  
0.140779  2.66605  0.340205  
0.326245  1.15436  1.3813  
1.27167  0.105091  1.23105  
0.375513  1.50163  0.717007  
1.84921  0.0634799  0.249859  
0.857062  0.725237  0.491839  
0.27041  0.816691  2.27198  
0.44844  0.17919  3.04893  
0.125402  2.59871  0.499086  
0.327685  2.05909  0.136765  
0.823343  0.971898  0.19971  
0.656188  0.983795  0.54955  
0.651484  0.454227  1.54264  
0.0668083  0.0963876  5.19938  
0.697693  1.01622  0.198886  
0.997176  0.222354  1.38058  
0.135144  2.6892  0.202171  
0.367469  1.75429  0.270953  
0.558099  0.071113  2.95095  
0.628666  0.82626  0.962234  
0.228548  0.518192  3.1186  
0.152155  2.091  1.1793  
0.140964  0.364215  3.86899  
0.973905  0.553243  0.50851  
0.176321  0.947  2.46048  
0.30805  1.55327  0.896833  
0.0922251  2.59982  0.694186  
0.198218  0.463427  3.46598  
0.0732948  0.808243  3.42549  
0.54044  1.5088  0.202123  
1.05567  0.467203  0.499799  
0.0681278  0.17804  4.72333  
0.342085  2.11982  0.0848296  
1.80483  0.0693393  0.283891  
0.163129  2.70329  0.105613  
0.0921013  3.10614  0.226681  
0.109561  3.01152  0.149027  
0.393311  1.4313  0.730842  
1.12407  0.118777  1.5597  
1.68893  0.0759746  0.356257  
0.218667  0.128869  4.24779  
1.22348  0.282878  0.550054  
1.11144  0.176189  1.3441  
1.14547  0.371034  0.474317  
0.300915  0.373349  3.30741  
0.133711  0.379473  3.81816  
0.743808  0.851111  0.510469  
0.143261  1.12145  2.60515  
0.154048  2.29173  0.659743  
1.31772  0.319177  0.349183  
0.236936  0.29719  3.61141  
0.0692506  1.96391  1.84877  
0.0953791  3.20818  0.0505654  
0.410916  1.79651  0.0604119  
1.13976  0.376742  0.572842  
0.487048  0.105805  3.18315  
0.1067  0.181579  4.45267  
0.883811  0.458982  1.00874  
0.204149  1.98429  0.805929  
1.24052  0.248472  0.531176  
1.23038  0.181423  0.93603  
0.0804829  1.55911  2.25011  
0.0693052  1.54889  2.42487  
0.149094  1.88352  1.40743  
0.530978  0.98126  1.01918  
0.733016  0.758733  0.895563  
0.186797  0.149682  3.98202  
0.119086  1.48217  2.04548  
0.645717  0.331247  1.92222  
0.292747  0.618818  2.66868  
1.40016  0.147365  0.529104  
0.182747  0.839212  2.58204  
0.72834  1.19463  0.118813  
0.499214  0.0893736  3.40432  
0.0860093  2.76755  0.662597  
0.288309  0.209601  3.84692  
0.368074  1.83088  0.2512  
0.441342  1.35799  0.740211  
0.370844  0.466366  2.6309  
0.0653435  2.7301  0.855869  
0.0601367  3.31354  0.345959  
0.378653  1.95112  0.0946636  
0.333538  0.878114  1.97529  
0.513056  0.259472  2.61692  
1.55554  0.156425  0.35169  
0.110417  2.79929  0.510323  
0.545193  0.0759693  3.38973  
0.54878  1.41913  0.179457  
1.26524  0.461123  0.0982725  
0.247041  2.27681  0.36703  
1.16396  0.10555  1.53047  
0.0900469  0.872584  3.19572  
0.455479  0.230933  2.91853  
1.71332  0.091571  0.279999  
0.27559  1.43827  1.23482  
0.285733  0.982681  1.9947  
0.0420794  3.77748  0.28436  
0.152185  2.53913  0.275156  
0.757497  0.170169  2.0482  
1.16331  0.165378  1.13134  
0.0968748  2.1391  1.27766  
0.105462  0.314087  4.38954  
0.260481  1.51559  1.04845  
0.519726  1.17136  0.951248  
0.148916  1.53418  1.75956  
1.64099  0.0777056  0.600616  
0.333513  1.36381  1.11929  
0.245136  2.46959  0.0809113  
0.663577  0.649453  1.31728  
0.389029  0.470172  2.53453  
0.839141  0.517732  0.941139  
1.76205  0.065163  0.426953  
0.0618172  2.12797  1.73332  
1.32922  0.172776  0.575145  
1.42274  0.239694  0.266398  
1.28875  0.120889  0.934214  
0.0666372  0.0538644  5.47105  
0.145274  2.46218  0.479577  
0.345609  1.87168  0.210287  
0.56207  0.102788  2.9081  
1.11397  0.422961  0.494346  
0.0933528  2.52507  0.769461  
0.464397  0.101822  3.36454  
1.48204  0.176313  0.344306  
0.219325  2.31023  0.224665  
1.7461  0.106356  0.075339  
0.0613564  3.63342  0.0888228  
1.07653  0.204837  1.38686  
0.647712  0.613826  1.39466  
0.882494  0.804817  0.174979  
0.0554715  0.446865  4.32772  
0.116614  0.220036  4.42285  
0.461017  1.33537  0.595448  
0.554632  1.49595  0.129318  
0.0543348  1.32204  2.84197  
0.166029  0.430213  3.52293  
1.18428  0.152943  1.41211  
0.449891  0.0932012  3.62246  
0.334725  0.911021  1.77294  
0.190539  0.632361  2.88462  
0.142587  1.44904  2.02035  
0.324578  0.780699  2.11052  
0.0980249  3.16254  0.0489721  
0.0578223  3.63437  0.0532247  
0.439307  1.06585  1.27855  
0.0736029  2.77741  0.771412  
0.135604  0.224076  4.27946  
0.382181  1.7541  0.455938  
0.843687  0.183583  1.69054  
1.28149  0.155044  0.838044  
1.32488  0.360193  0.108809  
0.0697292  3.18009  0.471691  
0.113237  2.11053  1.05361  
0.5905  1.26529  0.18269  
0.323135  0.680666  2.43335  
0.845541  0.47939  1.17084  
0.0941769  0.0658322  5.26683  
0.490245  0.316969  2.61439  
0.602807  0.782386  1.22573  
0.277631  0.0894804  4.17456  
0.600792  0.973791  0.555091  
1.1541  0.498481  0.176565  
1.13652  0.282058  0.771281  
0.0776149  2.78644  0.600183  
0.73456  0.689129  0.854173  
0.0809373  0.710064  3.28617  
0.234493  0.122346  4.18336  
0.725787  0.331998  1.69999  
0.392756  0.110416  3.69087  
0.155757  2.85786  0.153325  
0.434753  0.537153  2.07074  
0.932716  0.718489  0.288088  
0.409396  1.66472  0.381731  
0.0685489  0.340386  4.25105  
0.489466  1.60496  0.0825778  
0.375486  1.21322  1.02999  
0.126544  0.268674  4.30173  
0.964851  0.434032  0.824259  
0.67401  0.794792  0.87902  
0.222924  0.133724  4.20985  
1.50279  0.0809347  0.822776  
0.181025  2.49559  0.429964  
0.128188  0.387297  3.83043  
0.495112  0.229211  2.90868  
0.068071  0.329765  4.3395  
0.738819  0.479019  1.40968  
0.100222  2.93387  0.50452  
0.0455662  2.85038  1.1657  
1.51131  0.12451  0.591218  
0.145994  2.15126  0.737846  
0.223764  0.405371  3.51508  
0.451473  1.12532  1.21397  
0.267543  1.64148  0.919678  
0.98483  0.866522  0.168732  
1.27876  0.113094  1.12234  
0.445973  0.525917  2.09556  
0.863238  0.294674  1.41385  
0.039869  3.57395  0.326787  
0.634846  0.360139  2.08  
0.158232  1.65152  1.66599  
0.605626  0.569533  1.59162  
0.0916784  0.297297  4.44447  
0.587534  1.22438  0.486697  
0.54213  0.788332  1.36586  
0.284506  2.26626  0.0731104  
0.0467011  0.179127  4.9098  
0.248909  0.0740312  4.412  
0.273505  0.745156  2.55181  
0.918146  0.0666686  2.39246  
1.5663  0.213112  0.0808398  
0.143841  0.76853  2.98268  
0.72017  0.443411  1.50229  
0.0690346  0.0816818  5.29704  
0.103318  1.84804  1.74954  
1.51081  0.0786744  0.983244  
0.285484  0.0656616  4.21818  
0.0694176  0.0526939  5.46615  
0.324897  0.490625  2.74152  
1.3497  0.27529  0.34388  
0.114937  0.579983  3.46373  
0.0952595  1.80417  1.77116  
0.0627169  0.0849021  5.27362  
0.373344  1.32495  0.99818  
0.0470873  3.77296  0.159365  
0.353976  1.06924  1.3575  
1.7855  0.0528789  0.506806  
0.121173  2.92788  0.172485  
0.0861028  0.0725463  5.24275  
0.144153  1.59604  1.96053  
1.09715  0.412307  0.629588  
0.966982  0.341464  1.16121  
1.7468  0.0952497  0.269762  
0.363669  0.823339  1.93459  
0.921648  0.0852848  2.07119  
0.0656697  0.119296  4.93812  
0.0549114  0.678814  3.67565  
0.658306  0.172813  2.45468  
1.26707  0.235761  0.581402  
0.107431  0.866577  3.10639  
0.806496  0.943379  0.298557  
1.50314  0.270814  0.189289  
1.56162  0.119377  0.569844  
0.579646  0.515283  1.7989  
0.0662231  1.17958  2.89766  
0.0580044  0.0657015  5.50591  
0.795295  0.649278  0.854659  
0.584738  1.33236  0.14214  
0.610706  1.19379  0.219036  
0.459441  0.386607  2.39585  
0.71482  0.187704  2.13925  
