0.0367112  3.90559  0.116351  
0.0853834  3.14648  0.0374585  
1.75932  0.0411706  0.53712  
0.0414435  4.03217  0.0424413  
0.0524721  0.0532814  5.90481  
2.022  0.0454982  0.0638119  
1.95025  0.0489123  0.0450237  
0.0416855  3.92685  0.0490298  
0.0375463  3.70613  0.202382  
0.0755082  0.0873831  5.13469  
0.0534474  0.0558642  5.84682  
1.86741  0.0574863  0.341708  
0.0847701  0.0777115  5.24933  
0.047586  3.83997  0.0488968  
0.0575208  0.0665527  5.7402  
0.043154  3.64139  0.129112  
0.054926  0.0626362  5.76705  
1.89269  0.0466221  0.337978  
0.0443032  3.88246  0.0504105  
1.94371  0.0585036  0.19653  
1.17609  0.479076  0.271478  
0.0965779  0.051796  5.11034  
0.0598936  0.0794688  5.43879  
0.058186  0.0711251  5.65738  
0.0526486  0.103126  4.93649  
0.0763482  0.0535594  5.31676  
0.112919  0.06079  5.00397  
0.0587108  0.065055  5.6426  
0.0830641  1.24944  2.94289  
1.62115  0.170589  0.158101  
0.041367  3.79485  0.11419  
0.0999594  0.367716  4.19441  
0.0602329  0.0459445  5.5619  
1.91688  0.0641853  0.0669347  
1.70171  0.10818  0.216726  
1.59959  0.110303  0.311419  
0.19588  0.114735  4.2434  
1.6796  0.109161  0.194338  
0.104898  0.0703175  5.0358  
0.10468  0.404558  3.96504  
0.23358  0.107177  4.11815  
0.149676  2.50811  0.324985  
0.0651379  3.30072  0.148976  
0.181447  1.61425  1.49041  
1.65892  0.149508  0.210751  
0.306966  0.228196  3.59131  
0.05149  3.50246  0.265903  
0.0730331  0.0656921  5.3794  
0.0504906  3.74485  0.0870327  
0.0696962  2.85897  0.623132  
0.164779  0.428668  3.64643  
0.0512426  0.0895904  5.48994  
0.257978  1.73855  1.03273  
0.142129  0.165633  4.49126  
0.1443  0.326665  3.93696  
1.19729  0.400239  0.479989  
0.05682  3.56927  0.079434  
1.4345  0.105679  0.861714  
0.203539  0.608908  3.13232  
0.188644  0.141818  4.37958  
1.84929  0.0655731  0.0519685  
0.561348  0.12841  2.90372  
0.101999  2.55126  0.903965  
0.0840123  0.372286  4.26027  
0.190726  2.05339  0.828503  
1.70708  0.0966661  0.185317  
0.086198  0.101996  4.74656  
0.314964  0.118533  3.78222  
1.01716  0.0845828  1.91937  
0.0635086  0.209039  4.70275  
0.0468553  3.17803  0.708481  
1.24137  0.15002  1.03735  
0.0736031  3.36631  0.0717966  
0.0552014  0.0746873  5.51129  
0.0959651  0.632941  3.9035  
0.0653792  3.4685  0.0446603  
0.105111  2.83352  0.519481  
1.36131  0.200563  0.563731  
0.0795447  2.91001  0.411767  
1.78112  0.0593893  0.36929  
0.0806398  3.27037  0.108087  
0.0474292  3.60216  0.448577  
0.0877906  1.64908  2.25919  
0.871647  0.215548  1.67866  
0.905484  0.155175  1.96693  
1.90131  0.0624028  0.145065  
0.103865  0.276019  4.07829  
0.124066  1.16233  2.58548  
0.0943648  2.38426  1.02211  
1.3484  0.245524  0.277264  
0.100269  2.99457  0.0990545  
0.232966  0.0915761  4.31261  
0.102673  2.78283  0.520113  
0.106778  2.52629  0.88333  
0.0573544  2.92603  0.978907  
0.05709  0.0805352  5.39332  
0.117246  2.67402  0.394742  
1.77063  0.0937176  0.0546799  
0.41884  0.344246  2.9818  
0.10743  0.229007  4.45745  
0.080202  3.10017  0.359884  
1.80598  0.0560093  0.431925  
0.0864764  0.363375  4.35921  
1.67327  0.0744779  0.523013  
0.37179  0.181749  3.30807  
0.879207  0.180521  2.02548  
0.248956  2.31104  0.0923644  
0.516909  1.57948  0.0790679  
0.14349  2.81683  0.141584  
1.7228  0.0753817  0.345993  
1.03127  0.425541  0.491459  
0.0831799  0.229681  4.42563  
1.56957  0.191955  0.0665793  
0.224362  1.71855  1.2754  
0.265398  0.130277  3.86215  
0.164174  0.550567  3.21872  
0.09026  0.0712596  4.90918  
1.1647  0.157718  1.26342  
0.127334  3.02879  0.0732678  
0.637321  0.102046  2.99106  
0.997563  0.545429  0.392025  
1.37596  0.310017  0.0653147  
0.423641  0.446862  2.5665  
0.0722224  2.69741  0.945395  
0.112219  2.96451  0.168409  
1.39108  0.049761  1.28712  
0.221076  1.23985  2.01405  
0.10262  2.60291  0.705411  
0.833972  0.499479  0.989935  
0.142397  2.75699  0.181329  
0.234007  0.105504  4.15887  
0.0797571  0.054095  5.28392  
1.2137  0.517027  0.103532  
1.79046  0.0882071  0.0571549  
0.166484  0.426079  3.65792  
0.520079  1.06925  0.837262  
1.5408  0.0472778  0.811673  
0.410449  0.528265  2.31643  
1.41948  0.0899026  0.997756  
0.053642  0.109766  4.88208  
1.52604  0.188257  0.162161  
0.955119  0.268194  1.31074  
1.81608  0.0741961  0.219566  
0.963895  0.091976  2.14589  
0.169275  2.47478  0.631497  
0.153765  1.89524  1.12787  
0.360804  1.67252  0.468049  
0.220441  2.184  0.594556  
0.21502  0.558282  3.15729  
0.109785  0.538987  3.4914  
1.63935  0.0451614  0.814006  
0.224586  0.243814  3.5204  
1.11188  0.515744  0.175851  
1.72657  0.0693915  0.499267  
0.155441  0.213191  4.00482  
0.211037  0.299814  3.68945  
1.3293  0.359168  0.0877915  
0.263628  1.90866  0.811613  
0.231648  2.36006  0.124279  
0.599663  0.24849  2.38007  
0.840626  0.0731192  2.59732  
0.0537922  2.15929  1.85566  
0.120932  2.88561  0.0973613  
0.0624314  3.52218  0.132056  
0.110241  2.79581  0.300525  
1.09345  0.349025  0.666535  
0.0919609  2.46038  1.09684  
1.30046  0.149072  1.08848  
0.654517  0.91242  0.749881  
0.0592498  3.08281  0.640983  
0.06204  3.39424  0.249504  
0.523357  0.112311  3.10104  
0.337903  0.108832  3.88093  
0.61288  0.140818  2.87228  
1.46378  0.235841  0.100699  
1.75356  0.0651184  0.41267  
0.27541  1.74727  0.833356  
0.750144  0.131365  2.71178  
0.175053  0.0964712  4.55659  
0.240306  1.16665  1.82065  
0.367337  0.318393  3.13634  
1.73893  0.141301  0.0961389  
0.0683816  0.0635555  5.55465  
0.645961  0.0918954  3.16543  
0.0656356  3.43144  0.0671342  
0.724262  0.16738  2.38107  
0.119456  0.0779664  4.85564  
1.64828  0.0469097  0.807187  
1.49336  0.0991455  0.722113  
0.188048  1.62756  1.39507  
0.0801906  0.179704  4.52902  
0.580932  0.946505  0.90204  
0.35403  1.31015  1.14995  
0.729154  0.88714  0.546398  
0.211178  1.76065  1.18006  
0.078089  3.04604  0.518374  
0.131952  2.12213  1.36291  
0.676918  0.824103  0.764067  
0.0629041  2.74374  1.01427  
1.79951  0.0522189  0.481066  
0.0478368  3.78712  0.0690739  
1.58026  0.143458  0.275047  
0.111252  0.0801604  4.83352  
0.126689  1.17575  2.5453  
0.451254  0.195613  3.02477  
0.323816  0.255914  3.47882  
0.0550434  3.63281  0.119702  
0.298842  2.07959  0.177315  
0.0600858  3.20571  0.370679  
1.25915  0.399978  0.0647161  
0.515375  0.966187  1.24513  
0.128658  2.40719  0.845941  
1.84499  0.0671667  0.155618  
1.44162  0.173383  0.386185  
0.132469  0.85342  3.24701  
0.309378  1.09099  1.57261  
1.20343  0.505697  0.107825  
0.551082  0.998343  1.05852  
1.91364  0.063431  0.118323  
0.0562608  3.61174  0.0445749  
0.193451  1.52993  1.5477  
0.506184  0.0817758  3.5399  
0.0718107  3.41822  0.0592201  
0.24637  0.302833  3.32961  
0.465985  0.255079  2.7398  
0.190512  0.885065  2.79361  
0.0527723  2.65901  1.17366  
0.184959  1.66152  1.35902  
0.183104  0.0859905  4.68068  
0.640089  0.482416  1.73921  
0.458798  1.40335  0.609435  
0.587866  0.777201  1.35641  
0.1896  0.488344  3.4012  
0.320868  1.91512  0.372292  
0.288036  2.16937  0.291482  
0.0584724  3.16506  0.632062  
0.148239  0.345885  3.7624  
0.169321  1.55653  1.8366  
0.312502  2.26552  0.144468  
0.483486  0.223848  2.81324  
1.14027  0.3881  0.574534  
1.26673  0.147592  1.32713  
0.366187  0.818386  1.80023  
0.0711252  2.44555  1.24122  
0.286788  1.33027  1.52613  
1.13393  0.053613  1.77535  
1.5315  0.0497489  1.02104  
0.577114  0.796928  1.24808  
0.133772  2.04007  1.19566  
0.176879  0.421408  3.7034  
0.17805  0.322995  3.55522  
1.28211  0.388889  0.086318  
0.420403  1.37836  0.761355  
1.10179  0.435323  0.478529  
0.570947  0.635138  1.59296  
0.901099  0.412806  0.965657  
0.0791018  3.35028  0.0487265  
0.656912  0.624691  1.35723  
0.144375  1.4676  1.91141  
0.624599  1.21174  0.287553  
0.0561109  3.53554  0.124127  
1.22927  0.447065  0.272008  
0.407017  1.85493  0.140078  
1.06752  0.272111  1.15462  
1.34156  0.313553  0.240311  
0.11687  1.99159  1.57595  
0.511025  0.80547  1.4322  
0.187146  0.0777828  4.6191  
0.181447  2.39879  0.343526  
0.848514  0.275229  1.50415  
0.339826  0.745986  2.09045  
0.973352  0.710828  0.232411  
1.25077  0.121373  1.44917  
1.01234  0.536114  0.452461  
0.131655  1.98968  1.43849  
0.471813  1.18339  0.993367  
0.0629837  3.45124  0.171  
0.168925  2.21142  0.787704  
0.290561  2.0148  0.422469  
1.47067  0.257002  0.0749436  
0.401231  1.63905  0.443297  
0.0841953  2.57888  1.05725  
1.41322  0.141825  0.775095  
1.56262  0.129343  0.533146  
0.267886  1.80197  0.91782  
0.0858918  3.0587  0.231228  
0.964683  0.201072  1.77434  
0.0463196  3.32856  0.676779  
0.782399  0.140529  2.51552  
0.298965  1.38943  1.2203  
0.146167  0.199163  4.17189  
1.74353  0.147935  0.0881601  
0.955055  0.11788  2.10457  
0.05767  1.88821  1.98664  
0.199953  2.01775  0.824051  
0.455602  0.644335  1.8131  
0.751644  0.980799  0.319713  
0.236294  0.237978  3.72914  
0.428792  0.324717  2.68637  
1.30929  0.0542089  1.4768  
0.556209  0.679852  1.57748  
1.48582  0.206448  0.220459  
0.0679779  2.58546  1.12323  
0.0861736  2.35348  1.51393  
0.161322  1.05334  2.47937  
0.178445  1.82377  1.30923  
0.94617  0.219613  1.48039  
0.41439  1.68283  0.293821  
1.00662  0.30693  0.95011  
0.300243  1.9733  0.259054  
0.867824  0.737915  0.508778  
0.336219  0.121502  3.58275  
0.567733  0.211891  2.52936  
0.296143  1.79685  0.638424  
1.21856  0.455201  0.212026  
0.0971238  2.03093  1.38078  
0.223066  0.171684  3.80325  
0.181567  2.5614  0.254439  
1.82314  0.0512356  0.472264  
0.937097  0.663594  0.393507  
0.0680509  3.32114  0.140149  
0.525756  1.33335  0.381809  
0.110182  0.918882  3.07417  
0.298546  2.13393  0.333529  
0.976564  0.584771  0.364482  
1.12573  0.273763  0.850207  
0.113795  2.23376  1.17946  
0.0704239  2.97949  0.533232  
0.0737246  3.07216  0.509462  
0.0587022  3.24942  0.346786  
0.451978  0.0991763  3.45441  
1.83357  0.0532462  0.458955  
0.332935  0.669286  2.27519  
1.48058  0.113487  0.692231  
0.330033  1.7104  0.728769  
0.776022  0.453193  1.46098  
1.10657  0.469692  0.30459  
0.0693727  3.23056  0.302344  
0.0793174  0.134804  4.78243  
0.205566  0.899677  2.3301  
1.29323  0.382362  0.0713167  
0.488214  0.194999  3.03619  
0.0946827  2.71971  0.582255  
1.27223  0.201431  0.628562  
1.08737  0.180174  1.30436  
0.858958  0.878143  0.0707305  
0.434664  0.120829  3.4417  
0.192997  0.967795  2.40411  
1.45479  0.209482  0.166519  
1.55555  0.137879  0.300136  
0.347203  1.93213  0.202116  
0.0717664  2.94319  0.559692  
0.456924  0.105468  3.37705  
0.129573  0.122075  4.6006  
0.421568  1.69854  0.277813  
0.94397  0.334975  1.07055  
1.44819  0.262487  0.0982256  
1.05559  0.377102  0.888466  
0.0630262  2.93981  0.799021  
0.15856  0.639135  3.16941  
0.733922  0.173913  2.30487  
0.270136  1.69091  1.07483  
0.0618085  3.40044  0.2534  
0.0559715  3.22454  0.497603  
0.0430287  3.7642  0.135072  
0.0838005  3.11825  0.232615  
0.27164  0.924531  1.888  
0.795104  0.127956  2.4359  
0.0612533  0.0723189  5.26188  
0.324401  0.725384  2.35431  
0.209443  1.04751  2.23375  
0.76915  0.235471  2.24467  
1.31959  0.109843  1.11667  
0.357606  0.429335  2.84042  
0.154283  0.0942987  4.64136  
0.713746  0.196721  2.45741  
0.563405  0.243225  2.44762  
0.659354  0.698491  1.14083  
0.406234  0.178612  3.42341  
0.134588  1.363  2.11956  
0.104436  2.24385  1.26989  
0.0578706  2.10639  1.86314  
0.231566  2.33576  0.136954  
0.77095  0.125413  2.67345  
0.0720687  0.4749  4.04634  
0.231507  0.0841906  4.58969  
0.120351  0.579985  3.34395  
1.40632  0.26441  0.244549  
1.3684  0.133455  1.11483  
0.0642216  3.33742  0.106537  
0.175761  1.49395  1.66161  
0.0947251  2.21892  1.41471  
0.697932  0.346979  1.94674  
0.821508  0.15105  2.19357  
0.186426  0.195812  3.83068  
1.2222  0.252524  0.747858  
0.326617  1.56916  0.958111  
0.0508673  2.63401  1.25445  
0.301841  0.325629  3.19227  
0.387636  1.87023  0.182244  
1.63123  0.0576149  0.781871  
0.0869157  1.01297  3.21515  
0.632492  0.844059  0.918854  
0.731241  0.247697  2.12437  
0.247106  0.373436  3.2562  
0.291435  1.82683  0.583569  
1.39774  0.133261  0.775945  
1.7625  0.0748377  0.295595  
0.0660421  2.70527  1.12366  
0.252621  2.25574  0.145433  
0.50476  1.37125  0.484626  
0.392515  1.02035  1.60698  
0.701505  1.10806  0.395753  
0.383253  1.87785  0.088963  
0.718406  0.939919  0.463398  
0.889734  0.340791  1.28514  
0.136953  1.05644  2.60852  
0.278736  0.090818  4.06287  
0.475744  0.490175  2.07571  
0.0500669  3.13138  0.846331  
0.403988  0.449705  2.60865  
0.918103  0.127832  2.15934  
0.176329  0.164257  4.33195  
0.707298  0.689628  1.09187  
0.201892  0.301905  3.81313  
0.172676  2.42374  0.374776  
1.83693  0.0650159  0.169225  
0.341369  1.31819  1.29127  
0.37734  0.702085  2.21414  
0.508793  0.867632  1.34303  
1.1222  0.096294  1.65581  
0.21175  1.83731  1.10152  
0.0660603  0.204203  4.66091  
0.681097  0.177116  2.47131  
0.118735  2.47256  0.669772  
0.106681  1.25089  2.65651  
0.826731  0.86699  0.286756  
0.384475  1.51479  0.623963  
0.308799  0.563277  2.73205  
0.0682641  0.195747  4.77155  
0.379953  0.838212  1.75829  
1.511  0.150376  0.451021  
0.745947  1.03355  0.0843597  
0.568896  0.0817171  3.28571  
1.07895  0.569341  0.128886  
0.174959  0.0718943  4.80732  
0.44296  1.32051  0.659876  
0.476213  0.383525  2.6227  
1.50555  0.139328  0.466077  
0.992895  0.170608  1.70353  
0.227788  0.98142  2.28409  
0.228454  0.285187  3.34296  
0.886242  0.205729  1.71665  
1.0401  0.147955  1.63939  
0.0763603  2.63549  0.928713  
0.985154  0.085338  2.04031  
0.49591  0.299329  2.50689  
1.40521  0.176913  0.538416  
0.334407  1.07671  1.6923  
0.478155  1.45541  0.44053  
1.07129  0.377546  0.86761  
0.07139  2.08348  1.72639  
0.177885  1.28999  1.89028  
0.662768  0.193428  2.48591  
0.48394  1.54991  0.0809465  
0.201486  1.35094  1.82727  
1.25493  0.165424  0.816515  
1.58392  0.132064  0.382402  
0.343438  1.94839  0.140128  
1.4773  0.207813  0.191889  
0.500374  0.134159  3.28622  
0.982339  0.156345  1.88752  
1.30523  0.342813  0.223191  
1.41683  0.293626  0.147573  
0.0774466  3.20941  0.10982  
0.267762  1.92222  0.573099  
1.33955  0.198232  0.741538  
0.0586786  2.43966  1.64461  
0.771913  0.967923  0.232806  
0.757713  0.520241  1.2224  
0.0784689  1.41742  2.4308  
0.55731  1.43265  0.0852138  
1.33337  0.245372  0.559566  
0.111553  2.51745  0.85482  
1.51914  0.176162  0.29477  
0.303356  1.93835  0.268703  
0.109723  2.7294  0.506635  
0.721085  0.993792  0.398207  
0.138811  0.1209  4.53948  
0.548023  0.195741  2.77411  
0.569702  0.67842  1.38955  
0.0836118  3.25898  0.0789794  
0.59305  0.783704  1.17446  
0.427974  0.794812  1.73351  
1.07602  0.56514  0.261314  
1.009  0.508483  0.587435  
0.054152  3.55017  0.140077  
0.53353  1.5  0.265717  
0.417048  1.78793  0.0842923  
0.345135  1.57817  0.939801  
0.275667  2.2921  0.100348  
0.04745  0.0995451  5.02506  
0.0520568  3.75728  0.0470544  
0.450445  0.76466  1.84321  
0.0942225  1.77246  2.06173  
0.412378  0.14953  3.32049  
0.770819  0.59442  1.06684  
0.0484603  3.45766  0.499846  
0.70717  0.257269  2.03063  
0.582373  1.25183  0.269304  
0.688374  0.347564  1.94068  
0.393715  1.27685  0.862712  
0.805789  1.00483  0.0986452  
0.845603  0.792432  0.352363  
0.115245  1.40423  2.51154  
1.62858  0.165063  0.263438  
0.672927  0.630835  1.30311  
0.217559  0.0873567  4.43863  
0.234887  1.83807  0.864958  
0.816954  0.84204  0.355408  
0.0474445  3.55438  0.420158  
0.206641  0.759751  2.54969  
0.304554  0.0758442  4.00763  
0.04873  2.27508  1.75935  
0.214175  1.36595  1.40052  
1.31284  0.143742  1.21825  
1.1574  0.120623  1.45066  
0.111977  2.61971  0.658945  
0.140554  2.42596  0.633344  
0.278995  2.14707  0.305869  
0.217722  0.372075  3.38494  
1.03579  0.0738689  2.14943  
0.629971  1.12866  0.49194  
0.490259  0.489284  2.06656  
0.119753  3.02948  0.0599191  
0.157184  0.579655  3.20054  
1.54856  0.0754645  0.721956  
0.696271  1.22127  0.134024  
0.693329  0.892985  0.659629  
0.329907  0.350053  2.86115  
0.225348  2.33729  0.250651  
0.281142  0.354947  3.24975  
1.50057  0.0761156  0.726946  
0.447686  1.2581  0.711074  
1.16213  0.309238  0.598359  
0.264906  1.44319  1.20646  
0.92198  0.588809  0.63034  
0.288777  0.382869  3.04807  
1.82671  0.0747423  0.211486  
0.375243  1.54229  0.721008  
1.59508  0.174307  0.0767061  
0.531164  1.01927  0.998451  
0.0814242  2.64652  0.783881  
0.132778  2.62058  0.602355  
0.144803  0.298586  4.02887  
0.820304  0.289553  1.58557  
0.0901613  2.29424  1.19149  
0.54146  1.47781  0.25087  
0.886748  0.629235  0.702752  
1.0817  0.42244  0.5301  
0.760118  0.437742  1.61316  
1.06148  0.298779  1.01923  
0.396766  0.98587  1.62249  
1.14611  0.286441  0.736837  
0.148091  2.02889  1.13541  
0.353177  0.078167  3.74245  
0.539864  1.04037  0.876281  
0.389082  0.426694  2.68511  
1.64591  0.114341  0.266537  
0.0673415  1.95675  1.92777  
1.31571  0.162743  0.96927  
0.91235  0.462133  0.89787  
1.04648  0.273619  1.17926  
0.667502  0.439186  1.71575  
0.284477  1.53701  1.0337  
0.133126  1.44795  2.15515  
0.788055  0.436373  1.49026  
0.474297  0.420183  2.36779  
0.134478  0.0882781  4.81043  
0.331243  1.08123  1.55517  
0.950228  0.263005  1.33294  
0.268441  0.651115  2.46767  
1.28915  0.390962  0.0810156  
0.350834  1.02896  1.53709  
0.247851  1.96959  0.650445  
0.290334  1.25874  1.44383  
0.93253  0.153393  2.05264  
0.0638332  2.10036  1.62979  
0.128721  0.899812  2.87564  
0.340244  0.333825  3.07883  
0.122173  2.6462  0.327757  
0.135471  1.27011  2.42155  
0.217229  2.30323  0.309378  
0.351408  0.432777  2.75626  
1.05434  0.473246  0.349675  
1.04993  0.0796717  1.92985  
0.855847  0.707344  0.523321  
0.360298  1.78378  0.405735  
0.146058  1.86098  1.33235  
0.509405  0.237632  2.72004  
