0.0396138  0.143844  5.07712  
1.52985  0.0440905  0.92931  
0.0987361  3.12533  0.0455365  
0.0404267  0.0445435  5.86404  
1.98685  0.0527494  0.0748713  
0.0498337  4.03099  0.066991  
0.0580412  3.77162  0.0575034  
0.0517927  3.69661  0.209705  
0.0495428  3.97607  0.11531  
0.0519469  0.0494999  5.70801  
0.0521216  3.90574  0.0549461  
1.9279  0.0610349  0.0531796  
0.0492187  3.81649  0.255845  
0.0648671  3.6485  0.10011  
0.0568594  3.84752  0.171547  
0.0615956  0.0498  5.61156  
1.74281  0.104463  0.104221  
0.0480394  3.45489  0.445442  
0.0747764  0.0576266  5.44752  
1.79065  0.0707948  0.226049  
0.0563511  3.88516  0.148303  
1.71312  0.0984419  0.314566  
0.0519366  3.59829  0.249179  
0.0831094  2.76058  0.670699  
1.67208  0.114562  0.178358  
0.1018  0.231729  4.41224  
1.90371  0.0587192  0.130403  
0.0469979  4.01446  0.0683313  
1.65213  0.0986059  0.363677  
0.0616956  0.0810738  5.33219  
0.0839432  3.49009  0.0643056  
0.070383  3.25404  0.214176  
0.062584  0.0803239  5.49801  
0.0925455  2.96408  0.531637  
0.0611647  3.59248  0.120209  
0.0768792  0.0587326  5.39195  
0.0827171  0.783408  3.591  
0.0690038  0.0675985  5.19448  
0.112355  2.7927  0.542469  
0.066882  0.0654981  5.24563  
0.0872509  3.18979  0.281788  
1.27871  0.242643  0.566375  
0.405965  0.328935  2.90373  
0.055158  3.66631  0.182387  
0.068148  3.54784  0.0579998  
1.88558  0.066197  0.0522783  
0.0738445  2.40574  1.24794  
0.0829091  1.09208  3.21739  
1.14616  0.351559  0.410821  
0.13586  0.664718  3.14333  
0.0530062  0.0693043  5.67032  
1.76934  0.105286  0.0629495  
0.247048  0.280593  3.55337  
0.180125  0.0625121  4.46318  
0.341021  2.04157  0.188938  
0.0738665  3.3277  0.145494  
0.0856353  2.69324  0.807264  
0.142163  0.112771  4.60948  
0.114794  2.90602  0.392455  
0.09709  2.74447  0.694899  
0.0581398  0.0945045  5.30959  
1.37216  0.259393  0.316283  
1.01415  0.544036  0.541584  
1.26363  0.387698  0.0891152  
1.42924  0.146876  0.713886  
0.146275  0.0608935  4.69428  
1.23357  0.0883312  1.29945  
0.0629453  0.0609091  5.52491  
0.479777  1.69007  0.175787  
0.0644786  0.0636364  5.26769  
0.331219  0.970442  1.94002  
0.108674  2.32726  1.02079  
0.234514  2.47455  0.172103  
0.261025  0.132731  4.0397  
0.0829525  0.692673  3.86049  
0.539532  0.158573  3.05973  
0.800241  0.633555  1.00286  
0.0462867  2.598  1.21322  
1.9689  0.0555938  0.0521287  
0.100805  0.700851  3.52944  
0.0619385  3.35469  0.420622  
0.0433007  2.23617  1.82403  
1.82582  0.0737452  0.202961  
1.95284  0.0551743  0.0760987  
0.256685  1.98589  0.504963  
0.255965  0.243438  3.64129  
0.192458  1.37468  1.69019  
1.94245  0.0578355  0.0980732  
0.0675769  0.102753  5.17085  
0.159352  0.144966  4.22696  
1.39734  0.0759927  1.26683  
0.20037  1.06586  2.20018  
0.0765589  1.10536  3.09029  
0.0656772  0.0584944  5.40758  
0.0636164  3.13854  0.781888  
0.326974  1.52082  0.98618  
0.0779902  3.42825  0.072808  
0.252422  1.66473  0.931099  
0.197848  0.37749  3.70644  
0.123023  2.18717  1.0541  
0.134667  2.87157  0.163428  
0.0619574  3.16939  0.762566  
0.695995  0.218086  1.97938  
0.0703973  0.126536  5.0403  
0.127626  0.176326  4.51227  
1.85709  0.0569777  0.265329  
0.11062  2.85535  0.447585  
0.0500827  3.52647  0.310406  
0.401569  1.01805  1.45436  
0.273388  1.57398  1.26927  
0.202106  0.218864  3.95109  
0.0467044  2.89142  0.966342  
0.121898  0.110278  4.83545  
0.163369  2.30221  0.602986  
0.413054  1.86074  0.118095  
0.114196  1.93111  1.55144  
1.49657  0.105956  0.650738  
0.186011  2.49366  0.186812  
0.174467  0.0845827  4.47654  
1.57715  0.167389  0.236691  
0.132774  2.98656  0.100093  
1.69207  0.0621051  0.494334  
0.491703  0.226228  2.93195  
1.13191  0.322408  0.685458  
0.921571  0.137509  1.78362  
0.0909035  2.53452  0.879848  
0.768202  0.887717  0.552225  
0.116044  0.0955284  4.90159  
0.54171  0.346748  2.24132  
0.166286  1.84384  1.11152  
0.222658  0.325813  3.61142  
0.487182  0.215214  3.10317  
1.00286  0.601744  0.330583  
0.776863  0.138806  2.30791  
1.09031  0.241868  0.962025  
1.15959  0.125206  1.44349  
0.311425  0.15525  3.90601  
0.170507  2.93135  0.0943877  
0.0675767  0.491429  4.14536  
1.38669  0.214415  0.398777  
0.0832914  3.50781  0.0670718  
0.669953  1.05255  0.590819  
0.0979464  3.21957  0.14461  
0.143586  0.0781026  4.64836  
0.0919961  0.0494883  5.13466  
0.0896758  3.28571  0.0547628  
1.90087  0.057237  0.171537  
0.204703  2.01499  0.715262  
0.516035  0.0786758  3.39067  
1.13927  0.148196  1.16263  
1.05245  0.224411  1.13658  
1.83722  0.057376  0.293684  
0.0878651  0.0696373  4.9731  
0.144407  0.940889  2.71479  
1.96721  0.0470859  0.160171  
0.250169  2.51746  0.107168  
1.02502  0.0768402  2.05762  
0.970342  0.447482  0.857107  
1.68303  0.0718345  0.626105  
1.10199  0.496983  0.243644  
0.224877  1.51104  1.38736  
0.232222  2.15916  0.601456  
1.8762  0.045834  0.277939  
1.54975  0.0779412  0.767437  
0.860822  0.0567413  2.4063  
0.381261  0.414147  2.68926  
1.55746  0.0734611  0.621046  
0.0538023  0.050555  5.57111  
0.582391  0.767724  1.21454  
0.0672015  3.01912  0.660406  
0.205884  1.29471  2.14523  
0.86618  0.410744  1.16942  
0.687659  0.642674  1.31345  
0.557222  0.26857  2.423  
0.0569339  2.84013  1.17578  
0.909534  0.206318  1.68121  
0.584827  0.720376  1.07712  
0.0904551  0.553566  3.83281  
0.447207  1.54593  0.439451  
1.2871  0.177911  0.878386  
0.188508  2.44175  0.435054  
0.372938  1.45358  0.821704  
0.0515188  3.36863  0.443119  
0.0480281  3.5442  0.385371  
0.39415  0.558538  2.15985  
0.0947972  0.0677716  5.02059  
0.127637  0.478817  3.80074  
0.0729719  0.221075  4.65773  
0.166729  0.236745  3.87756  
0.207918  1.41213  1.5136  
0.916519  0.605013  0.653653  
0.717538  1.00785  0.425062  
0.116619  2.82409  0.460526  
0.322569  0.30548  3.30582  
0.137537  0.739336  2.95515  
0.0781767  0.0807818  4.99422  
1.46747  0.13729  0.588057  
0.0795617  0.141514  4.80642  
0.0955452  2.29203  1.03318  
0.169505  2.13664  0.854221  
0.0555474  0.0518729  5.56398  
0.139232  0.358639  4.10858  
0.0774263  2.50578  1.08936  
0.375129  0.21656  3.19317  
0.225174  2.09126  0.700198  
0.701726  1.14122  0.303796  
1.79887  0.052318  0.345156  
0.185013  2.71854  0.0681089  
0.20954  0.113887  4.07652  
0.079838  3.15504  0.33317  
0.639428  0.308747  2.11804  
0.263576  2.25277  0.260373  
0.141394  0.0642356  4.85657  
1.59111  0.122401  0.260102  
0.110205  2.94084  0.341801  
0.179291  1.19508  2.17344  
0.32178  1.49346  1.12474  
0.312992  0.549152  2.6614  
0.552066  1.27245  0.52637  
0.267288  1.39682  1.27648  
0.401772  1.53672  0.455358  
0.513398  1.43334  0.252636  
0.167296  2.58199  0.284958  
1.3213  0.108028  1.15354  
0.786547  0.798219  0.555345  
0.318939  2.18075  0.090998  
0.127976  0.0681822  4.94249  
0.119599  0.143879  4.55197  
0.24407  0.556807  2.86914  
1.6368  0.0548842  0.636445  
1.40457  0.213305  0.353055  
0.245333  0.716809  2.53663  
0.563323  1.34453  0.314378  
0.433899  0.23388  2.99312  
0.0759893  1.00422  3.41726  
1.44213  0.25356  0.109836  
0.731701  0.090995  2.6128  
0.259076  2.05616  0.46912  
0.0932005  3.23655  0.102078  
0.642385  1.12282  0.488217  
0.578286  1.2347  0.499879  
1.02125  0.673953  0.127067  
0.0713358  1.60057  2.09616  
0.157075  2.27902  0.765793  
0.0572993  3.41464  0.412992  
0.157902  0.372332  3.73561  
1.51904  0.0788761  0.823322  
1.05918  0.612885  0.312507  
1.84481  0.0786668  0.062106  
0.275174  1.14848  1.72115  
1.21401  0.324779  0.510313  
0.828526  0.302994  1.59421  
1.56811  0.168025  0.183283  
0.120477  1.3022  2.02478  
1.58396  0.0994227  0.574167  
0.128654  0.0925875  4.87789  
1.45399  0.216412  0.328005  
0.146569  0.202045  4.12217  
0.47076  1.73803  0.113223  
0.0875553  0.157878  4.78832  
0.438933  0.089225  3.44262  
1.61139  0.141131  0.14409  
0.536368  0.300344  2.32155  
1.5409  0.107725  0.480528  
1.81897  0.050831  0.345918  
1.20459  0.0744619  1.33606  
0.0807012  1.94962  1.641  
0.489027  1.20713  0.869102  
1.59944  0.115545  0.297819  
0.3658  0.467189  2.59532  
0.838998  0.273418  1.61804  
0.660458  0.454853  1.61591  
0.0894533  1.1827  2.84253  
1.44105  0.101886  1.00155  
1.04631  0.133521  1.50379  
0.0684743  0.107821  5.09878  
1.64543  0.109815  0.332386  
1.33513  0.244688  0.374552  
0.153361  0.29856  3.97717  
0.409536  1.16302  0.891513  
0.35783  0.849535  1.8878  
0.389803  1.71758  0.419727  
0.289043  0.335585  2.97108  
0.112728  0.117322  4.71858  
0.0626935  2.60998  1.00419  
1.70072  0.0449841  0.645797  
0.451315  1.75224  0.199735  
0.33408  1.38651  1.07336  
0.176646  0.56128  3.32815  
1.16197  0.145885  1.1865  
0.223733  1.87825  1.00781  
0.610221  1.35959  0.106827  
1.75597  0.117188  0.072782  
0.2547  0.292371  3.49209  
0.501728  1.42904  0.512782  
0.260928  2.26722  0.342443  
0.890617  0.521484  0.859536  
0.2039  0.100605  4.26135  
0.851073  0.0909948  2.37328  
0.144836  0.142074  4.38775  
0.253117  2.10642  0.537159  
0.296403  0.65987  2.46968  
1.74505  0.0799067  0.296503  
0.148039  2.57182  0.484176  
0.596661  0.313457  2.29995  
1.04075  0.289057  1.03918  
1.20191  0.174702  0.978784  
1.48745  0.0765993  1.18161  
0.961669  0.608411  0.460594  
0.875715  0.198859  1.72583  
0.291044  1.90427  0.639662  
0.103364  0.111468  4.76229  
0.0863915  1.25258  2.7368  
1.30886  0.323547  0.232882  
0.218065  2.54972  0.0853171  
0.926497  0.925492  0.273673  
1.35689  0.154503  0.548866  
1.42086  0.108299  0.730803  
0.0872299  3.3094  0.106606  
0.463883  1.76781  0.133367  
1.11759  0.394576  0.723426  
0.440739  1.3374  0.806115  
0.376624  0.426917  2.62884  
0.139963  0.402941  3.98607  
0.27119  2.42402  0.102637  
0.7554  0.512454  1.32066  
1.29973  0.242573  0.538907  
0.286794  0.0676729  3.92643  
0.0880576  0.0755553  4.92861  
1.06965  0.0897436  1.95574  
0.358358  1.76409  0.408767  
0.0904891  0.750199  3.47759  
0.726525  0.501153  1.36797  
1.71258  0.0814396  0.32068  
0.171075  1.97065  0.868781  
0.210834  0.151946  4.00785  
1.86387  0.0743514  0.0660915  
0.0933473  0.415504  4.19632  
0.317578  1.70523  0.649334  
0.963441  0.249378  1.35352  
0.731486  0.176458  2.22064  
1.33877  0.338688  0.175522  
0.529078  0.0763664  3.37602  
1.53708  0.158789  0.273769  
0.134975  2.72323  0.226521  
0.384101  0.896041  1.87342  
1.07173  0.483893  0.507038  
0.15086  2.67272  0.28795  
0.338834  1.89073  0.334867  
0.848574  0.135502  2.01714  
0.603603  0.241322  2.34522  
1.87065  0.0720422  0.126032  
0.162114  2.4288  0.546514  
0.138968  0.167197  4.29189  
0.195496  1.55519  1.32693  
0.125303  0.678223  3.24154  
0.149606  1.78072  1.47467  
0.106066  0.626253  3.69368  
0.884048  0.272027  1.4386  
0.118597  1.90592  1.63189  
0.213821  0.618971  3.17458  
0.0730892  2.0662  2.00113  
1.22623  0.432606  0.313413  
0.567261  0.126399  2.91959  
0.367665  0.0925964  3.82155  
0.297607  0.642768  2.6002  
0.103882  3.08942  0.180849  
1.19357  0.265974  0.69956  
0.301137  1.96503  0.309845  
1.34522  0.123422  0.916509  
0.619236  0.164473  2.51777  
1.81298  0.0870582  0.0920663  
0.0470575  3.03354  0.936721  
0.710028  0.40494  1.57985  
0.0603909  1.83341  2.13497  
0.0593619  0.0503977  5.67883  
0.468614  0.911633  1.36998  
0.124923  0.395441  4.01899  
0.109633  2.65505  0.650475  
0.0954362  0.903588  3.26179  
1.50549  0.199264  0.179972  
1.24872  0.397765  0.232111  
0.30699  0.871915  2.03548  
0.878158  0.472468  1.01446  
0.258826  0.232763  3.66948  
0.303353  0.805319  2.18423  
0.0646782  3.38275  0.210152  
1.76648  0.0839933  0.158068  
0.505052  0.979928  1.09382  
0.0686201  3.0642  0.594075  
0.546311  0.151461  3.04094  
0.5764  0.0881308  3.35676  
1.36668  0.239568  0.425833  
0.199419  0.0679061  4.34894  
0.678674  1.11709  0.398593  
0.10662  2.62514  0.721366  
1.52412  0.184754  0.0944885  
0.10388  2.00489  1.49235  
1.60564  0.13219  0.211889  
0.555574  0.428951  1.8979  
0.0689788  0.537185  4.08026  
0.810028  0.15752  1.87257  
0.713948  1.26689  0.138499  
0.548654  1.10237  0.77136  
0.8347  0.458443  1.09821  
0.140174  0.229395  4.26217  
1.67942  0.0731401  0.571919  
0.317275  2.08292  0.298246  
0.616059  0.658014  1.37723  
0.524449  0.526543  1.91126  
0.13126  1.24498  2.50104  
0.154619  0.191109  4.16815  
0.243706  0.215696  3.77924  
1.63799  0.128025  0.154462  
0.742147  0.916342  0.521606  
0.37227  0.412268  2.79029  
0.654908  0.296328  1.96534  
1.12432  0.424116  0.465136  
0.19594  1.33188  1.81702  
0.459486  1.03094  1.19079  
0.0602406  3.00668  0.839578  
0.18329  2.11468  0.792867  
0.622772  0.953305  0.83393  
0.390533  0.369858  2.77374  
0.163823  0.596999  3.51251  
0.222748  2.20633  0.614019  
1.06432  0.577528  0.161129  
0.216218  0.519599  3.25376  
0.419166  1.36451  0.843182  
0.683066  0.571484  1.42992  
0.240512  0.15266  3.91366  
0.483679  0.389668  2.36853  
0.128674  2.01113  1.23433  
0.472712  0.989045  1.28167  
0.0429779  0.0556415  5.70646  
0.0805648  2.22513  1.56504  
0.227583  2.37027  0.262923  
0.824765  0.722564  0.607047  
0.0781525  2.38802  1.4287  
0.17147  1.80677  1.15366  
0.593198  1.40737  0.104368  
0.813132  0.536096  1.10835  
0.374388  0.773566  2.07756  
1.47717  0.21401  0.16417  
0.569339  0.825094  1.28636  
1.46382  0.229578  0.126912  
0.0873477  0.0662132  5.12235  
0.105173  2.81065  0.553551  
1.21831  0.456675  0.170354  
0.10629  1.48167  2.55663  
0.132048  2.21595  0.99477  
0.158296  1.82939  1.34386  
0.518104  1.17262  0.775092  
0.999868  0.270174  1.09566  
0.953965  0.287643  1.33506  
0.316423  1.59058  0.95275  
0.794193  0.874344  0.519161  
0.842267  0.74147  0.523217  
0.243391  1.95225  0.679288  
0.079046  1.31692  2.55966  
0.236261  0.637818  2.75926  
1.17082  0.379467  0.323641  
1.38705  0.0858159  1.03632  
1.62693  0.112334  0.211642  
1.56372  0.134167  0.290299  
1.25471  0.221196  0.578964  
0.244495  1.82104  0.89924  
1.34855  0.342777  0.13839  
0.234911  0.467461  3.16218  
0.983222  0.224249  1.25724  
0.477526  1.24953  0.559886  
0.129516  0.0828402  4.73118  
0.230442  0.91857  2.27116  
0.172234  2.64029  0.258109  
0.0934171  0.343711  4.33771  
1.80618  0.0512394  0.366669  
0.142099  0.649296  3.46396  
1.08226  0.30227  0.817122  
0.254558  1.72775  0.884269  
1.11197  0.107413  1.79846  
1.26028  0.199834  0.746917  
0.453592  1.32401  0.745365  
0.212272  0.220425  3.67273  
1.24095  0.149747  1.03603  
0.416985  1.0484  1.21389  
0.905686  0.130219  2.12805  
0.42835  1.35621  0.609089  
0.346834  0.85852  1.9355  
0.176473  2.67539  0.191541  
0.592111  0.382258  1.98275  
0.336401  0.0971542  3.74321  
0.0832237  0.210909  4.74758  
0.433282  0.485894  2.49115  
0.132898  3.00083  0.083398  
0.453892  1.03698  1.05662  
0.175095  1.64905  1.42365  
1.1114  0.514158  0.220581  
0.112192  3.04654  0.233602  
0.181711  2.56123  0.212423  
0.163  0.798764  2.75492  
0.511434  0.502457  1.93046  
0.283615  0.0808561  4.20974  
0.301344  1.07355  1.66908  
0.774273  1.03189  0.268232  
0.680104  0.709218  1.12068  
0.281134  0.4084  2.86401  
0.0935984  0.485819  4.17093  
0.947712  0.190791  1.57267  
0.144582  2.33997  0.689828  
1.17187  0.318165  0.751123  
1.08132  0.184703  1.38968  
0.0853809  2.45399  0.908016  
0.0922312  0.251972  4.58074  
0.393768  0.576087  2.48708  
0.087079  3.40356  0.0602454  
0.0776206  0.307159  4.58277  
0.280179  1.28119  1.48205  
0.130386  1.80232  1.53307  
0.0845008  3.39431  0.075012  
1.75802  0.0772725  0.213054  
1.94731  0.0560689  0.255798  
0.177205  0.121893  4.29783  
1.51276  0.245618  0.111966  
0.187554  0.587903  3.27906  
0.110413  2.4555  0.814174  
0.758607  1.05868  0.233749  
0.279898  1.11896  1.74682  
1.45626  0.196499  0.297114  
0.0684684  3.10451  0.600875  
1.36055  0.0845827  1.07179  
1.19785  0.36171  0.325169  
0.654181  0.638846  1.41672  
0.11368  0.987603  2.78787  
0.509675  1.08433  0.914489  
1.07923  0.578922  0.138496  
0.498088  0.883396  1.29002  
0.0885262  0.368176  4.37093  
0.704868  0.961459  0.575358  
0.152519  0.711489  3.01426  
0.578778  0.0969938  3.34389  
0.7473  1.14727  0.106457  
0.706727  0.84169  0.707875  
1.30812  0.353386  0.0832209  
1.61808  0.113714  0.222265  
0.270507  2.38168  0.117658  
0.817495  0.0818481  2.68098  
0.618531  0.860858  0.969505  
0.24678  1.2836  1.68312  
0.202655  1.91945  0.88512  
0.792783  0.686085  0.76493  
0.752332  0.843493  0.582145  
0.428877  0.299642  2.83155  
0.349941  0.804567  2.03912  
0.230691  0.833771  2.51188  
0.524974  0.794911  1.45167  
0.326308  2.07054  0.0934043  
0.269337  1.07997  1.85644  
0.452206  0.108688  3.42724  
0.131323  1.75289  1.55924  
0.207121  2.34836  0.359062  
0.500835  1.63087  0.258539  
1.24314  0.244859  0.678362  
0.306105  2.15144  0.290801  
0.774591  0.092983  2.44818  
0.126234  1.61022  1.91639  
0.258997  0.757182  2.29135  
0.353742  1.00614  1.83993  
0.119919  3.11056  0.0630928  
0.138574  2.36437  0.755771  
0.533159  0.445604  2.04912  
0.496783  0.124906  3.28666  
0.988698  0.728648  0.136705  
1.33012  0.102175  1.06134  
0.81124  0.681444  0.730875  
0.401635  1.22384  0.848659  
0.625569  0.410297  1.70364  
1.18605  0.236297  0.76722  
0.0775631  0.383703  4.53286  
0.581409  0.180223  2.45233  
0.442673  0.263389  2.81013  
0.35183  1.58868  0.644875  
0.34285  1.25755  1.42728  
1.0961  0.531184  0.395766  
0.457384  0.249486  2.8499  
0.0715646  2.15238  1.76445  
0.85875  0.478836  1.06492  
0.634506  0.540908  1.60466  
0.220704  0.94282  2.28017  
0.45849  0.293284  2.64567  
0.12768  3.07746  0.0657364  
0.0553319  3.22385  0.582756  
0.188802  2.63139  0.0810453  
0.0841486  1.07809  3.0275  
0.76281  0.427439  1.25972  
0.265402  1.07268  1.88313  
1.03499  0.17599  1.46237  
1.17902  0.311195  0.652348  
1.2953  0.138923  0.949661  
0.657904  0.840183  0.989216  
1.4094  0.0768914  1.00167  
