0.0359115  2.87198  1.05694  
0.0818143  3.16572  0.0343743  
1.64157  0.0381779  0.71273  
0.0375074  3.69129  0.0351266  
0.0499221  0.0506107  5.67204  
2.00464  0.0405616  0.049032  
1.93902  0.0490662  0.0786058  
1.47491  0.199721  0.0657767  
0.124235  0.0669662  4.88585  
0.0735618  0.1135  4.97786  
0.0449527  3.6506  0.0897328  
1.90057  0.0389806  0.163832  
0.0751131  0.107237  5.04943  
1.49907  0.148821  0.358657  
1.59387  0.136752  0.161082  
1.96502  0.0486454  0.109786  
1.04545  0.106089  1.97505  
0.318751  0.299967  3.34089  
1.92404  0.0514966  0.0445783  
0.0614595  0.0551332  5.50573  
1.3143  0.218198  0.57754  
0.702547  0.931044  0.413952  
0.0585611  0.0588295  5.62331  
0.127164  2.02908  1.48138  
0.105867  3.04274  0.0429908  
0.055873  2.73057  1.07122  
0.0805208  3.01762  0.555043  
0.17949  0.0531966  4.45572  
0.196319  1.67216  1.2823  
1.4506  0.158891  0.4333  
1.87851  0.047712  0.258286  
0.086533  0.0701136  5.13599  
1.85718  0.0446044  0.379657  
0.0544104  0.075655  5.43924  
0.346538  1.30153  1.41184  
0.0671602  2.99507  0.62643  
0.0684963  1.55258  2.51068  
0.0430761  3.59439  0.372555  
0.116715  2.7589  0.511314  
0.125478  2.07866  1.37444  
0.0722915  0.06868  5.27641  
0.358451  0.557573  2.43679  
0.129686  2.17809  0.925507  
0.0848814  0.211562  4.47966  
0.0455097  3.4777  0.450287  
0.0546366  0.086796  5.41124  
0.0574151  0.0848381  5.36205  
1.19713  0.0864858  1.75532  
0.0775322  0.0904455  5.00412  
1.18069  0.538064  0.141885  
0.0690751  0.0643716  5.32276  
0.0761364  2.46586  1.33117  
0.618742  0.722281  1.03326  
1.90976  0.0558093  0.127543  
1.29766  0.318363  0.268892  
1.99006  0.0482696  0.0467642  
0.176501  2.67035  0.0633082  
0.125063  2.70009  0.233699  
0.16161  0.57495  3.15359  
0.0587822  3.61452  0.0471495  
0.155914  2.59644  0.272685  
0.215674  2.15907  0.6185  
0.0527605  0.113111  5.18105  
1.73305  0.0872352  0.169258  
0.491244  0.170252  3.07295  
1.57546  0.156543  0.306908  
0.0857801  0.738243  3.40441  
1.10066  0.135308  1.51541  
0.780848  0.752463  0.517559  
1.66341  0.0867022  0.369579  
0.180734  0.521639  3.1093  
1.87554  0.0715533  0.0554331  
0.272387  2.00256  0.536087  
0.715836  0.444156  1.568  
0.907898  0.628411  0.608422  
0.0481238  3.67787  0.078424  
0.0963668  1.85755  1.77324  
0.367815  1.17268  1.24588  
1.43819  0.0458213  1.15889  
1.98099  0.0418661  0.0505065  
0.474022  1.6562  0.145158  
0.0601658  0.0572795  5.57355  
0.0817536  3.26628  0.0572591  
0.0956333  0.112252  4.8303  
0.0620065  0.275488  4.58466  
1.41985  0.111769  0.811306  
0.102251  0.335972  4.09614  
0.656471  0.0952286  3.05643  
0.0466968  3.41683  0.529781  
0.561067  0.901777  1.02542  
0.0725373  2.29528  1.43228  
0.0896594  1.18557  2.57777  
0.0447461  3.0897  0.914429  
0.0513502  0.134011  5.09013  
0.0575706  3.20344  0.580154  
0.0720687  2.24069  1.52784  
0.0790776  2.36785  1.14546  
0.152672  2.28478  0.692321  
0.611557  0.152467  2.64418  
0.0800428  3.24458  0.062854  
0.213422  1.59906  1.31027  
1.02926  0.10922  1.69497  
0.125656  2.97385  0.0646455  
0.265302  1.44709  1.18001  
1.43129  0.201725  0.20735  
0.100341  2.04357  1.49823  
0.0620726  3.3581  0.16696  
0.221965  1.83904  0.994021  
0.114482  1.40371  2.26855  
1.33341  0.284833  0.38048  
1.68938  0.0502151  0.52992  
0.061175  0.0579652  5.52149  
0.667488  0.11016  2.71579  
0.376855  0.792087  1.8929  
0.0995421  0.178507  4.51913  
0.0805714  1.93064  1.63723  
1.21823  0.097017  1.59763  
0.0583288  3.52966  0.0878539  
0.195422  2.38119  0.305989  
1.5251  0.174958  0.18354  
0.295361  0.206273  3.50193  
0.138928  0.76928  3.30334  
1.41001  0.0589272  1.20029  
0.0764729  0.173905  4.78963  
1.83088  0.0402256  0.431979  
1.6057  0.0720416  0.583119  
0.0985373  2.55246  0.586485  
0.0417646  3.50153  0.489694  
0.106248  0.160954  4.29331  
1.81949  0.0684848  0.156222  
0.0644896  3.45725  0.0994367  
1.79553  0.0440509  0.409641  
0.553833  1.12125  0.81006  
0.159315  0.111511  4.54949  
0.121858  0.0701366  4.87266  
0.111874  0.509987  3.51746  
0.442204  1.22532  0.888996  
0.11821  2.53714  0.6002  
0.193416  2.40021  0.441919  
0.164552  2.57108  0.292355  
0.105938  0.153473  4.60978  
0.242407  2.19935  0.265351  
1.08898  0.220194  1.0518  
0.0913067  0.146335  4.67117  
0.0705198  2.49486  1.14197  
0.0579921  0.07298  5.55982  
1.13711  0.0683299  1.81886  
0.933546  0.125676  1.96525  
1.3956  0.197486  0.33531  
0.456005  0.813134  1.58383  
0.0427342  3.18255  0.656762  
0.496754  0.800672  1.5089  
0.47177  0.180013  3.03751  
1.72398  0.0389436  0.563523  
1.65332  0.0741233  0.373284  
0.0932192  0.125792  4.70109  
0.41376  1.2745  1.09299  
1.12654  0.319549  0.72947  
0.0862117  1.05897  3.19356  
0.695482  0.126952  2.67821  
0.0529369  3.54964  0.0697656  
1.11216  0.101908  1.67612  
0.09706  3.11869  0.156209  
0.0915141  3.06523  0.306665  
0.199673  2.48027  0.0551791  
0.148509  1.96462  1.10223  
0.0923642  3.14304  0.0864092  
0.0910966  0.571752  3.93372  
0.13597  0.416776  3.68135  
1.5716  0.102108  0.426147  
0.146914  0.680312  2.92816  
1.3474  0.0967943  0.984844  
1.96965  0.0423523  0.105142  
1.40183  0.258801  0.179791  
0.234285  0.545133  2.97426  
0.348378  1.10121  1.57015  
0.274734  0.291711  3.37399  
0.0495503  3.56217  0.1007  
1.05969  0.6426  0.130111  
1.7858  0.0609183  0.309081  
0.0414182  2.92886  0.971045  
0.131018  2.31232  0.717401  
0.71904  0.885016  0.777062  
1.01373  0.44161  0.753301  
0.0670887  3.23242  0.275535  
1.85091  0.0626965  0.0732057  
0.177422  1.99019  0.878722  
0.34049  1.38662  0.978539  
0.345279  2.10029  0.116098  
1.81235  0.0498387  0.161621  
0.198978  0.402827  3.59061  
0.305757  2.09287  0.301246  
1.78097  0.0648932  0.457351  
0.582669  1.25714  0.396894  
0.10948  2.83682  0.376542  
1.76618  0.0659986  0.308851  
1.62201  0.101095  0.384311  
1.80248  0.0555855  0.285975  
0.0481861  3.39478  0.532735  
0.0556723  0.0557785  5.65224  
0.418233  1.63954  0.391938  
1.74648  0.0890342  0.0900865  
1.61369  0.0913563  0.393573  
1.75673  0.0910759  0.0539788  
1.50432  0.109721  0.556829  
0.0857885  0.085246  5.22829  
0.277051  0.473575  2.85193  
0.601513  0.143314  2.79264  
0.761665  0.0932429  2.80626  
0.061591  1.6246  2.55343  
0.872046  0.2147  1.71264  
0.296498  0.985169  1.9364  
0.0679014  0.0761161  5.25142  
0.0485478  1.87285  2.14991  
0.0479796  2.78382  1.02257  
0.162503  0.992652  2.46477  
1.6285  0.119607  0.0684989  
0.0539893  3.21825  0.53369  
1.46119  0.0412395  1.04664  
0.218032  1.19849  1.85438  
0.542362  0.971634  1.07786  
0.15765  1.80002  1.25802  
0.429185  1.43054  0.705438  
0.434305  0.585746  2.12644  
0.392637  0.492759  2.40038  
0.606354  1.06903  0.473441  
0.528686  0.506129  1.87619  
0.250139  0.0522152  4.31479  
0.107891  0.283548  4.01844  
0.54803  1.24559  0.552176  
0.0884792  0.265055  4.41539  
0.189404  1.73547  1.20464  
0.0880112  0.0564412  5.10648  
0.0772826  2.79906  0.820406  
0.183086  0.183225  4.17208  
0.658824  1.00336  0.640153  
1.14209  0.563333  0.0879998  
1.67711  0.100202  0.0975198  
0.171751  0.665963  2.88604  
0.0463153  3.15146  0.658378  
1.15574  0.407711  0.322221  
1.36849  0.0640737  1.10809  
1.07296  0.524506  0.429215  
0.288342  1.68206  0.884925  
0.167039  2.12243  0.635442  
0.0816901  1.52121  2.70459  
0.484943  1.57473  0.475237  
0.054514  0.111653  5.20182  
0.0831703  2.6378  0.777435  
1.54104  0.10021  0.619975  
0.939469  0.245516  1.35926  
0.480871  0.312009  2.53223  
0.0899962  0.376084  4.12897  
0.896614  0.656528  0.320861  
0.216131  1.53001  1.54001  
0.052636  3.51168  0.0950513  
0.0436607  3.32361  0.641782  
0.9693  0.738969  0.214566  
0.122698  0.373983  3.94645  
0.401871  0.228  2.95919  
0.120556  2.85999  0.204783  
0.31287  0.164465  3.46467  
0.0781926  3.07592  0.542523  
0.128431  2.91518  0.0645256  
0.910808  0.398176  1.2372  
0.237574  0.126766  4.19544  
0.103829  2.20704  1.20648  
0.958065  0.741081  0.217102  
1.02325  0.732596  0.102191  
0.0602238  3.31012  0.353598  
0.925451  0.243359  1.46652  
0.24537  0.336081  3.43609  
1.24538  0.266382  0.487807  
1.2933  0.0885185  1.12304  
1.77359  0.0821197  0.0452365  
0.0643745  2.65096  1.00375  
1.32432  0.060155  1.28179  
0.171179  0.130026  4.37228  
0.220965  2.2262  0.350582  
1.69717  0.0858511  0.32197  
0.1076  0.599567  3.70957  
0.67792  0.272029  2.06343  
0.0677104  3.37503  0.0404821  
0.34251  0.579998  2.48987  
1.46105  0.120673  0.500632  
0.792251  1.07214  0.119339  
0.845956  0.327354  1.31611  
1.22624  0.376538  0.324535  
0.355568  1.52661  0.738317  
1.53448  0.0473451  0.784678  
0.0846692  0.129491  4.81196  
0.22337  1.8156  0.946158  
0.407055  0.678639  1.95413  
0.254851  0.424478  3.28394  
0.555938  0.744995  1.21818  
0.358403  1.88536  0.0457885  
0.252524  0.517985  2.94204  
0.362168  0.0919158  4.07623  
1.23692  0.322764  0.511128  
1.06723  0.635653  0.0829832  
0.130456  0.419657  3.62285  
0.164362  0.133888  4.34897  
0.195805  2.50764  0.237351  
0.0802213  1.20974  2.83757  
0.649954  0.956723  0.755775  
1.35489  0.26529  0.414792  
1.2512  0.16626  0.630831  
0.0711039  3.33923  0.0402812  
0.0909986  1.72334  1.94964  
0.513461  0.212433  2.78297  
1.2029  0.240271  0.851283  
1.63868  0.0770548  0.567921  
0.769824  0.201666  2.35003  
0.0842521  0.417519  4.04327  
1.16273  0.330698  0.550515  
0.14507  2.6288  0.322956  
0.159706  2.33891  0.689651  
0.0597569  2.85117  0.993913  
0.259556  2.33153  0.171178  
1.64555  0.111578  0.224681  
0.88379  0.0913076  2.17368  
0.917603  0.366832  1.16171  
0.0867607  0.156231  4.63878  
0.755294  0.471359  1.40311  
1.6737  0.0561786  0.679229  
1.01799  0.612716  0.2433  
0.794403  0.655292  0.797868  
0.195454  0.712533  2.61175  
0.147288  2.77167  0.0813442  
0.577684  1.21268  0.542791  
0.129343  0.0623228  4.75888  
0.646836  0.693312  1.34707  
0.125123  0.392009  3.89502  
1.12332  0.217916  0.91326  
0.344557  1.9429  0.235724  
0.0709993  0.0572777  5.34439  
0.686566  0.636322  1.25893  
0.226925  2.42917  0.10877  
0.193906  0.112296  4.3842  
0.0380727  3.56203  0.407223  
0.0819571  1.0947  3.10175  
0.850343  0.91851  0.229643  
0.239946  0.146826  3.87381  
0.750064  1.13143  0.327036  
0.159826  1.49137  1.67043  
0.216996  1.58661  1.33888  
0.879588  0.820936  0.262015  
0.263644  1.71242  0.953784  
0.315287  0.605779  2.60306  
0.283435  0.394678  2.98805  
0.0533657  2.94044  0.966575  
0.450186  0.487435  2.21403  
0.205969  0.22205  3.79936  
0.534834  0.939696  1.09125  
0.80687  0.295953  1.72954  
0.165883  2.26164  0.531324  
1.27564  0.354175  0.0721777  
0.385169  1.35989  0.904381  
0.422844  1.45637  0.699393  
0.185592  0.23005  3.98636  
0.462134  1.63118  0.187111  
0.0656327  1.74678  2.23633  
0.101379  1.91137  1.48162  
1.37378  0.264115  0.114193  
0.269399  0.119977  4.00718  
1.56318  0.163681  0.166619  
0.60836  0.119711  2.90052  
1.15063  0.207902  0.876311  
0.364824  0.869754  1.80268  
0.336236  0.113132  3.85674  
0.275371  1.23804  1.68334  
0.950928  0.17189  1.46629  
0.386049  0.494586  2.37474  
0.286889  0.774179  2.50376  
0.0821001  0.1379  4.72846  
0.141357  2.87984  0.113596  
0.0434081  3.44151  0.552918  
0.0742198  2.14051  1.45236  
0.168922  2.71411  0.175047  
0.5647  1.26999  0.480185  
0.943963  0.300567  1.17098  
0.594006  0.25267  2.41453  
1.84073  0.0774868  0.0826094  
0.267095  2.4075  0.09379  
0.446889  0.943547  1.48412  
0.267798  1.42615  1.27411  
0.0542458  2.95774  0.711801  
1.14917  0.333678  0.572817  
0.187293  1.8718  0.826633  
0.84209  0.189276  1.82792  
0.431463  1.82738  0.0831063  
0.0990234  2.26169  1.25814  
1.07655  0.116498  1.66495  
0.210455  1.47788  1.86149  
0.225424  1.61028  1.19016  
0.173323  2.44375  0.495083  
0.142816  2.12974  0.956603  
0.239681  0.345474  3.3792  
1.71653  0.0843805  0.199583  
1.2824  0.288754  0.348556  
0.0741642  2.80915  0.800559  
0.153143  1.89952  1.44112  
0.162633  1.95422  0.99009  
0.630292  0.286348  2.19849  
0.46469  0.832306  1.46283  
0.211787  1.05539  2.29906  
0.0857689  0.169551  4.64811  
0.218407  2.44857  0.0646587  
0.0723006  0.768888  3.74942  
0.503662  0.069843  3.50611  
0.190929  0.845785  2.37396  
0.972173  0.435681  0.913222  
1.55009  0.0737694  0.66943  
0.0809535  0.73997  3.60999  
0.371218  0.23861  3.26601  
0.861781  0.105214  2.2305  
1.21122  0.331087  0.486277  
0.640685  1.03587  0.670429  
0.509301  1.48686  0.131718  
1.29102  0.342848  0.0474639  
0.566691  1.37432  0.251795  
0.1544  2.13917  0.841097  
1.17805  0.429495  0.317762  
0.449854  0.366218  2.52107  
0.624672  0.705389  1.04314  
0.0678901  2.89227  0.983276  
0.207989  2.31743  0.264346  
0.164882  0.387937  3.64146  
0.29174  0.696723  2.6575  
0.498238  0.466651  2.11358  
0.222466  2.21645  0.454122  
0.114703  1.04989  2.63005  
0.40981  1.26492  1.16535  
0.500515  1.1545  0.886869  
1.25895  0.0720924  1.17521  
0.522666  0.609492  1.83669  
0.188584  0.138069  4.21909  
0.308592  0.358664  2.95251  
0.453719  1.5657  0.498082  
1.17248  0.25353  0.770849  
1.00415  0.275249  1.03005  
0.381864  1.5071  0.677563  
0.304641  0.96805  1.9093  
0.211502  0.26955  3.6703  
0.823625  1.01371  0.0976958  
1.03665  0.435431  0.860187  
0.955199  0.78417  0.0966245  
0.373541  0.0838879  3.56344  
1.5589  0.123098  0.447749  
0.170103  0.533497  3.2344  
0.851852  0.472621  0.941872  
0.154983  0.778821  2.86503  
0.349963  0.219308  3.45787  
0.134069  0.119093  4.71848  
0.109286  0.27939  4.15616  
1.26764  0.360802  0.0640696  
0.121516  2.82245  0.285361  
0.386782  0.190125  3.20221  
0.995105  0.0836203  2.00776  
0.0601188  3.10861  0.492056  
0.067899  2.61667  0.860896  
0.225279  2.06543  0.64575  
0.0521993  3.38525  0.489129  
0.520671  1.14551  0.750067  
0.742139  0.536248  1.40411  
0.11444  0.237431  4.23275  
0.0526483  1.77383  2.28424  
0.329924  1.99666  0.144877  
0.460305  0.80683  1.53794  
0.0651445  2.56328  1.17349  
0.141404  0.663824  2.99795  
0.115957  0.411683  3.80551  
0.176349  1.6483  1.40391  
0.0424777  2.51942  1.46069  
0.529403  1.33475  0.39818  
0.302506  0.481657  2.73221  
0.0674485  2.23834  1.6492  
0.415286  1.78774  0.16784  
0.050524  3.60813  0.0898041  
0.978507  0.598716  0.301314  
1.51508  0.0655435  0.776454  
1.32809  0.337854  0.121425  
0.447471  1.75529  0.219489  
0.603611  0.414284  1.94403  
0.344496  1.51041  0.901609  
0.122063  0.0809881  4.75329  
0.644393  0.123413  2.87112  
0.864794  0.603455  0.832001  
0.337223  0.306024  3.08644  
1.03757  0.401112  0.494436  
0.112992  2.90101  0.189808  
0.134882  0.393689  3.82466  
0.675568  0.471757  1.55871  
0.523763  0.0933919  3.24486  
0.203336  0.149308  4.17955  
0.150209  0.250191  3.77766  
0.72498  0.805923  0.962646  
0.258807  0.269139  3.57366  
0.147324  0.122781  4.53395  
0.39699  0.27515  2.8216  
0.0643097  3.3348  0.339304  
0.112879  0.458863  3.96222  
0.066098  0.127921  4.98224  
0.888189  0.600312  0.724063  
1.55329  0.134192  0.364769  
1.51392  0.0954364  0.6767  
1.20156  0.17876  0.863997  
0.297803  2.05601  0.324205  
0.0926368  0.265285  4.26249  
0.262156  0.206592  3.72259  
0.590405  1.31449  0.240258  
0.524175  0.500325  2.01716  
0.858339  0.284747  1.65661  
0.382941  1.46488  0.81021  
0.450905  0.531994  2.09248  
0.992823  0.139486  1.79334  
0.058211  3.28128  0.43967  
1.10459  0.447169  0.254773  
0.0785155  2.65723  0.775249  
0.143743  1.96324  1.22734  
1.71321  0.0854762  0.179212  
1.75028  0.0852618  0.182449  
1.70443  0.0763421  0.220165  
1.20913  0.498854  0.119043  
0.081954  1.41641  2.30353  
0.80531  0.58664  0.880998  
0.774243  0.180763  2.08272  
1.27949  0.289017  0.344771  
0.133387  2.42216  0.680424  
0.812939  0.177585  2.05208  
0.185962  0.115865  4.40722  
1.23583  0.326817  0.335488  
0.996803  0.156135  1.40828  
0.118899  1.89587  1.65236  
0.121816  2.60792  0.361461  
0.690405  1.20013  0.174189  
0.831379  0.0876412  2.67744  
0.0972343  1.90582  1.54289  
0.380196  1.00057  1.66558  
1.53331  0.0898379  0.654332  
0.232553  1.9594  0.623352  
0.72146  0.433476  1.49351  
0.22606  2.35223  0.252437  
0.777428  0.591878  1.13617  
0.219436  1.76723  1.00991  
0.054878  0.0765104  5.4328  
0.280102  1.58083  0.910722  
0.069253  1.58149  2.18362  
0.672444  1.13606  0.251475  
1.00344  0.145268  1.76043  
0.798227  1.02439  0.0879815  
0.255424  1.70188  0.97298  
0.983153  0.647284  0.251436  
1.06162  0.217806  1.15565  
0.313395  0.110747  4.05646  
0.0465619  2.9536  0.758179  
0.111004  1.70808  1.77161  
1.35996  0.307621  0.15072  
0.519576  1.32574  0.437689  
0.387666  0.328186  2.72769  
0.755469  0.684129  0.976456  
0.199359  0.4997  3.54139  
0.244314  0.995188  2.12272  
0.250501  0.542286  3.00913  
0.235463  0.657298  2.77545  
0.125056  1.56871  1.99274  
0.157369  1.37139  1.91314  
0.354444  0.620477  2.16329  
0.836915  0.202874  1.91896  
0.0534244  3.17081  0.584112  
0.635901  0.83967  0.813385  
0.139422  0.867767  3.22025  
0.425659  0.181771  2.81688  
0.405902  0.425647  2.47086  
0.154182  1.08639  2.57987  
0.876065  0.85033  0.196951  
0.24037  1.16564  2.04646  
0.255004  1.34597  1.40672  
1.83778  0.0445456  0.392689  
0.0491167  3.43413  0.219122  
0.453368  0.0890106  3.44226  
1.38098  0.222473  0.397201  
0.0884798  0.862554  3.29975  
0.431828  1.23346  0.968643  
0.413354  0.707301  1.86876  
0.309707  1.78568  0.753434  
0.238108  1.30846  1.76485  
0.421255  1.27326  1.06744  
0.572079  1.02967  0.966567  
0.736051  0.61832  1.09012  
0.258003  0.452382  3.08657  
0.916019  0.389791  1.09766  
0.324482  0.599678  2.56165  
1.70681  0.114009  0.0653442  
1.36129  0.297447  0.133867  
0.627316  0.342155  2.07288  
0.246404  0.0777066  4.24625  
0.508691  1.30252  0.617466  
1.08187  0.587192  0.067839  
0.404455  0.617183  2.20504  
