0.927425  3.0111e-012  4.48711  
0.860902  0.858444  2.61512  
0.748381  0.890765  3.08139  
6.99715e-011  1.35642e-008  6.00039  
9.62952e-009  3.91371e-012  6.5269  
0.731704  0.63004  4.43194  
0.790797  0.300745  4.08997  
0.296035  0.00305204  5.60254  
0.628366  0.787662  4.09037  
1.00977e-005  3.91371e-012  6.00059  
0.894894  0.669015  3.67381  
0.844348  0.727283  3.19612  
0.0911748  0.215437  5.49814  
0.239096  0.1505  5.27702  
0.274149  0.0831601  5.49443  
0.786215  0.290184  4.09909  
0.780048  0.78526  3.04604  
0.280055  0.0852235  5.46733  
0.0120665  0.0242659  5.95709  
0.633223  0.182348  5.20083  
0.0325912  0.117697  5.73461  
0.853354  0.820131  2.67532  
0.637198  0.275991  5.12049  
0.883026  0.672141  3.64914  
0.701039  0.015777  5.13012  
0.185768  0.170603  5.2907  
0.038874  0.0242659  5.91792  
0.7517  0.236384  4.41232  
0.0318817  0.281518  5.54552  
0.738341  0.889463  3.14323  
0.232707  0.0472178  5.51207  
0.708788  0.777871  3.56554  
0.118847  0.177543  5.42212  
0.628568  0.188607  5.21973  
0.264684  0.68002  4.81169  
0.744528  0.298913  4.3635  
0.0601348  0.0705954  5.79441  
0.841537  0.745499  3.07364  
0.119296  0.0209232  5.74938  
0.850665  0.711312  3.30853  
0.655638  0.877479  3.73263  
0.865494  0.794601  2.77398  
0.64463  0.87961  3.81296  
0.885022  0.692991  3.47102  
0.676169  0.270577  4.84296  
0.787549  0.792558  2.97125  
0.724154  0.740064  3.69131  
0.813075  0.849199  2.69999  
0.735282  0.107881  4.62363  
0.736517  0.872623  3.15485  
0.674202  0.167796  4.9426  
0.118847  0.262085  5.35107  
0.720466  0.832275  3.26582  
0.0247054  0.644476  5.45928  
0.647482  0.807216  3.87961  
0.792742  0.83521  2.8077  
0.0519819  0.064354  5.84914  
0.134918  0.0631117  5.68979  
0.005825  0.0403533  5.94075  
0.157987  0.0148224  5.66891  
0.0193628  0.112173  5.76773  
0.79591  0.759415  3.11619  
0.229356  0.653472  5.00938  
0.243565  0.165347  5.24456  
0.826993  0.763883  2.97939  
0.236553  0.676356  4.86891  
0.806972  0.715082  3.38157  
0.272469  0.0431318  5.51961  
0.76756  0.879852  2.9332  
0.184334  0.00542296  5.63499  
0.647482  0.197519  5.08333  
0.0270364  0.113399  5.75381  
0.759771  0.222601  4.24187  
0.193151  0.129885  5.36855  
0.797632  0.732441  3.29218  
0.163077  0.229908  5.25926  
0.68227  0.86694  3.52947  
0.87493  0.725724  3.20754  
0.744269  0.0730128  4.64138  
0.125268  0.883742  4.11013  
0.762732  0.765731  3.26309  
0.820148  0.820131  2.73286  
0.209524  0.639199  5.16108  
0.0475075  0.813628  4.31912  
0.840044  0.208247  3.92138  
0.871628  0.754322  3.00418  
0.0670283  0.758988  4.55702  
0.218318  0.657839  4.98607  
0.0749679  0.0338759  5.86036  
0.679855  0.697773  4.33724  
0.70534  0.858997  3.35454  
0.708096  0.0580306  4.93452  
0.79591  0.0547593  4.37845  
0.78127  0.862751  2.84048  
0.128224  0.735215  4.57611  
0.293958  0.743836  4.36511  
0.159565  0.729285  4.54805  
0.117297  0.0521164  5.70187  
0.829379  0.690647  3.4986  
0.0161808  0.242819  5.56245  
0.284712  0.748194  4.32275  
0.227012  0.660755  4.95839  
0.0351784  0.228477  5.53679  
0.692688  0.13795  4.87608  
0.672106  0.862751  3.60279  
0.215605  0.0307345  5.55264  
0.892002  0.0968966  4.1767  
0.059096  0.0104873  5.90517  
0.807455  0.683062  3.62186  
0.257281  0.839837  3.89572  
0.0552965  0.193548  5.53719  
0.249715  0.823432  3.93193  
0.849396  0.648952  3.77293  
0.859909  0.634721  3.8652  
0.769445  0.705313  3.64006  
0.13087  0.279012  5.33661  
0.256945  0.0701565  5.50511  
0.189831  0.0104873  5.62009  
0.0503275  0.038299  5.87798  
0.755851  0.178273  4.48205  
0.768275  0.732441  3.44613  
0.138744  0.256147  5.30187  
0.858918  0.784247  2.8222  
0.00909628  0.124039  5.75287  
0.832826  0.0307802  4.29519  
0.840044  0.803864  2.74522  
0.693853  0.736142  3.9469  
0.637198  0.19275  5.17187  
0.732301  0.286982  4.49309  
0.197586  0.870052  3.92547  
0.687496  0.202438  4.78591  
0.113742  0.768681  4.38965  
0.814313  0.258368  3.968  
0.77816  0.771719  3.13068  
0.882339  0.679887  3.59081  
0.261016  0.756191  4.26656  
0.742653  0.741506  3.54811  
0.203532  0.232402  5.18402  
0.684916  0.267204  4.77553  
0.696727  0.248612  4.6827  
0.269283  0.729818  4.44018  
0.150219  0.886604  4.04451  
0.83549  0.770736  2.92928  
0.265566  0.639199  5.10381  
0.639054  0.853403  3.83469  
0.806069  0.743836  3.25051  
0.808146  0.202438  4.0762  
0.0884001  0.687388  5.02726  
0.878579  0.64641  3.79894  
0.145084  0.00687098  5.71873  
0.866233  0.209849  3.90682  
0.749585  0.694102  3.8515  
0.869794  0.741506  3.08956  
0.0415163  0.0794754  5.80947  
0.744528  0.0277466  4.72447  
0.803326  0.219447  4.01429  
0.224054  0.765731  4.20987  
0.000230004  0.844391  4.46316  
0.889422  0.703156  3.40438  
0.0970659  0.663573  5.18235  
0.878579  0.647953  3.78852  
0.155036  0.851856  4.00067  
0.106363  0.105277  5.6132  
0.152812  0.702165  4.76483  
0.806507  0.792598  2.88565  
0.660978  0.707921  4.39875  
0.115196  0.663102  5.14368  
0.710837  0.841595  3.32211  
0.123206  0.253689  5.33832  
0.0747489  0.141288  5.6  
0.176514  0.161572  5.32496  
0.862607  0.721444  3.23033  
0.17337  0.780167  4.19016  
0.113742  0.784926  4.32626  
0.85007  0.752274  3.01539  
0.873747  0.781425  2.84442  
0.147151  0.725724  4.59986  
0.22168  0.658556  4.97857  
0.133316  0.0348937  5.69668  
0.106383  0.096105  5.6324  
0.808925  0.780167  2.93998  
0.650778  0.703225  4.71243  
0.666085  0.63566  4.88575  
0.836376  0.652222  3.76579  
0.197977  0.66523  4.95978  
0.785469  0.683062  3.72036  
0.178221  0.729285  4.51027  
0.715576  0.0949427  4.79787  
0.0971024  0.684016  5.03226  
0.79877  0.146478  4.15445  
0.630403  0.707119  4.61258  
0.0763961  0.789726  4.42572  
0.101896  0.853008  4.12382  
0.754017  0.239932  4.26911  
0.074658  0.152992  5.57289  
0.699144  0.830986  3.42921  
0.193151  0.124039  5.38206  
0.862797  0.102309  4.12181  
0.246973  0.817927  3.94661  
0.117297  0.735903  4.5956  
0.666455  0.247187  4.90941  
0.873747  0.703627  3.37215  
0.669573  0.25165  4.88915  
0.750785  0.0682322  4.6133  
0.268984  0.0116777  5.5877  
0.816861  0.155311  4.06863  
0.802226  0.133237  4.17133  
0.829786  0.158232  4.0257  
0.867511  0.661842  3.71173  
0.20849  0.643505  5.09677  
0.179682  0.745499  4.39461  
0.210991  0.643505  5.09337  
0.805344  0.723324  3.53869  
0.185768  0.829024  3.97936  
0.288115  0.691244  4.74536  
0.0177526  9.34186e-009  5.97994  
0.814313  0.173825  4.03757  
0.760047  0.0285072  4.65557  
0.661632  0.184521  5.00398  
0.0878519  0.0871635  5.70459  
0.676169  0.186038  4.89558  
0.067416  0.822905  4.25128  
0.876209  0.837079  2.64544  
0.176514  0.165347  5.31809  
0.644499  0.211484  5.08714  
0.68962  0.163898  4.83523  
0.165854  0.105277  5.47761  
0.165226  0.0314146  5.6302  
0.205303  0.870516  3.91487  
0.667872  0.851947  3.7477  
0.067416  0.846411  4.20648  
0.686234  0.178273  4.83347  
0.857623  0.77433  2.91211  
0.0712473  0.855877  4.19284  
0.042816  0.805218  4.35938  
0.851502  0.706802  3.41101  
0.857411  0.158975  3.9899  
0.750591  0.85006  3.02638  
0.656186  0.63004  4.99278  
0.665066  0.257243  4.9192  
0.729249  0.184521  4.56202  
0.774671  0.232254  4.14546  
0.828228  0.713318  3.34079  
0.145156  0.88565  4.05365  
0.0462735  0.175714  5.5848  
0.877949  0.659686  3.70441  
0.20021  0.1276  5.36343  
0.784242  0.829518  2.85709  
0.804034  0.83521  2.75834  
0.0832397  0.663474  5.23768  
0.681977  0.0852235  5.07691  
0.688494  0.837729  3.49673  
0.0743117  0.660091  5.39961  
0.663827  0.655814  4.76604  
0.200081  0.191049  5.2328  
0.743148  0.796433  3.2327  
0.0409296  0.0727051  5.82693  
0.153898  0.244586  5.26845  
0.0217282  0.0794754  5.84177  
0.0447155  0.0461014  5.87961  
0.246973  0.757102  4.24692  
0.643865  0.285273  5.08391  
0.728107  0.740064  3.66233  
0.658441  0.228318  4.97459  
0.134317  0.719813  4.7206  
0.664151  0.65219  4.78903  
0.847379  0.850148  2.62345  
0.710636  0.747089  3.74658  
0.252183  0.797025  4.09401  
0.188984  0.154596  5.31905  
0.100758  0.245736  5.39226  
0.772014  0.25957  4.15631  
0.720316  0.704259  3.98773  
0.828671  0.132389  4.08624  
0.674202  0.0598755  5.18645  
0.82813  0.71377  3.32538  
0.693045  0.86694  3.46653  
0.671728  0.632498  4.86474  
0.697081  0.872808  3.42156  
0.799884  0.819661  2.80975  
0.7124  0.268059  4.56765  
0.870728  0.810866  2.7094  
0.819604  0.0871635  4.23688  
0.0971024  0.677076  5.08298  
0.712863  0.801337  3.42197  
0.800297  0.128474  4.19778  
0.0144617  0.134933  5.72161  
0.00988945  0.721444  4.91204  
0.155036  0.733215  4.52769  
0.1418  0.718061  4.66882  
0.723542  0.220582  4.52439  
0.149255  0.760676  4.35442  
0.77748  0.0722482  4.51946  
0.68207  0.814337  3.78195  
0.639054  0.734762  4.35146  
0.892002  0.0960399  4.17878  
0.679855  0.733543  4.07011  
0.117297  0.047069  5.78115  
0.288115  0.747861  4.3272  
0.871001  0.0768417  4.22402  
