3.24632e-011  1.99417e-007  6.12901  
0.0148803  9.28424e-015  6.05718  
0.691901  0.89347  3.49896  
0.912983  0.00321122  4.41991  
0.858919  0.862558  2.61478  
3.8562e-006  1.24381e-008  6.25192  
0.703104  0.309157  4.70139  
0.298765  0.735815  4.42501  
0.62689  0.745628  4.35427  
0.675309  0.629164  4.86142  
0.88586  0.664158  3.68831  
0.182273  0.160629  5.317  
0.164009  0.289652  5.26934  
0.869723  0.0688294  4.20707  
0.802446  0.29535  4.03097  
0.0318403  0.126707  5.71454  
0.110747  0.278702  5.378  
0.174103  0.176566  5.30323  
0.654395  0.15122  5.12065  
0.754554  0.139027  4.4488  
0.0366311  0.0334698  5.90755  
0.0511037  0.0868332  5.79172  
0.0130548  0.042325  5.92753  
0.239695  0.219142  5.1637  
0.730466  0.879221  3.18018  
0.720686  0.0571092  4.84234  
0.211764  0.169218  5.2576  
0.736762  0.854653  3.1194  
0.863146  0.782799  2.83082  
0.837153  0.758833  3.03269  
0.873457  0.697097  3.42623  
0.173612  0.179003  5.29676  
0.072682  0.189163  5.52382  
0.713378  0.806963  3.39526  
0.186276  0.254489  5.20545  
0.289698  0.200141  5.20445  
0.748494  0.273778  4.34619  
0.759861  0.674989  3.9294  
0.770115  0.764617  3.21925  
0.24612  0.683431  4.78331  
0.743876  0.848114  3.07428  
0.195976  0.00960121  5.60544  
0.791277  0.829206  2.98221  
0.661766  0.183927  5.00386  
0.834052  0.655915  3.7428  
0.786469  0.13497  4.23977  
0.752829  0.740826  3.48419  
0.710254  0.882854  3.33941  
0.796816  0.695281  3.6691  
0.11741  0.232533  5.39475  
0.827939  0.697818  3.44706  
0.638458  0.247266  5.10481  
0.105377  0.0318935  5.76604  
0.687493  0.123137  4.94247  
0.845629  0.869355  2.62582  
0.77739  0.754158  3.24333  
0.729308  0.148466  4.5714  
0.702141  0.843755  3.38464  
0.0605113  0.10172  5.72918  
0.792807  0.727248  3.35187  
0.237549  0.66998  4.886  
0.846002  0.796461  2.76982  
0.831363  0.171393  3.99513  
0.00347131  0.29535  5.59854  
0.677992  0.655915  4.6606  
0.694294  0.83594  3.57882  
0.715893  0.856168  3.2728  
0.0234454  0.189163  5.61379  
0.66964  0.04871  5.28242  
0.7636  0.713552  3.61457  
0.207835  0.227246  5.18221  
0.711709  0.108718  4.80105  
0.038796  0.00720455  5.94117  
0.0282877  0.0726832  5.84831  
0.210628  0.840349  3.91819  
0.0820056  0.760271  4.51449  
0.645332  0.270234  5.06281  
0.861264  0.813323  2.69568  
0.268213  0.0013023  5.57868  
0.821726  0.647603  3.82977  
0.791277  0.834455  2.81123  
0.130589  0.149214  5.45098  
0.734533  0.817979  3.20159  
0.11992  0.194322  5.43201  
0.865593  0.801442  2.74245  
0.0455173  0.0659905  5.83241  
0.818962  0.858076  2.67783  
0.114625  0.240519  5.36252  
0.251708  0.169218  5.23531  
0.283647  0.635569  5.13694  
0.700709  0.028579  5.04367  
0.126773  0.701327  4.86737  
0.232031  0.0988378  5.40815  
0.264467  0.657954  4.97252  
0.138754  0.132614  5.47141  
0.841224  0.705734  3.36259  
0.187148  0.16274  5.30409  
0.826512  0.144843  4.06285  
0.771875  0.0618075  4.52134  
0.850635  0.0815242  4.17251  
0.067359  0.0282047  5.86405  
0.0328195  0.203971  5.56932  
0.77739  0.768925  3.15359  
0.268695  0.812305  3.97066  
0.220348  0.658008  4.98482  
0.858517  0.790355  2.79233  
0.134687  0.0640594  5.63679  
0.202803  0.0813455  5.46856  
0.877359  0.102419  4.13366  
0.855264  0.257871  3.88234  
0.658531  0.104502  5.20052  
0.631877  0.654025  4.99643  
0.653797  0.0531684  5.34692  
0.753985  0.862066  3.00109  
0.0418659  0.0547301  5.86142  
0.77571  0.88496  2.89773  
0.16521  0.262268  5.24523  
0.683194  0.0959099  5.06111  
0.158686  0.798344  4.1304  
0.806976  0.254132  3.98437  
0.0766119  0.705525  5.01262  
0.803145  0.784031  2.96856  
0.0300263  0.737296  4.77187  
0.746855  0.0122361  4.99293  
0.0411868  0.0465438  5.88649  
0.84817  0.671418  3.72137  
0.757183  0.732202  3.51685  
0.0642348  0.0909429  5.73981  
0.667142  0.265929  4.90633  
0.842168  0.802118  2.74955  
0.282957  0.691712  4.73517  
1.36915e-010  0.889717  4.37571  
0.856332  0.83957  2.63657  
0.679407  0.825739  3.59356  
0.0820056  0.747408  4.59924  
0.153261  0.82063  4.09997  
0.00496772  0.00321122  5.99478  
0.276785  0.815993  3.96313  
0.847341  0.742886  3.09864  
0.681558  0.879221  3.54718  
0.827939  0.853631  2.65483  
0.128725  0.735709  4.58814  
0.797611  0.0779773  4.39255  
0.0274721  0.112705  5.75473  
0.192362  0.178521  5.26529  
0.168711  0.179003  5.30606  
0.0475132  0.0884257  5.80393  
0.881444  0.812958  2.71676  
0.634725  0.683469  4.76288  
0.148159  0.872481  4.02008  
0.806976  0.779076  3.05227  
0.0524935  0.86465  4.23124  
0.76689  0.711991  3.60615  
0.642284  0.728478  4.38196  
0.678991  0.0381775  5.19269  
0.775993  0.708048  3.68233  
0.201109  0.178521  5.25417  
0.102556  0.830642  4.15261  
0.00772702  0.633699  5.56039  
0.830826  0.651727  3.80807  
0.757183  0.738483  3.47185  
0.743876  0.282424  4.42967  
0.287848  0.675697  4.85944  
0.259091  0.660892  4.95484  
0.148159  0.800609  4.14288  
0.771875  0.0963056  4.43125  
0.00327642  0.029971  5.95995  
0.799031  0.772086  3.08756  
0.676874  0.0999622  5.07834  
0.706524  0.250108  4.62525  
0.813267  0.0620279  4.29274  
0.706954  0.26104  4.60592  
0.73206  0.854964  3.15874  
0.0443571  0.652556  5.37324  
0.720686  0.790989  3.40909  
0.695563  0.672017  4.41166  
0.0924275  0.122381  5.68432  
0.108882  0.104603  5.60656  
0.688797  0.265634  4.74497  
0.784051  0.268669  4.09353  
0.650516  0.731389  4.30018  
0.0832365  0.767855  4.46472  
0.16148  0.118186  5.48229  
0.753985  0.769455  3.2903  
0.815097  0.0804421  4.24658  
0.219103  0.205572  5.19208  
0.723364  0.242113  4.48489  
0.705537  0.132614  4.90369  
0.123166  0.215438  5.35627  
0.141951  0.118861  5.4989  
0.841436  0.157604  4.00718  
0.734659  0.720594  3.7611  
0.878702  0.772086  2.90443  
0.757374  0.734177  3.50131  
0.770115  0.803367  3.01901  
0.838858  0.801965  2.78432  
0.14496  0.798344  4.16018  
0.271506  0.114574  5.36386  
0.216104  0.252116  5.18097  
0.217318  0.0360319  5.54225  
0.274462  0.0940278  5.41461  
0.774709  0.839725  2.95353  
0.795429  0.199406  4.07315  
0.810434  0.795947  2.85567  
3.8562e-006  0.677559  6.01944  
0.83642  0.876084  2.64594  
0.273506  0.0503364  5.50761  
0.136599  0.736198  4.54849  
0.249402  0.214928  5.1664  
0.786075  0.736361  3.31913  
0.805034  0.69585  3.55551  
0.670188  0.222144  4.93329  
0.783802  0.224626  4.10087  
0.248086  0.703654  4.63091  
0.729308  0.723325  3.78023  
0.0588993  0.805014  4.32962  
0.107797  0.780003  4.33752  
0.871706  0.656789  3.71769  
0.835466  0.825739  2.8197  
0.867767  0.667687  3.63792  
0.729308  0.743467  3.6299  
0.0903581  0.209222  5.44193  
0.71449  0.68156  4.26786  
0.698494  0.800101  3.53431  
0.0486164  0.817979  4.30426  
0.132582  0.266637  5.32044  
0.122824  0.0640594  5.66484  
0.174103  0.258353  5.22688  
0.229974  0.714097  4.55792  
0.138432  0.0282047  5.69349  
0.093627  0.63958  5.36442  
0.727529  0.126707  4.63343  
0.815984  0.235038  3.9583  
0.254471  0.676761  4.83258  
0.809389  0.786461  2.90777  
0.677587  0.794949  3.78715  
0.769354  0.884375  2.93329  
0.220348  0.637063  5.12758  
0.859833  0.762172  2.94826  
0.0676884  0.222871  5.48337  
0.163268  0.0147456  5.65713  
0.223612  0.7821  4.1103  
0.74418  0.0318935  4.71999  
0.000725822  0.00659109  6.03399  
0.660714  0.182864  5.01323  
0.268695  0.682285  4.79702  
0.815896  0.840677  2.7256  
0.217318  0.0260474  5.55771  
0.142479  0.775253  4.28242  
0.0940186  0.2801  5.42332  
0.824508  0.641991  3.86016  
0.0200974  0.77404  4.80626  
0.681249  0.715093  4.19537  
0.0896104  0.763327  4.47743  
0.734445  0.80258  3.25787  
0.0755139  0.663405  5.33141  
0.780902  0.688987  3.69921  
0.820312  0.786461  2.87159  
0.0565101  0.143783  5.63133  
1.36915e-010  1.48801e-007  6.10314  
0.870827  0.643243  3.8171  
0.636115  0.712616  4.53383  
0.261152  0.078204  5.44407  
0.631877  0.651107  5.01682  
0.732929  0.790989  3.31929  
0.786075  0.197917  4.1203  
0.695435  0.281676  4.70563  
0.749894  0.199406  4.3315  
0.838302  0.814698  2.70853  
0.856774  0.215304  3.89969  
0.0880323  0.86465  4.15528  
0.649884  0.854281  3.76299  
0.100242  0.230073  5.39888  
0.0751658  0.143366  5.67165  
0.00777135  0.00904181  5.98584  
0.0455173  0.0743951  5.81444  
0.188622  0.806963  4.03916  
0.723748  0.779338  3.45106  
0.257873  0.0222281  5.54747  
0.232031  0.120884  5.35302  
0.0130792  0.0928508  5.8219  
0.841436  0.19518  3.93837  
0.73087  0.707976  3.87786  
0.698  0.846529  3.4166  
0.0175918  0.114314  5.7657  
0.642736  0.828343  3.84757  
0.779766  0.787198  3.04476  
0.00743644  0.018001  5.97199  
0.142995  0.195636  5.33495  
0.236246  0.205572  5.18142  
0.744174  0.715339  3.77055  
0.6768  0.213198  4.85433  
0.838425  0.0834693  4.18837  
0.811415  0.780848  2.92712  
0.84817  0.676761  3.57149  
0.225319  0.0467537  5.51711  
0.229456  0.265634  5.1567  
0.120269  0.689564  5.0347  
0.642736  0.0147665  5.48671  
3.24632e-011  2.00154e-007  6.0972  
