0.0150096  2.69965e-011  6.01361  
0.885404  0.743  3.10222  
3.23256e-012  0.000570652  5.99971  
0.854547  0.881383  2.63458  
0.860681  0.85838  2.61434  
0.682813  0.308625  4.83536  
0.298099  0.000281764  5.60475  
0.623997  0.654434  5.04171  
0.233484  0.626975  5.18012  
0.634146  0.243526  5.1332  
0.284312  0.111702  5.38703  
0.0650002  0.0609611  5.80381  
0.293437  0.000281764  5.64418  
0.691419  0.878014  3.46978  
0.110849  0.268604  5.37126  
0.812399  0.773693  2.96349  
0.805227  0.867651  2.72789  
0.275682  0.699618  4.66884  
0.731259  0.631222  4.42668  
0.873491  0.781994  2.84302  
0.686396  0.29795  4.79259  
0.155446  0.0773113  5.56211  
0.19929  0.101366  5.42763  
0.667022  0.219827  4.99777  
0.883317  0.714013  3.30884  
0.164503  0.166009  5.34725  
0.688067  0.235574  4.75164  
0.643503  0.881037  3.82192  
0.760818  0.083778  4.50669  
0.229728  0.743  4.34885  
0.194123  0.740568  4.40476  
0.263614  0.248468  5.14903  
0.20352  0.85167  3.91695  
0.108436  0.287165  5.40297  
0.0615027  0.0564524  5.82291  
0.820686  0.766124  2.98113  
0.142012  0.0440205  5.66449  
0.0360748  0.163219  5.62617  
0.159103  0.139888  5.4076  
0.117443  0.0176597  5.77451  
0.823626  0.693619  3.48987  
0.723225  0.0412805  4.85379  
0.762578  0.792302  3.12479  
0.223578  0.681381  4.81266  
0.81358  0.776557  2.94506  
0.0817393  0.235574  5.43891  
0.171085  0.70822  4.73528  
0.714263  0.0329474  4.93337  
0.762289  0.814657  3.02415  
0.236198  0.638564  5.10573  
0.684238  0.272798  4.95733  
0.817566  0.875048  2.69096  
0.829087  0.758975  3.00428  
0.781814  0.835688  2.87304  
0.766684  0.739201  3.40726  
0.673743  0.842383  3.61673  
0.0865635  0.788  4.3845  
0.728198  0.828151  3.22606  
0.743471  0.814657  3.14775  
0.176294  0.715127  4.61789  
0.096659  0.00553936  5.84968  
0.7635  0.301224  4.2428  
0.152782  0.787797  4.1951  
0.829087  0.761858  2.986  
0.0996667  0.278091  5.41516  
0.213358  0.643263  5.11621  
0.65759  0.80542  3.99608  
0.209169  0.149572  5.30143  
0.877546  0.634126  3.87863  
0.802207  0.79752  2.92242  
0.857883  0.7058  3.34766  
0.14573  0.26206  5.28778  
0.842084  0.276438  3.90211  
0.756292  0.780021  3.21527  
0.122515  0.687714  4.94263  
0.691432  0.821055  3.51978  
0.646116  0.128156  5.32718  
0.774695  0.751159  3.28887  
0.769829  0.0289655  4.5575  
0.225417  0.830453  3.92904  
0.253636  0.126677  5.32939  
0.674666  0.110883  5.06835  
0.84878  0.662542  3.67523  
0.20352  0.783829  4.1241  
0.18754  0.711592  4.63635  
0.855442  0.807826  2.71576  
0.694769  0.652621  4.68531  
0.788028  0.86941  2.80687  
0.750838  0.834155  3.04614  
0.0185697  0.856191  4.28671  
0.77723  0.239269  4.13691  
0.662174  0.805037  3.86917  
0.73385  0.747454  3.5709  
0.833447  0.698345  3.43043  
0.735218  0.839144  3.16103  
0.790006  0.672363  3.77837  
0.795567  0.284714  4.04934  
0.217947  0.138681  5.31771  
0.819543  0.805298  2.78978  
0.160942  0.861552  4.00775  
0.7542  0.0245568  4.90193  
0.659986  0.833833  3.81105  
0.654457  0.841908  3.74016  
0.836838  0.808559  2.73697  
0.207317  0.0207557  5.58685  
0.00590618  0.0290427  5.95726  
0.784229  0.115795  4.48235  
0.747978  0.222127  4.3341  
0.866892  0.738333  3.11218  
0.19061  0.686656  4.83659  
0.769116  0.194511  4.21714  
0.752152  0.0928964  4.57599  
0.628772  0.205394  5.19421  
0.634591  0.169466  5.22864  
0.10219  0.152248  5.53176  
0.267215  0.19309  5.19712  
0.0106693  0.873035  4.304  
0.0258842  0.813107  4.36701  
0.845411  0.720421  3.24506  
0.0865635  0.197878  5.46378  
0.0924277  0.0572572  5.76803  
0.868332  0.700115  3.39352  
0.758297  0.00593975  4.71322  
0.648901  0.22535  5.05203  
0.795567  0.864776  2.76814  
0.858227  0.134843  4.06634  
0.0911916  0.678735  5.08462  
0.623997  0.658692  5.01818  
0.244142  0.85394  3.88258  
0.247316  0.180519  5.2145  
0.67574  0.0969667  5.09352  
0.18354  0.752585  4.33832  
0.831303  0.0664569  4.23252  
0.681063  0.860044  3.53453  
0.783812  0.775575  3.07745  
0.0485207  0.222341  5.51617  
0.0306068  0.692444  5.14779  
0.0560994  0.0987121  5.77332  
0.147554  0.0340019  5.6814  
0.716291  0.231347  4.54061  
0.128904  0.747004  4.52146  
0.212938  0.132625  5.33602  
0.138766  0.682735  4.96961  
0.0400955  0.113443  5.7327  
0.261348  0.701284  4.65484  
0.28121  0.816281  3.9655  
0.698589  0.0710681  4.9808  
0.0794593  0.0675793  5.75977  
0.256888  0.0213722  5.54907  
0.736901  0.216953  4.40061  
0.772671  0.851923  2.88708  
0.167712  0.231347  5.24444  
0.639988  0.824464  3.89166  
0.147554  0.0115962  5.70109  
0.0793329  0.201364  5.48043  
0.648901  0.225738  5.04282  
0.637672  0.221282  5.16105  
0.711457  0.747004  3.83263  
0.132138  0.174659  5.49316  
0.70197  0.771766  3.65393  
0.0199227  0.70757  5.01487  
0.208528  0.0882555  5.4522  
0.779052  0.733129  3.44769  
0.798286  0.669503  3.79337  
0.0805191  0.84703  4.17837  
0.849322  0.780364  2.85936  
0.143246  0.213445  5.31103  
0.796227  0.176251  4.17465  
0.822109  0.722215  3.32513  
0.740123  0.758068  3.45462  
0.189893  0.680068  4.86792  
0.233484  0.660876  4.95345  
0.764062  0.85199  2.95456  
0.76624  0.206877  4.22523  
0.669422  0.124944  5.08557  
0.222097  0.172842  5.25079  
0.778318  0.73158  3.58087  
0.0243604  0.0239327  5.94149  
0.746055  0.739291  3.55248  
0.249579  0.841639  3.89315  
0.00405609  0.0953069  5.82652  
0.216913  0.209932  5.18778  
0.720442  0.669503  4.35966  
0.69844  0.170113  4.79583  
0.236198  0.642557  5.07946  
0.149208  0.119823  5.47653  
0.72633  0.205394  4.48952  
0.117443  0.85199  4.10314  
0.0218984  0.258998  5.54851  
0.0342253  0.701284  5.03055  
0.180142  0.703067  4.7197  
0.106192  0.649574  5.29813  
0.0326765  0.00140248  5.97125  
0.860772  0.858101  2.61966  
0.0596444  0.822486  4.26929  
0.852616  0.813899  2.69543  
0.877544  0.00212806  4.31811  
0.803189  0.211538  4.02208  
0.257838  0.803005  4.00633  
0.751106  0.827831  3.06593  
0.242133  0.172842  5.24171  
0.786935  0.645917  3.98116  
0.802282  0.292665  4.02821  
0.127988  0.00858632  5.74399  
0.746055  0.756524  3.43539  
0.705739  0.69726  4.14495  
0.114282  0.777638  4.34034  
0.638887  0.685694  4.77551  
0.143466  0.803005  4.14465  
0.824695  0.793974  2.82369  
0.701836  0.699618  4.15706  
0.0642856  0.691311  5.09475  
0.833438  0.864018  2.64136  
0.102357  0.813017  4.25958  
0.7011  0.661793  4.45531  
0.802001  0.300444  4.0393  
0.0520739  0.00983864  5.91457  
0.169634  0.750302  4.44185  
0.0774119  0.665216  5.26866  
0.0675671  0.00323365  5.8898  
0.769952  0.0164496  4.59127  
0.146635  0.0816976  5.61247  
0.096659  0.0953069  5.65769  
0.144563  0.104595  5.52262  
0.77723  0.748186  3.3714  
0.264565  0.211538  5.17193  
0.246545  0.181663  5.21253  
0.0386225  0.848652  4.26094  
0.208102  0.67345  4.88394  
0.149208  0.12148  5.47242  
0.628121  0.727681  4.47215  
0.712276  0.768462  3.59341  
0.036287  0.251416  5.52538  
0.664202  0.0969667  5.17954  
0.703756  0.796948  3.50869  
0.849995  0.728264  3.18532  
0.135391  0.145188  5.44883  
0.822207  0.857108  2.66762  
0.114282  0.777241  4.3969  
0.0132154  0.197709  5.59853  
0.832138  0.733616  3.16987  
0.838853  0.683716  3.53137  
0.844641  0.666894  3.64873  
0.028416  0.65985  5.37521  
0.826141  0.202856  3.95579  
0.792036  0.627393  4.08069  
0.832368  0.844242  2.65203  
0.691419  0.826162  3.49846  
0.870292  0.115177  4.09646  
0.138766  0.035639  5.70594  
0.843006  0.144181  4.03645  
0.842133  0.771399  2.90474  
0.849995  0.719444  3.24838  
0.109641  0.0865911  5.64686  
0.812534  0.672778  3.69341  
0.812534  0.65699  3.84881  
0.706674  0.0425861  5.27432  
0.792034  0.77012  3.08865  
0.0996667  0.724918  4.72648  
0.0712936  0.176251  5.53819  
0.211665  0.750559  4.31209  
0.0948471  0.81837  4.20337  
0.716688  0.254857  4.53153  
0.0555289  0.0424004  5.86045  
0.682258  0.81895  3.60445  
0.866066  0.0354309  4.26893  
0.752152  0.105351  4.54695  
0.00137677  0.730223  4.88843  
0.725679  0.727681  3.76821  
0.00104684  0.0625869  5.90282  
0.271704  0.710708  4.58241  
0.0518122  0.130472  5.677  
0.135711  0.00858632  5.73654  
0.737641  0.760924  3.4542  
0.843296  0.640892  3.83138  
0.813276  0.266368  3.97856  
0.269993  0.00983864  5.56954  
0.205266  0.187824  5.23343  
0.160942  0.680813  4.908  
0.860681  0.650867  3.75324  
0.849995  0.716641  3.26902  
0.725162  0.0767695  4.76765  
0.658818  0.836369  3.71796  
0.874783  0.715793  3.28108  
0.179279  0.720384  4.57319  
0.682506  0.108804  5.03578  
0.638887  0.866433  3.8518  
0.0847017  0.194511  5.47296  
0.658477  0.836369  3.72015  
0.800001  0.86646  2.74845  
0.826454  0.722455  3.26463  
0.697191  0.290773  4.70131  
0.0712936  0.201364  5.49801  
0.813436  0.17842  4.05577  
0.662395  0.841908  3.68376  
0.866066  0.789579  2.79936  
0.784183  0.754468  3.22363  
0.0991294  0.0634991  5.72257  
0.652278  0.86552  3.74575  
0.242605  0.703067  4.64413  
