0.0858078  0.908  4.25214  
0.892956  0.104264  4.16193  
1.97768e-006  1.79416e-012  6.00074  
0.85786  0.862291  2.61521  
1.67987e-010  0.815355  4.38171  
1.24701e-009  0.0125959  6.03053  
0.308884  0.00222414  5.62125  
0.744015  0.305091  4.37552  
0.813337  0.62609  4.00353  
0.624216  0.786662  4.13646  
0.173609  0.884902  3.98746  
0.710167  0.290662  4.60326  
0.287343  0.802794  4.03538  
0.0715111  0.224829  5.47273  
0.694006  0.88316  3.46059  
0.222332  0.717515  4.53783  
0.682513  0.800189  3.66786  
0.851707  0.636088  3.85445  
0.101458  0.877129  4.13554  
0.799999  0.276381  4.02296  
0.639238  0.849022  3.84091  
0.713983  0.748979  3.70591  
0.16223  0.283304  5.26433  
0.783844  0.747215  3.25505  
0.849705  0.644897  3.81555  
0.642385  0.632947  5.06888  
0.0759739  0.0938816  5.70955  
0.883813  0.776652  2.88718  
0.228681  0.64067  5.0965  
0.879797  0.063859  4.22463  
0.847673  0.757359  2.98442  
0.0103356  0.0935451  5.8249  
0.691422  0.244404  4.76632  
0.0630969  0.271967  5.48199  
0.821363  0.161585  4.03991  
0.868137  0.713096  3.2957  
0.11206  0.742248  4.56446  
0.273272  0.81575  3.96055  
0.184959  0.0451963  5.57172  
0.788148  0.786365  3.04609  
0.739996  0.852951  3.0994  
0.104498  0.0128168  5.79473  
0.625278  0.00443402  5.61191  
0.655442  0.0363478  5.3659  
0.775697  0.723227  3.47021  
0.689213  0.123924  4.92963  
0.771734  0.750226  3.3369  
0.0177231  0.0705056  5.86575  
0.093808  0.681238  5.06025  
0.158444  0.23816  5.27333  
0.629186  0.762412  4.22859  
0.121319  0.188889  5.3972  
0.875219  0.648307  3.78117  
0.0826203  0.734816  4.70057  
0.85414  0.128711  4.05952  
0.864551  0.709486  3.32128  
0.664773  0.708627  4.36634  
0.19572  0.676972  4.8981  
0.165759  0.736839  4.48145  
0.220077  0.0569723  5.50158  
0.735791  0.867838  3.12886  
0.0355504  0.200317  5.60277  
0.854599  0.873996  2.62384  
0.240796  0.119578  5.34789  
0.0141225  0.791861  4.46563  
0.128865  0.831895  4.09601  
0.888412  0.753426  3.03874  
0.790823  0.768638  3.08461  
0.851707  0.695272  3.42942  
0.783844  0.203726  4.27209  
0.867918  0.157342  3.99674  
0.710485  0.233542  4.58967  
0.661205  0.644698  4.88908  
0.689213  0.0251589  5.13615  
0.88904  0.732638  3.18685  
0.261466  0.122086  5.34252  
0.838772  0.754986  3.01158  
0.0552825  0.03481  5.89616  
0.0241332  0.00801426  5.96261  
0.167578  0.678543  4.9127  
0.869986  0.195814  3.92856  
0.059353  0.255689  5.48732  
0.132251  0.169782  5.4064  
0.862619  0.260639  3.88283  
0.0670246  0.0749158  5.77153  
0.269357  0.846048  3.89326  
0.808742  0.691561  3.55533  
0.0759739  0.0975381  5.70022  
0.824099  0.689243  3.52171  
0.276797  0.161585  5.25987  
0.125763  0.247434  5.33331  
0.713983  0.743527  3.74313  
0.746571  0.723227  3.65277  
0.780592  0.703289  3.72055  
0.0564896  0.133307  5.65875  
0.679493  0.249679  4.85449  
0.114344  0.667532  5.29582  
0.659006  0.652706  4.82173  
0.102652  0.212922  5.42136  
0.741297  0.194054  4.39932  
0.0446542  0.0192675  5.91618  
0.724113  0.868159  3.21325  
0.853397  0.822838  2.6675  
0.73268  0.763838  3.49361  
0.0503257  0.0605049  5.83431  
0.804102  0.840916  2.74734  
0.651337  0.854139  3.80073  
0.198781  0.765873  4.24714  
0.711574  0.20995  4.67353  
0.734711  0.83543  3.15895  
0.18254  0.6609  5.01253  
0.0719853  0.669415  5.226  
0.0374724  0.067289  5.84373  
0.789353  0.209261  4.08827  
0.0474131  0.669386  5.24662  
0.238486  0.687345  4.8094  
0.231405  0.174523  5.23145  
0.137339  0.634743  5.28535  
0.146302  0.78685  4.21148  
0.696901  0.785405  3.61611  
0.824099  0.0872829  4.35458  
0.0280805  0.0983317  5.79021  
0.232223  0.0152558  5.56184  
0.187174  0.251902  5.20595  
0.706142  0.759216  3.74546  
0.00116424  0.129887  5.76474  
0.78618  0.112026  4.29497  
0.841711  0.703938  3.41997  
0.840761  0.849429  2.63241  
0.815684  0.86127  2.6874  
0.0703794  0.115314  5.67022  
0.234364  0.109425  5.37718  
0.169476  0.685156  4.87804  
0.176147  0.858932  3.95908  
0.192588  0.664331  4.97848  
0.8485  0.800189  2.76444  
0.262669  0.0834876  5.4329  
0.789417  0.274583  4.07076  
0.703806  0.852951  3.36577  
0.677233  0.725783  4.14637  
0.659006  0.655434  4.80355  
0.878049  0.154454  4.01428  
0.71703  0.100678  4.78174  
0.276797  0.184038  5.21766  
0.834431  0.67839  3.58023  
0.265328  0.0864488  5.42715  
0.699686  0.243751  4.7457  
0.821493  0.691561  3.51076  
0.719961  0.831573  3.27104  
0.201092  0.68277  4.82367  
0.778491  0.270587  4.12931  
0.708404  0.218824  4.60944  
0.66985  0.176672  4.95828  
0.797995  0.134511  4.18569  
0.140668  0.111393  5.5157  
0.279655  0.807804  3.99373  
0.82647  0.870393  2.66242  
0.688221  0.837192  3.5658  
0.725994  0.865228  3.19845  
0.10656  0.669415  5.11766  
0.778918  0.265164  4.11996  
0.121056  0.0214096  5.7448  
0.267551  0.0799525  5.4444  
0.651337  0.179026  5.08585  
0.689483  0.674026  4.44563  
0.73158  0.77814  3.39553  
0.243232  0.193127  5.19451  
0.284935  0.798378  4.04334  
0.770203  0.170375  4.32536  
0.0408411  0.183379  5.59493  
0.859725  0.810328  2.70726  
0.813095  0.83543  2.72185  
0.792073  0.791861  2.96456  
0.00562204  0.0105305  5.98313  
0.732258  0.0682101  4.73879  
0.0147201  0.779552  4.52348  
0.0299224  0.0235062  5.93378  
0.748605  0.270628  4.3135  
0.826851  0.788268  2.842  
0.829156  0.826829  2.69202  
0.0244257  0.117243  5.75163  
0.130678  0.700585  4.84303  
0.649831  0.19128  5.07983  
0.767382  0.77527  3.17246  
0.845577  0.802899  2.74215  
0.780388  0.750226  3.28822  
0.0558688  0.0397644  5.87042  
0.095945  0.754986  4.51636  
0.00449339  0.0206298  5.97246  
0.218022  0.812709  3.97955  
0.752831  0.842288  3.02084  
0.178151  0.150593  5.37073  
0.21149  0.739087  4.41494  
0.107136  0.739087  4.62133  
0.0414938  0.104264  5.75209  
0.814742  0.792651  2.8567  
0.145365  0.680226  4.97074  
0.255331  0.884221  3.90693  
0.631706  0.731141  4.42693  
0.701773  0.865755  3.38023  
0.875219  0.771903  2.89954  
0.760985  0.861805  2.96342  
0.749032  0.265204  4.30346  
0.184546  0.844385  3.95046  
0.758867  0.779997  3.20103  
0.802578  0.23816  4.00502  
0.0601271  0.113743  5.72987  
0.135614  0.240108  5.31166  
0.246214  0.884221  3.91977  
0.635917  0.192689  5.16695  
0.000936329  0.0394181  5.94696  
0.135118  0.782145  4.26125  
0.690793  0.790087  3.63907  
0.635917  0.192903  5.16637  
0.189379  0.154691  5.32121  
0.157022  0.28573  5.29812  
0.0790708  0.669386  5.18139  
0.658978  0.705275  4.43365  
0.828809  0.869909  2.65511  
0.859261  0.669386  3.62092  
0.149303  0.202103  5.32571  
0.258239  0.855998  3.88318  
0.102652  0.217654  5.40319  
0.734495  0.786557  3.34306  
0.755674  0.797412  3.13374  
0.631706  0.81902  3.9438  
0.783075  0.119  4.33609  
0.267551  0.0489058  5.50913  
0.172494  0.176911  5.30417  
0.25703  0.248476  5.14749  
0.672183  0.676972  4.57574  
0.118464  0.685636  4.96962  
0.677852  0.134481  4.98867  
0.890751  0.767075  2.95679  
0.0430199  0.17558  5.59091  
0.121894  0.819177  4.18043  
0.831661  0.67358  3.62035  
0.757505  0.027719  4.63784  
0.000936329  0.050779  5.92625  
0.856087  0.798668  2.77907  
0.0824029  0.76876  4.48649  
0.0314096  0.149095  5.66563  
0.157022  0.154949  5.37867  
0.78618  0.789067  2.99393  
0.255243  0.693296  4.72542  
0.794154  0.695072  3.58804  
0.180395  0.78685  4.17706  
0.673165  0.142786  5.00486  
0.252493  0.810328  3.97399  
0.79629  0.800996  2.91115  
0.0110164  0.0799525  5.85403  
0.817052  0.795195  2.83753  
0.645838  0.649726  4.97654  
0.000119885  0.184944  5.64847  
0.78618  0.854988  2.821  
0.853397  0.83148  2.64673  
0.118537  0.138074  5.63252  
0.736429  0.261707  4.39049  
0.248317  0.171364  5.28685  
0.790823  0.811497  2.87774  
0.201465  0.217945  5.19748  
0.249252  0.0185848  5.55286  
0.0203269  0.665142  5.36227  
0.2134  0.153489  5.28839  
0.206681  0.048044  5.53261  
0.649486  0.630607  5.03864  
0.245922  0.0319423  5.53292  
0.712646  0.825802  3.40525  
0.815678  0.789064  2.9241  
0.179444  0.660507  5.22747  
0.845179  0.777358  2.86683  
0.22408  0.083552  5.44221  
0.0211722  0.109425  5.77495  
0.786888  0.727932  3.37605  
0.20077  0.725783  4.49961  
0.135118  0.865447  4.04483  
0.125625  0.0930788  5.63646  
0.782746  0.848897  2.8338  
0.0780537  0.697551  5.05172  
0.204954  0.25307  5.17821  
0.766868  0.771158  3.20019  
0.210931  0.641256  5.1077  
0.0459155  0.735342  4.99709  
0.214487  0.0505796  5.51928  
0.198781  0.680226  4.86921  
0.751114  0.685156  3.93595  
0.038901  0.839257  4.27206  
0.0320595  0.0505796  5.88649  
0.71703  0.0903164  4.7987  
0.108442  0.735342  4.65829  
0.210398  0.641256  5.10829  
0.262267  0.698908  4.6689  
0.0600662  0.136343  5.64156  
0.703806  0.0277503  5.02081  
0.225854  0.145998  5.29435  
0.794346  0.649829  3.9281  
0.129894  0.0165998  5.73042  
0.155965  0.716265  4.65035  
0.0339522  0.767951  4.59738  
0.651337  0.196882  5.05721  
