3.33654e-008  5.72834e-012  6.0009  
0.665148  0.883136  3.67435  
0.879868  0.74299  3.0923  
3.1425e-013  0.15528  5.69129  
0.856422  0.859631  2.61499  
0.634524  0.701375  4.62885  
0.284406  0.812509  3.98013  
0.687705  0.311677  4.80222  
0.733339  0.625136  4.45042  
0.703122  0.291388  4.65745  
0.00423154  0.308963  5.62097  
0.052663  0.791685  4.39946  
0.179121  0.73915  4.43896  
0.644751  0.237857  5.06407  
0.658948  0.267223  4.96646  
0.711575  0.838582  3.35386  
0.114928  0.878124  4.12599  
0.0309217  0.713382  4.94394  
0.868527  0.746696  3.05312  
0.736633  0.810969  3.25938  
0.109204  0.289001  5.3937  
0.209459  0.716001  4.5647  
0.746469  0.630485  4.326  
0.667189  0.883136  3.6591  
0.255313  0.666633  4.90787  
0.806466  0.767303  3.03478  
0.103787  0.19724  5.42517  
0.733703  0.750225  3.55241  
0.707717  0.811441  3.44692  
0.0248642  0.279122  5.55534  
0.666219  0.204922  4.98804  
0.696087  0.287557  4.70791  
0.77385  0.734189  3.40079  
0.779244  0.870162  2.8538  
0.171052  0.250577  5.23425  
0.874158  0.795311  2.77931  
0.86578  0.668809  3.62887  
0.639429  0.85381  3.83189  
0.641066  0.834968  3.85303  
0.813999  0.736301  3.22849  
0.845338  0.170042  4.00194  
0.681806  0.222558  4.8294  
0.705397  0.162045  4.74703  
0.727494  0.662898  4.25843  
0.663076  0.680105  4.68809  
0.850983  0.0723565  4.19564  
0.118507  0.665305  5.11889  
0.219075  0.643135  5.09334  
0.750628  0.0753415  4.59303  
0.634524  0.792608  4.0281  
0.0848269  0.101956  5.66991  
0.810657  0.195078  4.01609  
0.00344211  0.0427848  5.94099  
0.0399358  0.101956  5.76095  
0.00934511  0.694257  5.31628  
0.874605  0.736962  3.12681  
0.765486  0.753659  3.31592  
0.172075  0.76838  4.38191  
0.835726  0.78644  2.83243  
0.768219  0.0625441  4.50792  
0.651066  0.275409  5.02634  
0.0828882  0.638901  5.38599  
0.0591074  0.0474897  5.84375  
0.828051  0.0095595  4.34025  
0.655147  0.857333  3.72356  
0.137777  0.0829146  5.58907  
0.226871  0.825468  3.93734  
0.187334  0.152818  5.32493  
0.152698  0.0311214  5.69652  
0.718579  0.0237881  4.91964  
0.819993  0.799065  2.81144  
0.223893  0.726478  4.48745  
0.753086  0.867544  3.01625  
0.743736  0.00572357  4.75767  
0.856255  0.860224  2.6163  
0.0785476  0.24184  5.45093  
0.757599  0.800774  3.13252  
0.767697  0.710828  3.6123  
0.768668  0.791292  3.08008  
0.00702893  0.123626  5.75659  
0.843018  0.839943  2.63955  
0.186154  0.210848  5.22829  
0.66029  0.821505  3.74306  
0.790401  0.861713  2.79754  
0.646153  0.865541  3.78769  
0.865112  0.177379  3.95573  
0.803476  0.852142  2.73612  
0.158959  0.228215  5.27078  
0.668443  0.107995  5.12413  
0.0938586  0.212894  5.42929  
0.799899  0.704438  3.49022  
0.250027  0.672904  4.86663  
0.835788  0.0959424  4.16276  
0.262837  0.121733  5.34289  
0.140524  0.658753  5.13523  
0.773191  0.71755  3.52661  
0.0498515  0.065606  5.82571  
0.264055  0.0178082  5.55729  
0.112867  0.684471  5.0086  
0.72533  0.22786  4.53089  
0.237927  0.695196  4.6987  
0.671303  0.148562  5.0059  
0.0751175  0.0822738  5.73833  
0.0132867  0.0147096  5.97185  
0.0571438  0.689335  5.07951  
0.639085  0.641458  5.0355  
0.191381  0.696445  4.7338  
0.214607  0.233616  5.17062  
0.816037  0.748007  3.11291  
0.833805  0.730191  3.19191  
0.0464581  0.245361  5.50849  
0.715846  0.123287  4.76153  
0.677691  0.777587  3.97335  
0.242753  0.846002  3.88946  
0.700872  0.702824  4.14126  
0.869104  0.202803  3.91857  
0.0229776  0.636069  5.51771  
0.722481  0.807877  3.3228  
0.66768  0.0980504  5.15091  
0.83498  0.77441  2.93688  
0.805321  0.673508  3.70093  
0.685739  0.788095  3.68641  
0.101565  0.0126875  5.80154  
0.761215  0.830827  2.98671  
0.730573  0.779795  3.39612  
0.0566528  0.059535  5.82507  
0.201498  0.829556  3.94977  
0.283982  0.841643  3.9093  
0.206545  0.81105  4.01073  
0.687801  0.772383  3.80098  
0.028961  0.0346739  5.9247  
0.839099  0.731284  3.17667  
0.0554633  0.143134  5.63557  
0.127102  0.0427848  5.72277  
0.133988  0.0729041  5.68267  
0.017734  0.858986  4.28737  
0.27848  0.25854  5.16001  
0.860944  0.725077  3.20968  
0.136366  0.18552  5.36553  
0.0289028  0.0147096  5.96431  
0.833265  0.705958  3.37334  
0.0356147  0.249134  5.52668  
0.856523  0.814956  2.69169  
0.165004  0.684955  4.8866  
0.0329513  0.249134  5.53101  
0.813945  0.815719  2.7667  
0.0451165  0.0277744  5.90175  
0.723902  0.7973  3.37508  
0.731497  0.803627  3.27427  
0.838813  0.052478  4.24929  
0.00767502  0.269078  5.56994  
0.739353  0.787029  3.29707  
0.00209508  0.0757984  5.87492  
0.0990825  0.677733  5.07452  
0.821718  0.872744  2.67889  
0.828744  0.0272786  4.31  
0.0430858  0.0932116  5.7759  
0.281347  0.791685  4.06442  
0.732933  0.759984  3.50397  
0.0489934  0.0710849  5.81509  
0.176747  0.781606  4.17625  
0.235315  0.209932  5.17556  
0.849471  0.0787878  4.1828  
0.020584  0.139593  5.70238  
0.649527  0.225391  5.04016  
0.772701  0.841643  2.89728  
0.825653  0.781606  2.87962  
0.674444  0.123369  5.04099  
0.761546  0.731284  3.49793  
0.0955871  0.807294  4.24061  
0.785088  0.0887112  4.35541  
0.0639695  0.166506  5.56876  
0.120269  0.18393  5.40577  
0.753816  0.802547  3.14625  
0.714246  0.108695  4.77605  
0.787237  0.662898  3.86366  
0.0672495  0.135184  5.63092  
0.0628355  0.0105941  5.89094  
0.657957  0.788095  3.89094  
0.230142  0.145003  5.29341  
0.796455  0.862811  2.76421  
0.653456  0.837245  3.75423  
0.815013  0.70844  3.47898  
0.115942  0.289001  5.37566  
0.231278  0.720936  4.53593  
0.80773  0.867293  2.71868  
0.830905  0.24184  3.92111  
0.087123  0.0311214  5.81006  
0.0571438  0.218681  5.5036  
0.187674  0.730191  4.50119  
0.653826  0.131978  5.18027  
0.274969  0.701671  4.65708  
0.0959577  0.117601  5.60649  
0.26851  0.827983  3.92298  
0.26833  0.121288  5.3464  
0.148897  0.0379236  5.65603  
0.259541  0.190301  5.19887  
0.69789  0.0666617  5.0183  
0.14287  0.821505  4.0814  
0.0678648  0.240743  5.46792  
0.0426477  0.0159613  5.92315  
0.682555  0.168101  4.87981  
0.247991  0.790853  4.07916  
0.866201  0.208512  3.91581  
0.838813  0.82567  2.67745  
0.647894  0.118688  5.24207  
0.755312  0.781141  3.21606  
0.244509  0.0804708  5.45811  
0.0787032  0.0873437  5.71754  
0.865072  0.165532  4.00928  
0.271819  0.795116  4.04131  
0.148707  0.777587  4.27804  
0.650754  0.850523  3.75744  
0.231278  0.635419  5.1296  
0.834815  0.843592  2.64775  
0.690036  0.8054  3.57893  
0.176747  0.785  4.15857  
0.070189  0.136944  5.61891  
0.788576  0.0468118  4.63966  
0.807766  0.77666  2.96448  
0.666318  0.0409974  5.28254  
0.718579  0.220115  4.54582  
0.737339  0.677591  4.09812  
0.232865  0.166138  5.2667  
0.230142  0.186998  5.21145  
0.0936558  0.259814  5.41013  
0.707717  0.126236  4.81236  
0.845049  0.022827  4.2932  
0.802988  0.673508  3.71182  
0.700949  0.74809  3.81656  
0.85865  0.767629  2.91601  
0.0708978  0.670441  5.25076  
0.0914848  0.733392  4.67604  
0.155347  0.0686333  5.60454  
0.259309  0.677733  4.82736  
0.857712  0.26229  3.88311  
0.788076  0.257746  4.06936  
0.771395  0.0390173  4.6502  
0.162463  0.652204  5.20135  
0.706109  0.714972  4.03864  
0.130455  0.112952  5.5518  
0.692195  0.817566  3.5208  
0.842052  0.802158  2.75007  
0.761215  0.830654  2.98709  
0.824506  0.859712  2.66169  
0.220055  0.676687  4.84691  
0.750857  0.0566942  4.62927  
0.769845  0.864201  2.90928  
0.806129  0.779846  2.95277  
0.699894  0.240665  4.66482  
0.80773  0.273221  3.98944  
0.140524  0.654347  5.16482  
0.6951  0.798913  3.59191  
0.770485  0.187843  4.21902  
0.240317  0.862885  3.93588  
0.793324  0.734189  3.31726  
0.818372  0.262345  3.94767  
0.822826  0.655553  3.77252  
0.817735  0.645136  3.85942  
0.120638  0.801953  4.20375  
0.66029  0.788095  3.87489  
0.0104981  0.142572  5.70788  
0.00432998  0.0346739  5.98282  
0.860944  0.731279  3.16447  
0.210933  0.645071  5.08841  
0.0893285  0.865576  4.15421  
0.770712  0.78571  3.09568  
0.842281  0.812961  2.70842  
0.183475  0.684471  4.8548  
0.103787  0.0762213  5.7357  
0.692195  0.179889  4.78858  
0.025673  0.66706  5.30121  
0.673849  0.641572  4.79021  
0.12328  0.757216  4.60185  
0.196426  0.0480929  5.54656  
0.0847283  0.740666  4.65244  
0.0741105  0.0147096  5.86187  
0.729736  0.130603  4.61014  
0.827972  0.022827  4.31879  
0.731121  0.0105941  4.89291  
0.148897  0.0409974  5.6508  
0.22457  0.676687  4.84316  
0.746931  0.685975  3.96245  
0.684984  0.676431  4.53432  
0.00273159  0.0349815  5.9798  
0.671715  0.858188  3.60386  
0.799347  0.775942  3.04267  
0.198532  0.0804708  5.47653  
0.0672495  0.728575  4.82242  
0.00139095  0.0272557  5.99774  
0.113076  0.712362  4.78259  
0.129094  0.112165  5.59647  
0.263559  0.00438413  5.57449  
0.197401  0.0480929  5.5455  
0.0801497  0.860491  4.17279  
0.164496  0.871894  3.9991  
0.0344065  0.245361  5.52917  
0.817335  0.00339963  4.37189  
0.790661  0.697934  3.59983  
0.769845  0.862966  2.92935  
