3.69369e-009  1.40846e-011  6.0017  
0.884386  0.177916  3.97753  
4.96313e-012  0.00891557  5.99444  
0.855355  0.862329  2.61533  
6.61436e-012  0.884623  4.33701  
0.692  0.631323  4.72211  
0.693212  0.302062  4.74795  
0.627854  0.651391  5.03917  
0.311765  0.656722  5.0307  
0.880723  0.669936  3.63747  
0.304124  0.658519  5.00671  
0.134402  0.697466  4.84113  
0.762886  0.775429  3.19967  
0.0134443  0.719008  4.92637  
0.0529519  0.100736  5.74188  
0.664135  0.635257  4.90621  
0.86595  0.698575  3.40369  
0.233851  0.26277  5.15354  
0.147805  0.00171682  5.72032  
0.121712  0.0596044  5.67691  
0.670828  0.791938  3.84631  
0.672315  0.859008  3.59968  
0.208674  0.0401092  5.54473  
0.268941  0.221986  5.1653  
0.748677  0.855664  3.03879  
0.634586  0.641211  5.0683  
0.0205518  0.0216885  5.95165  
0.839406  0.103059  4.14628  
0.240977  0.0286523  5.5397  
0.202326  0.768011  4.21393  
0.274359  0.765249  4.20419  
0.639866  0.0911573  5.39389  
0.699914  0.255252  4.66762  
0.676267  0.302062  4.87516  
0.778262  0.766014  3.16426  
0.310365  0.660722  5.0002  
0.685766  0.235746  4.77643  
0.290642  0.672434  4.88888  
0.649584  0.270784  5.03506  
0.840097  0.786184  2.82782  
0.877075  0.76763  2.92718  
0.824516  0.853426  2.66517  
0.822878  0.7024  3.42631  
0.137543  0.655422  5.14823  
0.767217  0.832097  2.94683  
0.855355  0.050052  4.23558  
0.822529  0.280325  3.94519  
0.846071  0.683831  3.52227  
0.64633  0.295495  5.07906  
0.103643  0.739302  4.61314  
0.151928  0.0107825  5.69298  
0.648861  0.791694  3.98864  
0.680576  0.234365  4.80871  
0.779297  0.231699  4.12206  
0.284653  0.166167  5.25967  
0.794245  0.701431  3.53991  
0.734864  0.803403  3.25066  
0.858241  0.746477  3.05356  
0.843128  0.755411  3.00329  
0.164602  0.661922  5.11411  
0.859442  0.778727  2.85227  
0.0659601  0.0724865  5.77799  
0.116444  0.260868  5.35499  
0.806322  0.714211  3.39292  
0.835195  0.725731  3.26502  
0.707757  0.0187695  5.1354  
0.862748  0.76763  2.99816  
0.824899  0.830651  2.69216  
0.808119  0.850478  2.71847  
0.694196  0.244617  4.70234  
0.182395  0.670131  4.94688  
0.126663  0.764062  4.40316  
0.81309  0.086379  4.26078  
0.86595  0.693202  3.44443  
0.178847  0.0378729  5.59445  
0.129793  0.142435  5.49842  
0.0446562  0.00607788  5.9328  
0.294182  0.706451  4.64165  
0.843728  0.112957  4.1071  
0.0117697  0.0629297  5.89102  
0.19683  0.0944988  5.44702  
0.214814  0.647423  5.06407  
0.855355  0.840248  2.63022  
0.17297  0.226792  5.23742  
0.0718483  0.157452  5.56949  
0.818199  0.132631  4.11551  
0.157134  0.0573309  5.60207  
0.843481  0.807891  2.72659  
0.771301  0.0177213  4.56975  
0.0589201  0.0724865  5.83105  
0.724357  0.842296  3.22175  
0.837352  0.740922  3.11575  
0.190402  0.881456  3.9584  
0.824899  0.859022  2.66082  
0.240977  0.0964113  5.40364  
0.883732  0.722985  3.2421  
0.845879  0.79383  2.78121  
0.756743  0.736177  3.4997  
0.685794  0.773226  3.77088  
0.0179004  0.0674084  5.87263  
0.827666  0.694031  3.47583  
0.76241  0.876014  2.95807  
0.696266  0.7997  3.55314  
0.214814  0.639163  5.11937  
0.187976  0.268188  5.206  
0.0368933  0.125473  5.7098  
0.657885  0.187049  5.02769  
0.659807  0.824685  3.87644  
0.776571  0.865047  2.86459  
0.70459  0.808184  3.45583  
0.787471  0.262407  4.08385  
0.0694577  0.239858  5.46718  
0.251215  0.195335  5.19006  
0.833828  0.706373  3.37039  
0.0994858  0.101637  5.63652  
0.713668  0.87755  3.30075  
0.144459  0.208585  5.33005  
0.713051  0.847653  3.31023  
0.667482  0.679128  4.63649  
0.75898  0.869422  2.97641  
0.169584  0.205656  5.26686  
0.677841  0.829716  3.65127  
0.114576  0.211118  5.38102  
0.79422  0.834153  2.79717  
0.0271751  0.120672  5.75238  
0.782281  0.818741  2.90374  
0.6692  0.822016  3.6921  
0.000510834  0.117744  5.79776  
0.760938  0.1894  4.30069  
0.654342  0.201897  5.02984  
0.151644  0.0251652  5.67053  
0.118514  0.716171  4.73963  
0.0811775  0.871784  4.17662  
0.659807  0.828969  3.8253  
0.149601  0.134484  5.44874  
0.272608  0.671686  4.89421  
0.643601  0.0654027  5.39368  
0.769071  0.783191  3.11963  
0.180952  0.66551  4.98309  
0.801008  0.225756  4.01813  
0.839781  0.27484  3.90376  
0.733934  0.280325  4.41959  
0.721575  0.29008  4.51875  
0.164302  0.249632  5.24609  
0.0474191  0.660003  5.31386  
0.281907  0.152206  5.28433  
0.281213  0.145993  5.29871  
0.679102  0.138493  4.97149  
0.294182  0.690671  4.76181  
0.238916  0.643871  5.08986  
0.774538  0.68147  3.7923  
0.729397  0.076194  4.76574  
0.261856  0.673593  4.86021  
0.0134443  0.0124257  5.97175  
0.094143  0.736926  4.64359  
0.753983  0.242891  4.27064  
0.182395  0.649719  5.09168  
0.0827503  0.0547566  5.8087  
0.785778  0.686115  3.75014  
0.0105694  0.168922  5.66246  
0.20519  0.0841563  5.45966  
0.872092  0.127395  4.07553  
0.786515  0.816868  2.87957  
0.818665  0.0694457  4.33303  
0.802764  0.827935  2.80203  
0.256242  0.857947  3.88388  
0.774538  0.292407  4.16623  
0.876272  0.74875  3.0476  
0.162743  0.727447  4.62492  
0.723712  0.848405  3.219  
0.132257  0.764062  4.3903  
0.850163  0.678576  3.56707  
0.0325165  0.194065  5.57681  
0.194198  0.139424  5.34517  
0.0281318  0.788383  4.46001  
0.0117697  0.0834712  5.84712  
0.78661  0.753488  3.28286  
0.788571  0.730619  3.34755  
0.212285  0.163082  5.27042  
0.0329008  0.10781  5.76933  
0.826067  0.232508  3.93119  
0.0785917  0.866477  4.17868  
0.0399569  0.0588328  5.90466  
0.00562614  0.0137057  5.98064  
0.818665  0.674438  3.78297  
0.689422  0.181491  4.8069  
0.849263  0.661922  3.73626  
0.741563  0.291465  4.37593  
0.764854  0.0557653  4.54132  
0.629472  0.758111  4.25824  
0.280962  0.0470359  5.52193  
0.160296  0.257515  5.25429  
0.176917  0.00448447  5.64504  
0.716102  0.703778  4.0196  
0.0884935  0.241246  5.42213  
0.749736  0.840155  3.08657  
0.702093  0.799653  3.5091  
0.871949  0.66259  3.68443  
0.702093  0.809778  3.46952  
0.723747  0.12487  5.02064  
0.871355  0.736372  3.1535  
0.782281  0.813664  2.96626  
0.797609  0.238868  4.02576  
0.0282671  0.779405  4.50575  
0.0291196  0.0588328  5.92298  
0.848287  0.0470359  4.24783  
0.852149  0.751966  3.06905  
0.751461  0.172776  4.41582  
0.0281318  0.21827  5.55574  
0.78421  0.823428  2.88892  
0.238102  0.138863  5.34334  
0.0197014  0.154097  5.67027  
0.0846951  0.238868  5.43089  
0.662874  0.868009  3.7025  
0.0768386  0.120672  5.65794  
0.251215  0.173688  5.22819  
0.00774429  0.0852278  5.87078  
0.074081  0.722447  4.7939  
0.0466776  0.743118  4.75447  
0.0492952  0.150572  5.63074  
0.176408  0.0435897  5.60565  
0.144459  0.170538  5.39019  
0.727079  0.216114  4.47382  
0.0234972  0.71321  4.95794  
0.0126648  0.689092  5.22774  
0.138191  0.677077  5.01036  
0.790225  0.827935  2.82997  
0.00285395  0.879309  4.32154  
0.745749  0.815559  3.13495  
0.795737  0.203135  4.06436  
0.0297999  0.196761  5.58054  
0.0768532  0.284643  5.46418  
0.158307  0.770038  4.30379  
0.0884935  0.165533  5.52015  
0.0616602  0.740706  4.68872  
0.682948  0.677077  4.47296  
0.248704  0.708415  4.59596  
0.762036  0.773959  3.33036  
0.86422  0.258131  3.88235  
0.821901  0.815559  2.74521  
0.675476  0.858059  3.57971  
0.736542  0.632009  4.39758  
0.180952  0.665032  4.98688  
0.212109  0.265925  5.17186  
0.17297  0.762339  4.31657  
0.769662  0.0336358  4.55313  
0.141386  0.71395  4.7081  
0.791241  0.734731  3.30492  
0.228121  0.703429  4.64492  
0.712607  0.126964  4.74416  
0.660857  0.109604  5.17348  
0.844298  0.800733  2.75222  
0.189678  0.728712  4.49888  
0.259003  0.697799  4.73647  
0.0474191  0.230102  5.51355  
0.0134443  0.778577  4.52961  
0.727079  0.720725  3.81121  
0.0724883  0.205656  5.48757  
0.0853188  0.866315  4.16273  
0.809914  0.112072  4.19057  
0.697725  0.126964  4.85846  
0.77672  0.00404878  4.67382  
0.804824  0.0434505  4.35909  
0.0360845  0.838017  4.28093  
0.28259  0.0456702  5.52742  
0.0423295  0.13  5.69154  
0.0555162  0.0724865  5.83896  
0.820823  0.723171  3.32353  
0.735599  0.7266  3.75895  
0.730254  0.198663  4.47065  
0.739646  0.729737  3.67164  
0.186115  0.2236  5.2155  
0.670828  0.287315  4.95881  
0.112726  0.0800402  5.65487  
0.0626751  0.265589  5.48122  
0.260825  0.70994  4.58491  
0.828819  0.824008  2.7051  
0.799916  0.209554  4.03834  
0.788839  0.76102  3.14394  
0.680576  0.252764  4.80456  
0.022227  0.115927  5.80053  
0.801646  0.881456  2.76655  
0.748677  0.769414  3.3585  
0.632184  0.0917082  5.42631  
0.878673  0.733586  3.15641  
0.741188  0.7266  3.71959  
0.853509  0.740922  3.13452  
0.739808  0.729737  3.6634  
0.776211  0.139298  4.44509  
0.111225  0.823798  4.28415  
0.797437  0.160962  4.15551  
0.0556039  0.152484  5.61945  
0.78421  0.0371255  4.48217  
0.0023551  0.00654607  5.99222  
0.724658  0.295495  4.50165  
0.0171695  0.0947374  5.81278  
0.755014  0.0881745  4.57803  
0.102303  0.702693  4.88302  
4.96313e-012  0.0513642  5.92789  
0.698865  0.285192  4.68375  
