0.0397649  2.70844  1.33134  
1.57687  0.0439458  0.93893  
0.402589  1.75754  0.0472865  
0.0490711  0.0489761  5.98954  
0.0505865  4.00858  0.05994  
2.03648  0.0502033  0.0608165  
0.0568422  0.0552162  5.87494  
0.0494866  3.66921  0.355451  
0.0523664  0.0573987  5.69753  
0.0407369  3.82354  0.0727978  
0.0509938  3.73925  0.189229  
1.9563  0.0500596  0.229173  
0.0530639  3.91601  0.0530132  
1.97234  0.047243  0.186169  
2.01509  0.0508554  0.0987348  
0.0508164  3.90829  0.0564306  
1.91556  0.0511893  0.20968  
0.0583565  3.60249  0.049178  
0.0519111  3.18563  0.546162  
0.0547733  0.0547693  5.94835  
0.285993  1.9286  0.329833  
0.0775683  3.13356  0.26698  
0.255633  1.87601  0.678395  
1.66258  0.119531  0.0664578  
0.0691032  0.0540339  5.54575  
0.0852722  3.38207  0.0732179  
1.05811  0.452647  0.509186  
0.242286  0.163436  3.92107  
0.29743  0.0790945  4.00817  
0.0559788  0.078067  5.4809  
1.68203  0.0786922  0.367974  
0.0637013  1.19862  3.05601  
0.185863  0.0726756  4.59123  
1.20178  0.187927  0.956442  
0.0919498  3.20784  0.0834733  
0.0489229  3.34432  0.40684  
0.109328  0.0681344  4.79915  
0.104306  2.61095  0.668043  
1.42214  0.207216  0.357768  
0.0589956  3.29682  0.457437  
1.4468  0.234665  0.144979  
0.113953  0.562575  3.63966  
0.10118  2.94808  0.310923  
0.0540346  0.0853739  5.57542  
0.440185  0.743507  1.89963  
0.274499  0.195707  3.74397  
0.0588606  0.0521489  5.68038  
1.22399  0.170712  1.19355  
0.062334  0.214996  4.99534  
0.0750872  1.24644  2.77556  
0.287808  0.300608  3.40482  
0.0564041  3.33308  0.452337  
0.128843  0.100243  4.66383  
0.150458  0.776299  3.10457  
0.1334  0.0779989  4.6469  
0.0473724  3.77303  0.293088  
0.100145  0.0746198  4.94268  
0.0673419  2.72472  0.963809  
0.0492495  2.75092  1.18373  
0.255487  0.975814  2.22638  
0.219574  1.42574  1.61138  
0.198585  2.30004  0.415498  
0.0594764  3.42674  0.372224  
1.54507  0.135929  0.405249  
0.491791  0.534639  2.02311  
0.562845  0.873224  1.13527  
0.339765  0.183249  3.58332  
0.926057  0.725896  0.500098  
0.145703  1.95216  1.69308  
1.03842  0.483121  0.515376  
0.549903  0.112009  3.17004  
0.415355  0.493641  2.54039  
0.069463  2.84655  0.733704  
1.76783  0.064356  0.274164  
0.167241  0.27677  4.06474  
0.477463  0.128704  3.34643  
0.121168  2.53687  0.77064  
0.406509  1.39451  0.834343  
0.644694  0.836555  0.978933  
0.0588571  2.97449  0.875254  
0.065609  2.22439  1.46498  
1.7307  0.0443402  0.586394  
0.269251  0.913389  2.10225  
1.53144  0.0914795  0.550789  
0.469837  1.07326  1.0361  
0.0464094  3.07487  0.971878  
0.0497621  0.127979  5.27285  
0.687016  0.32859  1.95244  
1.48356  0.124134  0.483472  
0.0504963  0.118413  5.31573  
1.46209  0.224736  0.178509  
0.134771  2.6354  0.463329  
0.433591  0.189506  2.86639  
0.303043  0.277856  3.23274  
0.3103  1.52124  0.862447  
1.26236  0.375071  0.087634  
0.0580029  0.0717217  5.62134  
0.0673363  0.12183  5.17728  
0.141067  0.279378  4.01719  
0.102397  3.02744  0.113494  
0.351396  2.12517  0.101679  
0.123744  1.97352  1.71096  
1.27312  0.187476  0.699776  
0.143898  2.3291  0.772291  
1.25262  0.425192  0.402624  
0.161648  2.58785  0.121072  
0.245514  0.109614  4.27298  
0.143428  0.529643  3.60503  
0.249015  0.70039  2.61538  
0.0673076  0.299436  4.71956  
0.0932919  2.18383  1.3067  
1.61096  0.185725  0.0765452  
1.8542  0.0771492  0.0571783  
0.950042  0.287848  1.30254  
0.398889  0.0690075  3.67107  
0.0539754  3.49171  0.170561  
0.0517735  3.79861  0.139477  
0.0720522  0.159397  4.84738  
0.678388  0.68495  1.05192  
0.938156  0.597539  0.748428  
0.10438  0.239925  4.2323  
0.328435  1.35686  1.19524  
0.0448046  3.55618  0.377457  
1.79463  0.0697852  0.250282  
1.29857  0.100868  1.25177  
0.917824  0.753709  0.13239  
0.172027  1.54415  1.57604  
0.200517  2.64726  0.107285  
0.0652366  2.98934  0.749155  
0.317562  0.767842  2.24063  
0.0881736  2.56572  0.840558  
0.0805983  2.88432  0.58706  
1.84396  0.0795542  0.0629791  
0.314889  2.20548  0.113879  
0.194578  1.38627  1.73633  
0.0872364  2.78358  0.707256  
0.133205  2.86913  0.136253  
0.202065  0.131079  4.16864  
1.74481  0.104014  0.11526  
0.0573138  0.115942  5.37145  
0.206899  2.07633  0.61037  
1.83488  0.0536357  0.300013  
0.212678  0.113482  4.19889  
0.33542  0.577047  2.43579  
0.462929  0.589919  2.12979  
0.0742331  0.0734016  5.3352  
0.90008  0.1805  1.74996  
1.23924  0.21147  0.639114  
0.115324  3.08976  0.0602781  
0.0950626  2.44131  1.15844  
0.071901  1.25373  2.91411  
0.0817381  0.924404  3.21352  
0.444057  1.73214  0.288204  
0.381413  0.441507  2.63648  
1.43817  0.210307  0.215833  
1.09094  0.0657714  1.99635  
1.74987  0.0996682  0.0535252  
0.384299  1.9446  0.0794717  
1.3366  0.0993917  1.07029  
0.0947814  0.0618119  5.20956  
0.0598401  3.05446  0.719778  
1.80374  0.0991844  0.0975962  
0.0703442  3.23855  0.421456  
0.0729036  3.58769  0.0685909  
0.498779  0.47006  2.17962  
0.27714  1.9844  0.403769  
0.23302  1.99442  0.812935  
0.26356  2.03141  0.634398  
1.01182  0.130066  1.68476  
0.155571  1.63055  1.6495  
0.605531  1.18773  0.521751  
1.4  0.176572  0.485999  
0.0597611  2.54625  1.16527  
0.161717  1.51008  1.93825  
0.134656  2.93034  0.0937086  
0.160364  0.0571185  4.74916  
1.82651  0.0682853  0.130416  
0.127935  0.0711895  4.77501  
0.156008  1.3379  2.19403  
0.286376  0.714266  2.57893  
0.0528087  3.51196  0.301777  
0.496309  1.26908  0.509475  
0.15699  2.16011  0.82102  
0.271414  1.31551  1.41627  
0.365228  0.180542  3.53948  
0.620421  0.947698  0.802094  
0.123788  1.18511  2.50511  
0.139228  2.9027  0.0620734  
1.08373  0.260337  1.05926  
0.0597021  3.28396  0.454007  
0.116458  2.00705  1.24103  
0.528244  0.134373  3.02815  
0.558404  0.351443  2.26955  
1.87628  0.0526508  0.338901  
0.165683  2.11169  0.825074  
0.659717  1.05825  0.426134  
0.848345  0.856571  0.257789  
0.110977  1.71316  1.94919  
0.451406  1.31828  0.774531  
0.409127  0.310444  2.7957  
0.113574  2.80629  0.265183  
0.654082  0.74849  1.11319  
0.430007  0.484481  2.45419  
0.0797841  2.50864  1.0057  
0.349134  2.07077  0.124434  
0.0428446  3.4518  0.504684  
0.594713  0.144009  2.71932  
1.38649  0.0886526  0.92831  
0.698964  0.695844  1.02034  
1.31209  0.264081  0.461389  
1.39478  0.283374  0.188958  
0.180135  2.09341  0.74628  
0.0753187  0.0598245  5.41583  
0.0734046  3.01112  0.411894  
0.158244  2.13932  0.837776  
0.555204  0.134621  3.01317  
0.047269  3.53462  0.359551  
1.69563  0.0982802  0.22742  
2.02937  0.0514525  0.0727531  
0.222537  0.98802  2.23161  
0.0647115  1.44059  2.66547  
0.119976  1.5645  1.87735  
0.102651  1.20829  2.80696  
0.302231  0.440395  2.89164  
0.252275  0.0923475  4.29761  
0.0974556  0.206478  4.4026  
0.672791  1.08659  0.258524  
0.0904064  1.17406  3.15488  
0.0794054  1.85868  1.76679  
0.324523  1.6797  0.763706  
0.0447682  3.40488  0.500715  
0.0550191  2.91526  0.998666  
0.894596  0.166112  1.84172  
0.224323  1.59464  1.31022  
1.78509  0.0565932  0.470729  
1.78089  0.0891559  0.110868  
0.0959998  0.0797845  5.02596  
0.485485  0.233734  2.74717  
1.50778  0.15053  0.451607  
0.159839  1.65472  1.49918  
1.96811  0.0563655  0.0528579  
0.42382  1.75184  0.231702  
0.0874951  3.11135  0.17664  
1.31729  0.139803  0.94267  
0.149162  1.8014  1.30191  
1.36281  0.162135  0.781452  
1.34267  0.363886  0.275935  
1.81157  0.0882939  0.0725063  
1.37333  0.20024  0.530168  
0.134421  2.50973  0.754756  
1.13249  0.415707  0.526783  
0.0417159  3.40989  0.64706  
0.173109  0.510616  3.37893  
0.832679  0.618453  0.751155  
0.0529842  3.56819  0.0818613  
0.293808  1.81157  0.590901  
0.122658  2.67185  0.365113  
0.670552  0.337494  2.03984  
0.79994  0.319582  1.69544  
0.769091  0.951964  0.245351  
0.453689  0.4109  2.48067  
0.0996616  2.69214  0.818843  
0.0636263  0.0733089  5.61925  
1.90368  0.0587468  0.221535  
0.86979  0.251703  1.58643  
0.0654506  0.142806  5.09065  
0.0674192  0.055867  5.45537  
0.779424  0.84563  0.575318  
1.02629  0.655061  0.253977  
0.182272  1.22116  2.04643  
0.0730118  1.66879  2.07409  
0.211177  0.0719283  4.38588  
1.28336  0.111905  1.15497  
0.0565544  0.109093  5.38813  
0.959434  0.162782  1.87423  
0.0836711  3.12059  0.383862  
0.393993  0.104433  3.72055  
0.242371  2.40528  0.0708845  
0.0548986  2.66587  1.10701  
0.178243  2.36743  0.459301  
0.573891  0.10842  3.19215  
1.03304  0.666756  0.118648  
0.139908  0.0965935  4.52762  
0.40659  1.54578  0.627971  
0.82251  1.01039  0.172933  
0.132449  0.0831097  4.56465  
0.312056  0.249497  3.10595  
0.784802  0.429674  1.27107  
0.354478  0.645766  2.34937  
0.739703  0.486663  1.53808  
0.0633338  0.427508  4.07603  
0.0720586  3.05553  0.689165  
1.61909  0.052122  0.800837  
0.935029  0.344375  1.17002  
0.0710759  0.102121  5.22938  
1.58904  0.153753  0.161883  
0.826232  0.631971  0.962082  
1.87853  0.0628346  0.106567  
0.177489  0.334493  3.78004  
0.387243  1.70448  0.33183  
0.531504  0.346886  2.39991  
0.51759  1.30148  0.444265  
1.64015  0.131647  0.142051  
0.333258  0.546416  2.70789  
0.663237  0.121253  2.83379  
0.0669517  0.0901317  5.25356  
1.38183  0.287072  0.214525  
1.59982  0.0507534  0.877521  
0.612387  1.10425  0.489308  
0.150145  0.157649  4.32007  
0.467436  0.740926  1.60393  
1.12707  0.506719  0.293414  
0.343585  0.966055  1.66909  
1.71485  0.111006  0.0538709  
0.544651  1.37503  0.21212  
0.190244  2.28871  0.495506  
0.0742138  1.06681  3.32419  
1.34871  0.298007  0.240079  
0.283317  0.426737  2.94541  
0.0966831  0.193899  4.48809  
1.41199  0.180678  0.476788  
0.109883  0.796952  3.58963  
0.2674  0.956972  2.24768  
0.0507771  3.78621  0.150649  
0.506115  0.593469  1.96614  
0.207928  2.48477  0.317073  
0.112768  1.00696  3.13442  
0.216164  0.22079  3.51155  
0.473154  0.89302  1.43059  
0.176825  1.45217  1.56243  
0.0979969  2.45904  1.07414  
1.72124  0.0872937  0.287125  
0.34445  1.86745  0.331417  
0.227193  0.0671919  4.45694  
1.86412  0.0639981  0.0996444  
0.0664255  2.1928  1.79925  
1.35517  0.118696  0.862631  
2.01953  0.0517406  0.0877617  
0.815004  0.60696  0.973514  
0.0669209  0.136193  5.0538  
0.236248  2.38227  0.110448  
1.51901  0.0981398  0.886976  
0.63702  0.33754  1.91728  
0.711818  0.414004  1.61772  
0.259457  0.272185  3.48092  
0.377249  1.2779  1.20968  
1.41106  0.0569006  1.05899  
1.1708  0.188127  1.09331  
0.733916  0.65391  0.944754  
0.114599  0.660753  3.27837  
0.128591  2.83017  0.199382  
1.76999  0.0539827  0.544562  
1.649  0.184604  0.0884062  
0.391328  1.83615  0.18943  
0.889188  0.313862  1.49101  
0.224551  2.27864  0.351134  
0.53847  0.175029  2.59804  
0.0908987  0.171227  4.50762  
1.69074  0.0506558  0.707993  
0.142222  1.77802  1.77339  
0.190269  0.295316  3.84522  
1.00308  0.428484  0.829009  
0.912298  0.395613  1.02492  
0.0726582  0.0560174  5.43535  
1.4955  0.240514  0.0726943  
0.186465  2.42754  0.414233  
0.184973  0.649417  3.30373  
0.167526  1.36827  1.92723  
1.09436  0.261914  0.993679  
0.931134  0.231991  1.51941  
0.312736  1.49776  0.977864  
0.132632  0.172295  4.43119  
0.0801695  0.227525  4.4706  
0.481284  0.611771  2.00435  
0.070961  3.26526  0.261857  
0.642972  1.02569  0.520188  
0.0891252  3.25964  0.0630369  
0.758256  0.16535  2.07659  
0.412089  0.930585  1.32066  
0.538647  1.23071  0.725895  
0.0692538  3.24104  0.437411  
0.971774  0.636066  0.308108  
1.0655  0.636035  0.157922  
0.789193  0.894906  0.207215  
0.227721  1.6059  1.25066  
0.141885  2.39111  0.692519  
0.0466627  3.47628  0.365348  
0.794307  0.351247  1.54387  
0.158837  1.58217  1.62037  
0.31373  2.05044  0.229706  
0.717228  0.521369  1.22556  
0.137284  2.25886  0.823452  
0.852613  0.242796  1.6616  
1.89983  0.0611563  0.132994  
0.0699968  0.132701  5.06458  
0.41916  0.15076  3.27432  
0.748215  0.215982  1.96961  
0.0767636  2.35871  1.35643  
0.582704  0.359382  1.98001  
0.884161  0.444081  1.10363  
1.11229  0.368339  0.653572  
0.640724  0.884008  0.830108  
1.32812  0.253056  0.359678  
0.0990748  0.225263  4.33859  
0.295754  0.803219  2.42648  
1.63018  0.0525844  0.755391  
0.0694783  1.46541  2.26021  
0.964895  0.0777278  2.31477  
1.01692  0.218208  1.25682  
0.704194  0.787184  0.896815  
0.258479  1.45649  1.33371  
0.118311  1.01233  2.99931  
0.724683  0.165889  2.49949  
0.753201  1.06085  0.196688  
0.104539  1.74614  1.94222  
1.14464  0.114446  1.87852  
0.878575  0.861186  0.138508  
0.479704  1.48815  0.566928  
0.863303  0.12846  2.06779  
0.157902  0.682748  2.96514  
0.169596  2.10176  0.863768  
0.0677098  3.52456  0.132501  
0.158038  0.253543  4.10487  
0.718681  1.13497  0.142474  
0.241837  1.12555  2.15402  
0.0907618  0.151199  4.54865  
0.567908  1.12925  0.910099  
0.0758473  3.46771  0.186185  
1.91231  0.0576171  0.0487707  
1.50127  0.177892  0.382725  
0.762358  0.14668  2.1876  
0.574595  0.174246  2.69736  
1.01988  0.19508  1.50633  
0.330164  1.32518  1.0897  
0.62621  0.211858  2.47312  
1.0682  0.70771  0.116663  
0.376268  0.10359  3.79319  
0.535163  0.0926553  3.42671  
0.0911998  0.071277  5.11865  
1.07773  0.380167  0.614558  
0.459519  0.420697  2.36657  
0.593403  0.733316  1.15746  
0.0785297  0.37104  4.28001  
1.16408  0.201173  1.01753  
1.1763  0.105438  1.94643  
1.59696  0.0957429  0.363854  
0.105646  2.24645  1.07623  
0.796613  0.688445  0.766729  
1.51499  0.222991  0.0815327  
0.175853  2.41935  0.439466  
1.55384  0.205435  0.0699717  
1.70512  0.114095  0.0533688  
0.782317  0.0921603  2.72203  
1.88956  0.0500133  0.356766  
0.362984  1.78374  0.344618  
0.841061  0.120802  2.3848  
0.879517  0.340404  1.36807  
0.0551172  2.69903  1.09474  
0.982213  0.148651  2.05665  
0.880572  0.101932  2.29495  
0.0743543  0.150035  4.88669  
0.360091  1.79536  0.516708  
0.293507  2.23745  0.257361  
0.0475258  3.45328  0.392478  
0.192374  0.895849  2.67968  
1.10655  0.268621  0.832618  
0.989878  0.710619  0.219851  
0.0958718  0.318352  4.21774  
0.112398  2.76662  0.349227  
0.859645  0.380503  1.29031  
0.587312  1.30324  0.287172  
0.526188  0.14167  2.98779  
1.07512  0.593613  0.29712  
1.43845  0.162395  0.396356  
0.0893858  0.100205  4.86816  
0.238759  1.12241  2.16629  
0.654798  0.869882  0.719362  
1.18058  0.273174  0.785597  
0.509416  0.407065  2.34027  
0.285605  1.29258  1.47513  
1.13963  0.359058  0.662492  
0.60728  0.18516  2.55819  
0.128756  2.15378  1.0767  
0.357472  1.85182  0.274259  
1.28891  0.249805  0.471858  
0.252474  1.18112  1.53283  
0.392933  0.806453  1.78934  
0.234784  1.23277  1.56528  
0.191418  0.393296  3.53176  
0.85756  0.596485  0.866421  
0.106638  0.0775026  4.92689  
0.473063  0.389336  2.56835  
1.19536  0.297479  0.671026  
1.23209  0.36959  0.474222  
1.72775  0.0953447  0.282451  
0.243562  2.35095  0.064959  
1.28076  0.365089  0.0711463  
0.510148  0.90879  1.2813  
0.0715122  1.11003  3.2555  
1.18544  0.186038  1.21811  
0.0915759  0.588228  3.85869  
0.365938  1.61532  0.564897  
0.188078  1.13149  2.11378  
0.873119  0.843302  0.279185  
1.12044  0.513611  0.24913  
0.909632  0.348169  1.28377  
0.991042  0.456269  1.01361  
0.325585  1.68636  0.726737  
1.49701  0.0957862  0.923191  
1.14902  0.494625  0.323938  
1.52529  0.0977202  0.879029  
0.132142  2.05818  0.943194  
0.244453  1.77286  0.816272  
0.706876  0.511106  1.45834  
0.342183  0.183341  3.45855  
0.29128  0.676317  2.45742  
1.56842  0.13029  0.31976  
0.506483  0.263619  2.74234  
1.1174  0.523651  0.0841233  
0.111567  2.03236  1.39108  
1.63536  0.0651064  0.488126  
1.86304  0.0688051  0.0516449  
1.62486  0.185429  0.0815735  
0.127206  0.0662239  5.10822  
0.471701  0.57231  2.1228  
0.0692514  0.12408  5.14864  
0.106932  0.087526  4.90214  
0.880826  0.226301  1.72363  
1.47598  0.153065  0.484221  
0.66583  0.366503  1.62258  
0.741257  0.429695  1.39052  
0.263775  1.15244  1.52351  
0.731129  0.127591  2.41717  
0.0999807  0.217621  4.36182  
0.115869  0.425696  4.13323  
0.372478  0.0750882  3.81709  
0.255819  1.69786  0.854474  
0.706032  0.829933  0.630163  
1.25571  0.380246  0.176015  
0.197964  1.04564  2.18237  
0.773315  0.39241  1.33283  
0.180398  1.19997  2.28299  
0.415747  1.44414  0.568873  
0.248726  1.46951  1.40621  
1.36888  0.0840471  1.23488  
0.742173  0.0941532  2.88196  
0.983766  0.317603  1.12424  
0.731587  1.11285  0.124982  
1.89089  0.0600899  0.295953  
1.52358  0.151815  0.429364  
0.223331  1.29121  1.70393  
1.46694  0.156285  0.492006  
0.220665  1.38318  1.59073  
0.172035  1.82431  1.08376  
0.15632  2.47448  0.557979  
0.456562  0.480222  2.43391  
0.993483  0.149866  1.8614  
0.568322  0.783238  1.43356  
0.0957375  0.504402  3.89492  
0.213901  0.13031  4.12249  
0.171279  2.81345  0.0807  
0.804887  0.645797  0.927104  
1.29331  0.207266  0.50326  
0.220265  2.34106  0.237433  
0.522927  0.351211  2.31736  
1.47397  0.241642  0.0751218  
0.379047  0.165162  3.29979  
0.838693  0.6247  0.675472  
0.574189  1.14462  0.611127  
0.234203  0.903714  2.39191  
0.125383  0.119164  4.72613  
0.0717562  0.121297  5.14405  
0.328538  0.123744  3.88328  
0.587754  0.133788  3.13862  
0.509738  0.539528  1.85498  
0.371614  0.130883  3.69255  
1.70777  0.072267  0.343564  
0.229246  2.5722  0.0824002  
0.175177  2.33549  0.511297  
0.611844  0.606788  1.40133  
1.32887  0.240014  0.38261  
0.525329  0.113352  3.37951  
1.19973  0.0865105  1.3922  
1.55438  0.0900815  0.603529  
0.284069  1.42593  1.34519  
1.00016  0.501033  0.79213  
1.64899  0.081719  0.333809  
1.23792  0.0804606  1.63237  
0.404252  0.146931  3.44522  
0.966034  0.119711  2.16261  
0.36519  0.156866  3.71519  
0.370526  0.453618  2.68021  
1.58505  0.124573  0.303454  
0.722898  0.208835  2.36849  
0.691487  0.816095  0.697674  
0.466563  0.518008  2.18782  
1.56073  0.158034  0.137688  
0.156018  0.235009  4.15183  
0.310545  0.267134  3.25286  
0.36102  0.669925  2.33181  
