0.035372  3.75704  0.110006  
1.16612  0.0473021  1.71175  
0.126233  2.8314  0.0359422  
0.0428366  3.93257  0.0592444  
0.0479136  0.04745  5.89356  
2.01853  0.0527857  0.111556  
0.0439774  3.84371  0.0659856  
0.0579163  0.0516359  5.7309  
0.0555455  3.59357  0.0436447  
0.0521082  0.0518325  5.87708  
0.0628004  3.49761  0.0927269  
1.87165  0.0622661  0.303064  
0.0700409  0.049314  5.41024  
0.0689952  3.48925  0.0514348  
0.0382114  3.64412  0.35269  
0.074697  0.396189  4.22919  
0.036561  3.78084  0.0825126  
0.0477094  3.68135  0.101839  
0.0401115  3.42307  0.294875  
1.89436  0.0616074  0.245912  
0.0663596  0.0720403  5.3606  
0.406528  0.0992496  3.94125  
1.70481  0.0631001  0.740283  
0.0655667  0.244061  4.66391  
0.0599472  0.12619  5.30771  
0.100231  3.03838  0.200138  
1.94116  0.0733315  0.124775  
0.0594569  0.0526363  5.65921  
0.236235  0.135888  3.99905  
0.0609657  0.0547695  5.48001  
0.0421335  3.12629  0.794019  
0.325853  0.140102  3.78056  
0.0616452  0.0524477  5.5961  
0.072289  0.216245  4.72385  
0.109805  3.0039  0.0945753  
1.68103  0.0742849  0.405493  
0.0362088  3.30593  0.5672  
0.0533975  3.60644  0.0476894  
0.062789  3.21426  0.354775  
1.92032  0.0735015  0.0643002  
1.63882  0.117415  0.277627  
0.535037  1.35346  0.39279  
0.0514476  0.0543949  5.69101  
0.0558771  0.155003  5.15209  
1.01553  0.238502  1.16047  
0.0954785  2.90794  0.319201  
0.0402872  3.72689  0.214098  
0.36359  0.59365  2.45719  
0.07786  1.78098  2.075  
0.51162  1.10019  0.768294  
0.115767  0.277895  4.29325  
0.118283  0.478976  3.83149  
0.289471  1.20966  1.55378  
0.894702  0.705951  0.329688  
0.215756  0.211081  3.749  
0.0898891  2.87326  0.440932  
1.78597  0.0766543  0.368582  
0.0719957  3.15895  0.342857  
1.82901  0.0494385  0.323101  
1.95234  0.0672402  0.163995  
0.881425  0.568309  0.559579  
0.153782  2.71515  0.0821541  
0.0863285  0.841597  3.32603  
0.114929  1.84365  1.47585  
0.159989  1.86456  1.27338  
1.40221  0.179788  0.591642  
0.0695248  0.0637663  5.26468  
1.90736  0.0762687  0.0734442  
0.964198  0.599317  0.46493  
1.36597  0.270532  0.271661  
0.454946  1.40514  0.542449  
1.77711  0.0937096  0.084936  
1.65742  0.140879  0.201431  
0.047342  3.32647  0.218203  
0.413474  1.73863  0.235566  
0.0987719  1.08316  2.85779  
1.73091  0.0955548  0.306603  
0.109406  0.311127  4.18212  
0.292775  1.68462  0.850118  
0.317584  0.172361  3.65404  
0.0752184  1.16434  3.01785  
0.290894  2.06984  0.179102  
0.070128  1.98796  1.8219  
0.260532  2.363  0.0877025  
1.52926  0.0576539  0.933752  
0.342129  1.46128  0.980104  
2.00657  0.055342  0.138224  
0.642162  0.923994  0.826193  
1.71147  0.0613484  0.723591  
1.33532  0.122856  0.902912  
0.205184  0.613418  3.12714  
0.180889  1.14015  2.19122  
1.18832  0.339139  0.589603  
0.0526459  0.0578983  5.54645  
0.0878323  2.64741  0.694958  
0.44154  0.793952  1.67772  
1.62021  0.163998  0.130463  
0.199695  0.43872  3.35782  
1.72091  0.109965  0.198795  
0.4201  0.0962821  3.72256  
0.723923  0.247851  2.04206  
1.55089  0.154562  0.263207  
0.0888271  0.669865  3.61737  
0.202915  2.46325  0.12728  
0.277994  1.3642  1.29179  
0.61894  1.19052  0.496767  
0.327728  1.71133  0.608845  
0.0808785  0.0549829  5.17651  
0.0973553  2.30525  1.34214  
0.124294  2.34529  0.907158  
0.44585  0.513828  2.22356  
1.37938  0.15056  0.653502  
0.0715709  2.79044  0.775425  
1.96368  0.0616198  0.206565  
0.165498  1.06942  2.39252  
1.85346  0.0842084  0.0627645  
0.132543  0.12269  4.56291  
0.106119  2.58072  0.487473  
0.147312  0.104868  4.5893  
1.1314  0.432987  0.391436  
0.0735596  0.87545  3.51064  
0.209802  2.37841  0.139134  
0.430082  0.56672  2.21568  
0.17229  1.58606  1.65521  
0.0397705  3.71473  0.237888  
0.365218  0.207116  3.21237  
0.0966188  0.988012  3.19362  
1.25665  0.148301  1.20601  
1.6672  0.119254  0.0499658  
1.81399  0.0642267  0.42887  
0.475944  0.86003  1.43256  
0.190106  2.53543  0.0581736  
0.0461655  3.06699  0.914854  
0.337893  0.348079  2.83761  
1.61088  0.143222  0.203508  
0.315162  1.60714  0.92238  
0.35006  1.00114  1.71009  
1.75606  0.099436  0.269324  
0.0927875  2.26238  1.59825  
0.160521  0.150517  4.3702  
0.777705  0.992829  0.225742  
0.0438128  3.39439  0.170734  
0.374272  1.12748  1.44758  
1.82118  0.0557259  0.468418  
0.0487156  3.27804  0.32275  
0.109393  2.478  0.712018  
0.122904  0.330492  4.1065  
0.269645  2.33334  0.0920679  
0.0460763  3.18994  0.482498  
0.264584  1.37959  1.38346  
0.119761  2.39502  0.967912  
1.19749  0.423966  0.372218  
0.105481  2.81509  0.358515  
0.996203  0.690384  0.314968  
1.79998  0.0896179  0.0971229  
0.188264  2.56064  0.0479271  
0.195092  0.560284  3.16301  
1.7649  0.0782419  0.385749  
0.272297  0.375384  3.0852  
0.0653459  0.11286  5.08275  
0.306315  0.387129  3.0422  
0.303093  0.661714  2.5682  
0.123085  2.24758  0.970306  
0.728635  0.699053  0.760434  
1.46128  0.204417  0.24602  
0.298364  2.13613  0.106738  
0.12028  0.783932  3.55105  
0.0848059  0.0545909  5.10426  
0.69074  0.116544  2.61449  
0.138853  0.793343  2.89327  
0.181931  0.47545  3.43407  
1.04364  0.0640923  1.98126  
0.114115  2.73107  0.33635  
0.0402859  3.24053  0.796  
1.02972  0.57025  0.367828  
0.101283  2.19357  1.37729  
0.218681  0.410364  3.27087  
0.117144  0.142637  4.50178  
0.231928  1.99652  0.64895  
0.0793023  2.32014  1.33728  
1.34335  0.342685  0.0837397  
0.50769  0.552702  1.9063  
0.133419  2.27236  0.952073  
0.0935661  1.87873  1.75571  
1.12766  0.473343  0.258513  
1.51466  0.0617619  1.12005  
0.581425  0.606597  1.56116  
0.128316  2.80371  0.170535  
0.628852  0.126762  2.71575  
0.154126  2.68585  0.253089  
1.03822  0.0973824  1.80236  
0.155042  1.95708  1.32012  
1.98556  0.0606652  0.0655717  
1.41504  0.140213  0.644629  
0.344008  1.79527  0.301302  
1.5399  0.0541053  1.00832  
0.735909  0.830382  0.477797  
1.14328  0.18837  1.13464  
0.933198  0.129247  1.73079  
0.0520159  0.0558133  5.57972  
0.772605  0.125125  2.43891  
0.0590867  2.8533  0.853394  
0.0626528  0.120301  5.05471  
1.52346  0.150973  0.566751  
0.0919127  2.66675  0.548716  
0.193136  1.05719  2.24272  
0.975608  0.0741288  2.16929  
1.43059  0.189622  0.353373  
0.13596  2.20944  0.984781  
0.0372593  3.25999  0.742137  
1.5974  0.117269  0.286496  
0.102659  1.44294  2.37281  
0.395232  1.11554  1.27596  
0.199082  1.29362  1.85575  
0.215133  1.96843  1.02017  
0.168086  1.42353  1.87769  
0.333636  0.15731  3.37358  
1.80306  0.0648104  0.413021  
0.149921  1.62109  1.9295  
0.142884  0.33966  3.89765  
0.186525  0.0689144  4.74211  
0.605908  0.173504  2.5501  
0.858669  0.354502  1.49242  
1.96992  0.0660949  0.163592  
0.853828  0.194435  2.14704  
0.283021  0.170053  3.90664  
0.0827676  2.49983  1.04882  
1.58536  0.151421  0.228352  
0.631958  0.958218  0.731104  
0.379883  1.88077  0.0798963  
1.56512  0.179433  0.133853  
0.182581  2.1055  0.607713  
0.160959  0.20125  4.04894  
0.136609  2.44728  0.862085  
0.0832337  3.17088  0.0365533  
0.602383  0.177277  2.54363  
1.97777  0.0625705  0.060559  
0.713832  0.748018  0.804993  
0.585319  0.0959783  3.3146  
0.154623  0.085214  4.63144  
0.208647  0.619512  3.10982  
0.470609  1.22781  0.785435  
0.212189  0.0995748  4.29682  
1.27672  0.0973926  1.41138  
0.487065  1.3873  0.437147  
1.41916  0.0642568  1.05895  
1.55867  0.185493  0.132421  
0.0706795  0.0995666  5.24116  
0.13797  0.0790505  4.84064  
1.05984  0.410443  0.524038  
0.113754  1.62581  2.26943  
0.126784  0.204494  4.34331  
1.84244  0.0744369  0.257219  
1.44574  0.249348  0.109439  
1.57484  0.199021  0.0803531  
0.173434  0.300163  3.86421  
0.988585  0.65813  0.315946  
0.101794  0.107999  4.79507  
0.400601  1.48611  0.758231  
0.141775  0.118063  4.53568  
0.144273  2.04517  1.15503  
0.231445  1.32232  1.62905  
0.614237  0.552728  1.44954  
0.0952514  1.76088  2.20422  
1.48669  0.161967  0.283234  
0.461064  1.26288  0.914783  
1.99451  0.0599947  0.175979  
0.164903  2.28612  0.706225  
1.45179  0.120665  0.714282  
0.907151  0.334977  1.4707  
0.175958  2.41287  0.433597  
0.0999906  1.80849  1.74558  
0.697602  0.569284  1.26282  
1.3182  0.0707894  1.24501  
0.706392  1.24469  0.112506  
1.74257  0.0956595  0.275303  
0.222184  2.15092  0.555907  
1.28382  0.142302  1.19512  
0.32358  0.22926  3.47958  
1.0785  0.344197  0.669554  
0.107074  0.447544  4.02427  
0.499349  0.954912  1.19002  
0.356144  0.487345  2.58487  
0.0948685  0.141369  4.61836  
0.516062  0.390499  2.31141  
1.67983  0.0645451  0.649872  
1.17798  0.085478  1.62073  
0.383359  0.745101  1.9176  
0.478254  0.338267  2.41571  
0.147971  1.54911  1.96226  
0.0400748  3.41995  0.301418  
0.163814  0.638837  3.45817  
0.0717018  0.102197  5.20948  
0.654212  0.978103  0.614595  
0.404418  1.30461  0.941617  
0.253954  0.771009  2.55787  
0.562282  0.566577  1.8307  
1.39383  0.320347  0.115608  
0.915955  0.220987  1.67655  
0.490209  0.735759  1.77162  
0.243596  2.18326  0.274397  
0.280323  0.675455  2.66337  
0.721097  0.888529  0.581845  
1.43597  0.0690239  1.01905  
1.60166  0.172245  0.134121  
1.3901  0.0572758  1.30085  
0.0588125  0.0632222  5.51921  
1.49113  0.208442  0.156806  
0.182558  1.39084  1.94204  
0.16984  0.628068  3.58913  
1.30153  0.262937  0.592364  
0.4567  0.391888  2.48746  
0.100568  3.07505  0.189723  
0.25236  0.582299  2.95997  
0.175993  2.23618  0.630732  
1.4683  0.111698  0.684523  
0.0921185  2.55028  0.857151  
1.21191  0.152774  1.12984  
0.948481  0.192136  1.52308  
0.311306  0.430043  2.81075  
1.11968  0.530455  0.22656  
0.077753  2.83881  0.754807  
0.0563868  3.09055  0.510623  
0.357006  1.15107  1.23679  
0.143843  2.63317  0.291616  
0.839116  0.520086  0.869774  
0.168506  2.62327  0.201219  
1.23353  0.300572  0.528143  
0.146473  0.494362  3.71231  
1.24913  0.0562111  1.61761  
0.326074  0.208932  3.23666  
0.179109  1.77536  1.11259  
0.0574829  2.96556  0.986738  
0.0641361  1.56895  2.35361  
0.504318  0.269462  2.73416  
1.10244  0.0689742  1.77311  
0.156928  0.128804  4.39828  
1.47807  0.159871  0.333286  
1.32485  0.356262  0.170168  
0.176501  0.171009  4.1358  
0.126184  0.0501379  4.94885  
0.921856  0.126342  1.77433  
0.287268  0.504026  2.91037  
0.793364  0.591466  0.810532  
0.296205  0.440929  3.01206  
1.91527  0.0665032  0.239163  
0.116287  0.226007  4.42339  
0.266187  2.12326  0.431012  
1.63096  0.179019  0.127885  
0.803256  0.251132  1.89032  
0.697207  0.110647  2.7961  
0.452562  0.319071  2.58572  
0.422174  0.109279  3.525  
0.797452  1.01439  0.194371  
0.138386  2.43002  0.510779  
0.102487  2.93537  0.195581  
0.556619  0.649341  1.5506  
0.0641828  1.92001  2.09258  
0.103157  0.364925  4.06427  
0.465991  0.119928  3.15133  
1.242  0.100673  1.46268  
0.0941175  1.56482  2.588  
1.35204  0.0715018  1.20431  
0.113027  0.969183  2.92234  
0.0608133  1.59614  2.42464  
0.0559987  0.0705496  5.50258  
1.26558  0.098815  1.41603  
0.672953  0.973914  0.573182  
0.192917  0.110825  4.46674  
0.517295  1.33083  0.572518  
0.540136  0.461446  2.0379  
0.427893  1.69838  0.148444  
0.197695  2.17044  0.546417  
0.180518  0.457479  3.565  
0.0689526  2.77573  0.879406  
1.2997  0.25095  0.604943  
0.0781156  0.56259  4.0748  
0.141503  1.93155  1.33216  
0.138961  0.0799081  4.81809  
0.224777  0.947793  2.29847  
0.817243  0.291071  1.50405  
1.49738  0.257169  0.0829501  
1.10895  0.12439  1.39937  
0.0643708  0.229252  4.87654  
0.845132  0.825468  0.435744  
0.790261  0.936852  0.423324  
0.0764067  3.0988  0.402346  
0.383206  1.5184  0.665603  
0.158235  0.764056  3.29818  
0.240145  0.732604  2.68899  
0.173546  0.425966  3.67879  
0.266876  0.507929  3.11173  
0.659553  0.231441  2.08508  
0.925303  0.253008  1.57914  
0.2426  1.18319  1.95214  
0.840957  0.834159  0.374814  
0.784539  0.133934  2.35107  
0.771403  0.150208  2.41966  
0.823361  0.752325  0.497418  
0.321521  0.791152  2.09881  
0.637951  1.11824  0.501252  
1.99824  0.0587569  0.169582  
0.214903  1.28993  2.11193  
0.408804  0.165106  3.06873  
0.142246  1.31521  2.23311  
0.897138  0.254622  1.68991  
0.59582  1.23805  0.202497  
0.465025  0.680943  1.86833  
0.15754  0.284821  4.09494  
1.22533  0.40743  0.228935  
0.048407  2.77073  1.25474  
0.355085  1.28803  1.2137  
0.171511  0.0879813  4.48785  
0.762596  0.98148  0.351944  
1.0661  0.397319  0.612203  
0.707206  0.625802  1.13519  
0.0728676  2.99122  0.527927  
0.135257  2.51913  0.676254  
0.955298  0.710721  0.289727  
0.937052  0.458877  0.746992  
0.849488  0.870017  0.305242  
0.98114  0.243412  1.22698  
0.57441  1.15212  0.64518  
0.32843  1.05764  1.74165  
1.05427  0.0907075  1.9807  
0.391442  0.239441  2.9932  
0.273877  1.76424  0.885681  
0.189635  2.40649  0.380552  
0.0472845  3.34712  0.293847  
0.0500312  2.09487  1.78825  
0.407872  0.944775  1.53024  
0.5218  0.720184  1.54102  
0.152138  0.547116  3.59903  
1.22024  0.118614  1.34861  
0.623578  0.24078  2.40743  
0.199395  2.4916  0.120985  
0.121781  2.02898  1.37013  
0.209118  1.91271  1.06086  
0.193557  1.49226  1.80841  
1.54148  0.0635632  0.890561  
1.74146  0.110584  0.123265  
1.47199  0.175494  0.516667  
1.66109  0.087582  0.36411  
0.897391  0.0861246  2.32907  
0.0625557  1.63653  2.38182  
0.046008  3.76942  0.0460301  
0.667023  0.595768  1.36407  
0.0679773  3.10868  0.411144  
0.241907  0.194678  3.85591  
0.472243  0.298093  2.51608  
0.64575  0.214056  2.28109  
0.575754  0.164665  2.74995  
0.526845  0.274416  2.58724  
0.835128  0.659368  0.757497  
0.1272  1.16226  2.40077  
0.183773  0.324828  3.52332  
0.179936  2.60689  0.0825182  
0.477721  0.850243  1.32062  
0.465262  0.545705  1.99882  
0.0816332  0.232277  4.32625  
0.0734975  1.03375  3.23586  
0.577326  1.4284  0.117105  
0.457577  1.54253  0.349989  
1.03249  0.372968  0.864144  
0.999503  0.578133  0.505678  
0.958791  0.534833  0.674197  
0.16622  0.899325  2.53518  
0.428576  0.226892  2.96943  
1.84338  0.0880177  0.0713759  
1.0948  0.160289  1.32707  
0.442267  0.556164  2.12983  
0.670562  0.63947  1.25251  
0.145726  0.056618  4.90185  
0.040355  3.37931  0.354068  
0.806692  0.476174  1.06615  
1.08475  0.579737  0.204918  
0.102185  1.23187  2.64565  
0.0643854  2.52057  1.08902  
0.403132  1.51431  0.627711  
1.22204  0.420317  0.25403  
0.552382  1.00959  0.785645  
0.493747  1.48914  0.141232  
0.280232  0.240279  3.39009  
0.591893  0.106112  2.94337  
0.0926396  2.86832  0.526821  
0.271887  0.276074  3.66698  
0.0813961  2.92329  0.453299  
0.467957  1.64819  0.0865623  
1.38133  0.0926178  1.13516  
0.0737883  2.59959  1.04057  
0.467262  1.66251  0.244225  
0.39746  1.02535  1.39094  
0.59284  0.503655  1.67073  
0.1385  1.94041  1.34156  
0.0733186  0.147822  4.91782  
0.588424  0.679881  1.23455  
0.0730507  0.145101  4.93433  
0.0732437  2.58857  1.05665  
0.0588018  0.1939  4.97417  
0.0718532  2.74406  0.956796  
1.36045  0.131925  0.80044  
0.124848  0.13266  4.44963  
0.204214  1.52635  1.41256  
1.32743  0.371439  0.127669  
0.0927372  1.89914  1.95265  
0.0867237  2.75224  0.67515  
1.85249  0.079087  0.151505  
0.0675781  1.45727  2.69471  
0.0449799  3.36456  0.171371  
0.148929  1.03388  2.66039  
1.28708  0.379075  0.195733  
0.0540553  3.18304  0.640018  
1.05041  0.0581109  2.00826  
0.875851  0.536239  0.699881  
0.821769  0.286193  1.64143  
0.286733  2.22089  0.112419  
0.372626  1.08585  1.52204  
0.282236  2.22497  0.148945  
0.244977  2.01154  0.642962  
0.901519  0.86853  0.250092  
0.871904  0.406046  1.09496  
0.252236  0.807823  2.52076  
0.172298  1.81626  1.10974  
0.154111  0.194104  4.16564  
0.0783104  3.24591  0.26874  
0.74361  1.04207  0.34555  
0.252097  2.01582  0.447876  
1.76122  0.11578  0.0685385  
0.685306  1.0412  0.420485  
1.17631  0.0801523  1.65215  
0.0868077  2.94993  0.385476  
0.103173  1.27251  2.6276  
0.82586  0.105119  2.29528  
0.902333  0.434894  0.924954  
0.363598  0.65214  2.16378  
1.14665  0.278798  0.89106  
1.01172  0.500432  0.445068  
0.330768  0.085591  4.13338  
0.751512  0.590769  1.22148  
0.150053  0.120422  4.44002  
0.0599854  1.70498  2.35975  
0.749184  1.09127  0.124148  
0.0580994  0.889229  3.41088  
1.29358  0.100232  1.24012  
0.256687  1.74987  0.998368  
0.218409  1.74193  1.08143  
0.568514  0.547119  1.60662  
1.27002  0.405907  0.0960632  
0.230664  0.0732349  4.40283  
0.240428  0.822167  2.60961  
0.678124  0.50181  1.58515  
0.866652  0.402985  1.17964  
0.0728023  0.0661468  5.21863  
0.172189  1.82491  1.40448  
0.104175  0.130202  4.76058  
0.0457885  3.36296  0.229796  
0.228758  0.893201  2.64048  
0.664871  0.892242  0.835198  
0.164301  1.83283  1.29652  
0.153243  2.1578  0.827183  
0.159361  1.89216  1.30378  
0.741208  0.246843  2.0211  
1.15132  0.44673  0.28526  
1.20346  0.442088  0.242576  
1.16991  0.400091  0.396007  
0.400805  0.976228  1.5787  
0.491079  0.709391  1.78863  
0.0891081  1.27803  2.78284  
0.147883  2.08364  1.07138  
1.15709  0.236475  0.91532  
1.17187  0.222572  1.09186  
0.112917  0.103261  4.77542  
0.663  0.645012  1.03979  
0.861014  0.120289  2.02696  
0.292124  0.6332  2.59621  
1.09352  0.253256  1.02415  
0.195137  0.778074  3.05211  
0.497008  1.08761  1.00324  
0.0538918  1.25749  2.99595  
0.984927  0.36966  1.05036  
0.340194  0.989189  1.84108  
0.30967  1.45936  1.15427  
0.322853  2.08061  0.165539  
0.388715  0.171519  3.28391  
0.0996682  0.0931981  4.9789  
0.223227  2.09233  0.458714  
0.283845  2.28279  0.0840725  
1.23907  0.115136  1.35456  
0.0563041  2.97364  1.03126  
1.11513  0.30715  0.808246  
0.0905327  0.118156  5.00176  
0.258256  0.631403  2.73442  
0.564127  0.393899  1.9684  
0.911521  0.382594  1.05298  
0.732657  1.09319  0.218325  
0.0630691  2.97881  0.618499  
0.829259  0.267251  1.58291  
0.283744  1.50163  1.18198  
0.388281  0.528578  2.30562  
0.0676921  3.27332  0.227797  
