1.3803e-005  4.14242e-012  6.22315  
1.86836e-013  0.846655  4.32048  
0.861993  0.858305  2.61503  
0.0416018  0.892994  4.29432  
0.989082  3.63527e-006  5.8238  
3.10748e-006  3.63527e-006  6.48787  
0.79398  0.307467  4.08501  
0.721689  0.630456  4.50364  
0.30414  0.790138  4.09854  
0.628976  0.802749  4.0201  
0.888321  0.16236  4.01615  
1.75414e-005  2.25324e-005  6.20268  
0.680843  0.287637  4.82224  
9.87852e-006  0.000135181  6.05011  
0.781003  0.856446  2.84071  
0.810692  0.862007  2.70489  
0.864366  0.72431  3.21011  
0.870974  0.73609  3.129  
0.0648951  0.0307377  5.85906  
0.887923  0.000704045  4.548  
0.0246931  0.149935  5.67309  
0.840741  0.668532  3.64181  
0.773831  0.756041  3.25286  
0.854588  0.699315  3.43621  
0.68382  0.807027  3.61831  
0.126182  0.205744  5.35989  
0.000795089  0.0118376  6.03461  
0.186286  0.147784  5.35228  
0.135748  0.236178  5.31539  
0.0567077  0.245083  5.49006  
0.0311807  0.63531  5.51629  
0.244068  0.814971  3.9589  
0.297844  0.777353  4.15743  
0.00779089  0.0209385  6.00478  
0.216009  0.633203  5.18217  
0.729137  0.114478  4.68508  
0.196423  0.251436  5.1884  
0.771244  0.88595  2.93865  
0.0212777  0.176969  5.62547  
0.845754  0.78885  2.8066  
0.247598  0.176894  5.221  
0.868186  0.748066  3.08751  
0.685786  0.81172  3.58742  
0.0253202  0.00198692  5.96831  
0.0719173  0.00495509  5.88285  
0.192002  0.630567  5.20413  
0.835517  0.659604  3.71896  
0.830673  0.778933  2.88558  
0.00469568  0.0858949  5.84874  
0.153674  0.00624203  5.72882  
0.754466  0.277897  4.27449  
0.184516  0.160232  5.3281  
0.253222  0.641833  5.09436  
0.644703  0.253583  5.06166  
0.0277184  0.0221962  5.94483  
0.263095  0.128485  5.32723  
0.216357  0.633203  5.15643  
0.0920707  0.229644  5.41877  
0.03416  0.0879586  5.80431  
0.16108  0.0182928  5.65916  
0.860079  0.0643682  4.20664  
0.748283  0.213066  4.3484  
0.0823949  0.64062  5.37728  
0.098705  0.791279  4.43536  
0.659753  0.185146  5.03335  
0.00951301  0.0404432  5.93747  
0.740518  0.877295  3.10575  
0.783089  0.786764  3.02278  
0.711862  0.811056  3.39153  
0.650518  0.185146  5.08285  
0.653336  0.248069  5.00252  
0.723095  0.799154  3.35549  
0.145739  0.0946656  5.60448  
0.689472  0.864051  3.55112  
0.804717  0.630567  4.00233  
0.0185679  0.147492  5.68601  
0.105951  0.119999  5.57742  
0.25752  0.108199  5.412  
0.765203  0.260838  4.19906  
0.178457  0.187617  5.27339  
0.637929  0.264081  5.12752  
0.165285  0.215507  5.26486  
0.0619227  0.184228  5.54125  
0.763591  0.280627  4.25628  
0.121853  0.1416  5.49098  
0.817169  0.851816  2.68595  
0.0481375  0.768441  4.53416  
0.675759  0.194724  4.88527  
0.79782  0.202082  4.10141  
0.705224  0.703101  4.13805  
0.272295  0.660788  4.99593  
0.806963  0.890062  2.75553  
0.117392  0.157389  5.46622  
0.268208  0.138557  5.30534  
0.777492  0.0762726  4.42612  
0.0911271  0.282342  5.42766  
0.133373  0.011853  5.74169  
0.639019  0.27032  5.10607  
0.820307  0.178309  4.1068  
0.0877664  0.0804794  5.7139  
0.299913  0.00228126  5.7704  
0.289295  0.0440677  5.53562  
0.826912  0.758727  3.11495  
0.144851  0.0521305  5.6378  
0.87087  0.735918  3.13015  
0.764714  0.821527  2.98955  
0.668975  0.0676467  5.2097  
0.178003  0.695421  4.76389  
0.711862  0.0143646  4.97891  
0.85771  0.026544  4.27489  
0.742085  0.132029  4.52172  
0.265506  0.171829  5.2359  
0.235156  0.826594  3.92778  
0.662356  0.818936  3.73848  
0.843323  0.0501813  4.35228  
0.670551  0.875903  3.62659  
0.800916  0.890062  2.77992  
0.691528  0.253583  4.72203  
0.0911271  0.837675  4.16584  
0.853192  0.802282  2.73893  
0.0125111  0.0455817  5.92312  
0.161598  0.250863  5.2513  
0.210833  0.808275  4.00302  
0.853192  0.134273  4.04942  
0.73116  0.744166  3.66832  
0.000679022  0.232472  5.5959  
0.794329  0.768462  3.07436  
0.707428  0.267247  4.61437  
0.649549  0.273328  5.03591  
0.634684  0.264059  5.14699  
0.103351  0.727094  4.75063  
0.198937  0.0923662  5.44906  
0.762221  0.78302  3.16124  
0.289709  0.742999  4.36258  
0.708228  0.639772  4.59374  
0.208776  0.0598361  5.50738  
0.695207  0.888266  3.46329  
0.823474  0.774753  2.92518  
0.673773  0.683172  4.60195  
0.796483  0.770246  3.04842  
0.279592  0.657067  4.98823  
0.249066  0.87477  3.89251  
0.719924  0.699315  4.06702  
0.75188  0.0739373  4.59079  
0.655357  0.88359  3.74523  
0.268208  0.14402  5.2943  
0.0305176  0.763608  4.70246  
0.806963  0.82296  2.76966  
0.760793  0.736526  3.4715  
0.658938  0.875903  3.71025  
0.847167  0.728357  3.19192  
0.138907  0.748475  4.45847  
0.100204  0.0432471  5.77221  
0.636766  0.843413  3.85902  
0.273988  0.83153  3.91856  
0.168606  0.8686  3.97392  
0.673773  0.680374  4.65364  
0.117853  0.665194  5.25659  
0.735266  0.761258  3.48914  
0.76742  0.888024  2.94942  
0.115137  0.157866  5.47192  
0.210094  0.125883  5.44032  
0.0452356  0.168354  5.60218  
0.699245  0.80336  3.54903  
0.106778  0.691312  4.96117  
0.75627  0.762132  3.32057  
0.141943  0.0570211  5.64855  
0.811734  0.105005  4.2325  
0.14865  0.840368  4.02669  
0.843952  0.730694  3.17321  
0.727179  0.786615  3.38312  
0.226048  0.79544  4.04506  
0.279581  0.720928  4.51178  
0.777277  0.849358  2.86802  
0.787421  0.702918  3.80099  
0.665486  0.829681  3.68449  
0.702791  0.756041  4.03962  
0.649036  0.0708125  5.3686  
0.0683313  0.218847  5.47969  
0.183346  0.678555  4.88277  
0.169235  0.236178  5.24273  
0.649036  0.0475718  5.39558  
0.72107  0.0805573  4.79414  
0.157447  0.640492  5.20557  
0.677094  0.672193  4.66567  
0.665309  0.121058  5.14409  
0.293574  0.667309  4.92879  
0.265282  0.741966  4.37109  
0.0278191  0.0781162  5.83609  
0.832524  0.700019  3.45127  
0.0513537  0.256068  5.49906  
0.848647  0.645101  3.90428  
0.748661  0.0894412  4.57413  
0.237646  0.653935  5.00819  
0.709889  0.0611992  4.92401  
0.112816  0.213195  5.40135  
0.795166  0.855854  2.78814  
0.725104  0.268561  4.4745  
0.289709  0.730852  4.44861  
0.691528  0.649021  4.60719  
0.788381  0.189951  4.11965  
0.103351  0.705724  4.90935  
0.82622  0.844773  2.67005  
0.759272  0.735138  3.49629  
0.63814  0.82866  3.87547  
0.0721885  0.859671  4.18981  
0.750346  0.760872  3.37259  
0.678389  0.110466  5.04271  
0.675759  0.166224  4.93553  
0.863909  0.801274  2.74334  
0.0147778  4.63769e-012  5.98431  
0.862513  0.65145  3.75462  
0.862488  0.826815  2.65599  
0.762569  0.759919  3.29978  
0.134655  0.765185  4.38522  
0.735266  0.753647  3.51861  
0.723095  0.00992912  4.90199  
0.783089  0.817929  2.89427  
0.649606  0.842498  3.77425  
0.790757  0.873557  2.79681  
0.707428  0.180718  4.67817  
0.143569  0.693343  4.86555  
0.853281  0.198422  3.96607  
0.777492  0.749375  3.27629  
0.824686  0.778095  2.90652  
0.816003  0.770407  2.97161  
0.645743  0.830185  3.82142  
0.699245  0.809854  3.52398  
0.0617445  0.859671  4.21721  
0.843952  0.846655  2.63619  
0.656702  0.875903  3.72346  
0.103948  0.258401  5.38923  
0.739816  0.713453  3.77247  
0.664806  0.716256  4.31763  
0.669396  0.882042  3.65416  
0.777277  0.842584  2.87339  
0.282438  0.793365  4.07707  
0.830895  0.684255  3.58225  
0.216208  0.671917  4.96988  
0.746983  0.689331  3.9113  
0.0503218  0.816757  4.30387  
0.749342  0.0166402  4.70687  
0.714286  0.679001  4.2497  
0.171804  0.687446  4.84406  
0.280356  0.723841  4.49089  
0.201503  0.804998  4.08855  
0.764043  0.853432  2.95769  
0.228429  0.828681  3.97917  
0.643167  0.0977231  5.3231  
0.743472  0.704234  3.81713  
0.0385552  0.104649  5.76231  
0.856433  0.0173929  4.28888  
0.14749  0.721701  4.63012  
0.735636  0.198741  4.45169  
0.726578  0.675853  4.16154  
0.0442217  0.665126  5.28403  
0.75348  0.663553  4.05368  
0.737729  0.0963478  4.67005  
0.721004  0.672193  4.33428  
0.0567077  0.716369  4.87549  
0.0683313  0.205316  5.49429  
0.721201  0.714005  3.94607  
0.257527  0.0977231  5.39989  
0.0596988  0.0104352  5.90099  
0.0377664  0.0553502  5.89407  
0.228024  0.113115  5.39444  
0.222592  0.848818  3.90025  
0.151129  0.0990673  5.55404  
0.692954  0.810952  3.5349  
0.275916  0.0788508  5.45142  
0.152589  0.774726  4.29762  
0.176799  0.77169  4.23442  
0.86277  0.853432  2.62939  
0.716591  0.677416  4.2235  
0.760662  0.686789  3.84062  
0.293574  0.754563  4.28961  
0.229323  0.126361  5.36963  
0.237646  0.00591081  5.57789  
0.150437  0.102578  5.51444  
0.124474  0.869628  4.0757  
0.692954  0.823486  3.49795  
0.686971  0.167175  4.84933  
0.83327  0.710492  3.34188  
0.0765163  0.222772  5.45886  
0.177187  0.686321  4.83505  
0.109162  0.191476  5.45503  
0.712406  0.888266  3.33325  
0.632302  0.848796  3.88341  
0.794623  0.78302  2.98381  
0.709976  0.796607  3.8563  
0.123434  0.766519  4.41491  
0.103948  0.871146  4.12815  
0.20923  0.187617  5.22724  
0.693684  0.688006  4.30715  
0.662356  0.850149  3.67743  
0.640354  0.27032  5.09603  
0.864366  0.711417  3.30628  
0.240631  0.0833188  5.43347  
0.0377664  0.717562  4.91777  
0.0855467  0.229577  5.43347  
