0.0448027  0.0447755  6.02409  
0.0370229  1.00417  3.32067  
0.359128  1.91319  0.0508974  
0.0471854  4.03619  0.0562884  
1.96259  0.049941  0.118186  
0.0549659  3.7439  0.13521  
0.0561495  3.59538  0.0983358  
0.0678785  0.050047  5.53218  
0.047174  3.92538  0.152249  
0.0578654  0.074137  5.3858  
0.0496012  0.0516649  5.85646  
1.92622  0.0543961  0.205499  
0.0496543  3.7695  0.104889  
0.0462707  0.0455862  5.92305  
1.53009  0.0585071  0.944002  
0.0490608  3.84953  0.0519675  
0.0519494  0.0548943  5.76932  
0.071676  0.0900495  5.07707  
0.0585156  3.83903  0.0871197  
1.5008  0.167636  0.405107  
0.0819231  0.082155  5.17678  
1.79777  0.0712441  0.38258  
0.0508465  0.0591768  5.72983  
0.0460759  0.0462849  5.99445  
1.82008  0.0659229  0.380263  
0.0487755  3.97545  0.0859892  
0.251869  1.72445  0.9235  
0.0527016  0.0604903  5.66222  
0.0664446  3.31996  0.260924  
0.0901314  0.285166  4.38483  
0.0487889  4.0315  0.0518364  
0.0623561  3.50231  0.0542854  
0.108598  3.09428  0.179114  
0.132651  0.443041  3.7047  
0.0578591  3.36728  0.628677  
0.0898105  3.13429  0.366922  
1.83101  0.0739126  0.123995  
0.134077  0.994785  2.88109  
0.102475  0.228132  4.33344  
0.0489021  3.96168  0.107544  
0.0574201  3.5501  0.318786  
1.53936  0.049696  0.963764  
0.82112  0.213292  2.02164  
0.0903619  3.20051  0.182934  
1.64648  0.084106  0.470422  
1.45636  0.0775614  0.983322  
0.0547894  2.51737  1.50805  
0.181336  0.246833  4.03977  
0.0744995  0.0662497  5.28009  
0.149359  2.8518  0.12859  
0.188562  0.886185  2.53022  
0.432254  1.40904  0.720025  
1.33101  0.233162  0.614521  
0.087706  3.25747  0.059701  
0.069573  0.106679  4.83204  
1.10734  0.0975395  1.92881  
1.35629  0.118169  0.797552  
0.0513188  0.0827819  5.23075  
0.0808897  0.707933  3.42779  
0.235308  0.0531185  4.18377  
1.23326  0.212031  0.840594  
0.482879  1.16435  0.955628  
0.0676825  0.185134  4.75144  
0.900083  0.121466  2.3659  
0.153064  0.0564587  4.61495  
0.143609  0.283196  3.99668  
0.916338  0.247447  1.61002  
1.67968  0.102582  0.171709  
1.71052  0.0606969  0.638902  
0.0922175  2.49214  0.951496  
0.0959095  1.96564  1.83705  
0.0669106  3.03977  0.693705  
0.0505852  0.0636716  5.57976  
1.84402  0.0697512  0.320026  
0.319753  0.152299  3.75029  
1.91758  0.0615664  0.0604988  
0.0707216  0.0992201  4.97577  
0.109295  0.0782747  4.93295  
0.876056  0.339025  1.39938  
0.462802  1.45639  0.674959  
0.0585111  0.256477  4.65083  
0.0520884  2.70031  1.2672  
0.395888  1.74726  0.377648  
0.0917941  2.80278  0.516143  
0.0982483  2.56233  0.91663  
0.233985  1.58163  1.17196  
1.65977  0.0695224  0.599051  
0.112155  1.98508  1.44809  
0.642103  0.301624  2.32232  
0.104704  1.67685  1.77398  
1.06917  0.368102  0.585704  
1.48557  0.21813  0.212246  
0.596596  1.0414  0.768408  
0.110736  1.7006  1.75483  
0.0991903  2.88162  0.384821  
0.919785  0.833834  0.110907  
0.0929648  0.39409  3.84314  
1.88447  0.0662081  0.164076  
1.47372  0.113775  0.545631  
0.104053  1.66003  1.89036  
0.101165  0.72905  3.37936  
0.0633219  3.39516  0.181564  
1.72693  0.119439  0.0639446  
0.0470316  0.0614458  5.62016  
0.168348  2.74935  0.0729221  
0.0569894  2.65346  1.26128  
0.0525227  2.91805  1.03759  
1.75681  0.0727869  0.380912  
0.0457965  2.82456  1.1021  
0.809711  0.484045  1.14939  
1.30887  0.114999  1.25488  
0.0803068  2.76723  0.677173  
0.795125  0.085877  2.54921  
0.962782  0.248734  1.23525  
0.56968  0.264154  2.69691  
0.45707  1.69287  0.196524  
1.89233  0.0596252  0.138777  
0.06509  2.60878  1.09264  
0.112052  3.23076  0.076988  
0.121538  0.341981  4.14748  
0.120536  0.791479  3.00334  
1.31858  0.0684217  1.37845  
0.107833  2.58178  0.528215  
0.166854  2.19168  0.856629  
0.508266  0.426306  2.19512  
1.41979  0.0831068  1.21158  
1.37161  0.115877  1.0311  
1.87302  0.0721544  0.18355  
0.115856  2.31735  1.22469  
0.207064  1.34039  1.98766  
1.78585  0.0619678  0.397694  
0.187096  0.165358  4.41512  
0.135541  0.371615  3.68414  
0.305456  0.718998  2.28483  
0.420624  0.663464  1.90912  
0.273518  2.10219  0.301696  
1.04643  0.580961  0.102594  
0.0717367  2.7823  0.761366  
0.630682  1.19283  0.290169  
0.195847  2.54691  0.149986  
1.85806  0.066002  0.195359  
0.56486  0.706088  1.32001  
0.0504744  3.05294  0.760605  
0.769373  0.186653  2.16691  
0.9104  0.117369  2.37552  
0.868041  0.375992  1.35759  
0.298361  2.05356  0.311335  
1.07656  0.130267  1.56243  
0.311749  1.52741  0.89855  
0.3345  0.902904  1.88751  
0.197383  0.309804  3.78742  
1.49185  0.0917349  0.726505  
1.59451  0.152746  0.239418  
1.44463  0.169218  0.258358  
0.968022  0.182797  1.65711  
0.812159  0.749677  0.512396  
0.713938  0.0967637  2.91537  
0.0745035  0.714686  3.58494  
0.0601148  0.0525389  5.37066  
1.58107  0.107329  0.300737  
0.195075  2.00565  0.874124  
0.0942193  0.113166  4.67885  
1.71823  0.0853789  0.392268  
1.78195  0.0831964  0.214078  
0.635131  0.454329  1.72925  
0.103875  1.43609  2.27135  
0.111397  0.94464  3.13714  
0.374568  1.84389  0.40209  
0.46625  1.53554  0.223484  
1.57278  0.114377  0.519819  
0.355217  1.87296  0.349465  
1.10121  0.438774  0.481564  
0.202657  2.03971  0.860825  
0.40049  0.360604  2.58766  
0.246246  0.507805  3.06538  
1.76915  0.0992187  0.169695  
0.124944  2.44078  0.715292  
1.25615  0.208647  0.692577  
0.660482  0.91136  0.664539  
1.06097  0.206597  1.42643  
0.142793  0.59749  3.45903  
0.0818846  0.18384  4.71978  
1.6179  0.0855255  0.487663  
0.681578  1.17588  0.114248  
0.159337  0.0743856  4.46731  
1.68819  0.0942582  0.426148  
0.0755931  0.576769  3.87114  
0.0563431  2.86522  0.987855  
0.0775153  3.47321  0.0674952  
1.66945  0.119486  0.141404  
0.580834  1.31769  0.303727  
0.42842  0.573436  2.07039  
1.40867  0.254387  0.154818  
0.174637  0.176092  4.26985  
1.86633  0.0594842  0.354804  
0.37203  1.06204  1.30638  
0.0633895  0.0569881  5.33504  
0.0516218  3.37232  0.593124  
1.55807  0.139227  0.302123  
0.15806  2.93519  0.0842513  
0.315017  0.344872  2.98102  
0.59424  0.372406  2.01376  
0.0493019  0.0665129  5.55421  
0.0582346  3.17735  0.714107  
1.12709  0.334273  0.634402  
0.614748  0.24301  2.39769  
1.26076  0.417544  0.145601  
0.0854133  0.188424  4.52511  
0.132234  2.7151  0.430796  
0.993117  0.658366  0.214241  
0.0911809  3.07083  0.309211  
1.13211  0.0958  1.93984  
0.0599313  0.239658  4.78945  
0.110996  0.0649339  4.8602  
0.947884  0.639696  0.492926  
0.940211  0.674574  0.280806  
1.90521  0.0640781  0.103219  
0.11753  3.01231  0.111738  
0.121053  2.99523  0.0596967  
0.210219  0.382142  3.54196  
0.772981  0.108221  2.66335  
0.228311  0.499602  3.27681  
0.266726  2.28149  0.190026  
0.0886429  0.94864  3.02963  
0.127264  1.3851  1.99572  
1.2272  0.421495  0.203633  
0.476596  0.61781  1.90935  
0.696282  1.12985  0.262981  
0.18252  0.484695  3.3514  
0.140681  2.6263  0.472821  
0.0659301  0.404578  4.24104  
1.60835  0.0842271  0.539628  
0.0832092  2.31113  1.38937  
0.624033  0.614269  1.42057  
0.224903  1.93196  0.730704  
1.13939  0.503863  0.307944  
0.194765  2.36051  0.426176  
1.34422  0.281124  0.294318  
1.26859  0.108422  1.51822  
0.14131  2.67658  0.244097  
0.988587  0.0775849  2.27135  
1.56596  0.115613  0.329206  
0.113329  0.169989  4.5392  
0.350722  1.39893  1.0908  
0.366307  1.14751  1.0769  
0.167919  2.45715  0.465369  
0.599884  0.818815  1.17912  
0.08347  0.167936  4.70124  
0.146058  0.111522  4.78419  
0.259635  0.174387  3.7556  
0.301719  0.821825  2.15139  
1.84971  0.0765505  0.0615889  
0.0822864  1.51319  2.4432  
0.184418  2.26795  0.764387  
0.142728  0.699627  3.14821  
0.0693624  0.100085  4.99561  
0.340125  1.37163  1.29303  
0.382388  0.857308  1.78542  
0.294184  1.63876  0.996353  
0.0595403  2.52934  1.25557  
0.257229  0.311748  3.25992  
0.0726973  3.28209  0.249809  
1.24046  0.179352  0.906557  
0.187787  0.144118  4.21172  
0.121789  1.76212  1.59347  
0.261453  0.396625  3.11232  
1.18999  0.53965  0.105382  
1.24885  0.0898123  1.52506  
0.134145  0.188246  4.29653  
0.1414  2.15577  1.11212  
1.58868  0.0703254  0.660605  
1.70243  0.131105  0.0924153  
0.0718415  2.4764  1.18811  
0.435053  0.870191  1.58509  
0.0695826  2.40378  1.20124  
0.103981  0.183454  4.56927  
0.927935  0.101528  2.41485  
0.707384  0.763676  0.895388  
0.0950925  0.565476  3.81839  
0.535485  0.141557  3.09093  
0.618987  1.16953  0.36997  
0.561885  1.21292  0.405375  
0.0934272  0.105573  4.87872  
0.609954  0.807943  1.03321  
1.11901  0.257022  0.871748  
0.257383  0.306481  3.52863  
0.065995  0.196061  5.05591  
1.0216  0.214636  1.40465  
1.43692  0.248437  0.230782  
0.190612  1.55579  1.35121  
0.285706  0.686163  2.46387  
0.0792309  2.9805  0.565389  
0.861708  0.278797  1.56762  
0.0876802  3.02371  0.50609  
0.18142  2.63746  0.0632131  
0.0561042  3.0828  0.745897  
0.380609  1.80138  0.277165  
0.420486  1.61438  0.372241  
0.883471  0.176908  1.90057  
0.142882  1.12009  2.23449  
0.0512434  3.43125  0.414589  
0.0739191  0.0810537  5.30431  
1.28463  0.314341  0.407597  
1.60284  0.144672  0.291031  
0.846923  0.628561  0.655862  
0.227932  2.23988  0.315231  
0.551323  0.109039  3.2049  
0.399386  0.348485  2.68422  
1.18049  0.349566  0.427149  
0.0685717  0.492668  4.12994  
0.248251  0.138721  3.92376  
1.11422  0.413875  0.445177  
0.0585144  0.0553701  5.63822  
1.32415  0.163693  0.997022  
0.0690655  2.59822  0.870204  
0.066297  3.44434  0.120314  
0.511928  0.920107  1.26963  
1.73674  0.103529  0.0559403  
1.62288  0.172311  0.0741735  
1.1665  0.0780137  1.86254  
0.0635441  3.40935  0.16492  
0.186834  2.37845  0.607912  
1.90208  0.0687581  0.0571583  
0.0753256  0.0982717  5.02144  
0.0862711  2.06402  1.7102  
0.363938  1.64263  0.414732  
0.388943  0.386119  2.57482  
0.759238  0.695336  0.627459  
0.499345  0.205405  2.73941  
0.241712  1.23199  1.6359  
0.113579  2.82077  0.327525  
0.232542  0.525066  3.22315  
0.258432  2.21837  0.280189  
0.103953  1.86336  1.68723  
0.750117  0.739783  0.803305  
1.18434  0.39059  0.361744  
0.0888289  2.38488  1.04421  
0.130591  0.188263  4.31807  
0.0753583  0.0848696  5.21129  
0.0819585  0.105313  4.90272  
0.893541  0.376722  1.31086  
0.351955  0.423758  2.64135  
0.803987  0.148989  2.3341  
0.0487639  3.57096  0.290996  
0.0548981  3.16379  0.738205  
0.0913133  3.23644  0.0741499  
0.386015  0.345966  2.82145  
0.383892  1.60073  0.388752  
0.236405  1.30259  1.73192  
0.141106  2.67479  0.334461  
0.691404  0.106511  3.046  
1.14552  0.190909  1.28736  
1.54719  0.235026  0.131809  
0.123174  0.135395  4.58416  
0.406698  0.232693  3.22932  
1.03625  0.0962646  2.10485  
1.04151  0.075418  2.14412  
0.106542  0.347103  4.08273  
0.701294  0.966691  0.513995  
1.05218  0.239212  1.10728  
0.160496  2.89864  0.0824967  
0.216088  1.05439  2.21637  
0.0830026  2.9658  0.615782  
0.0502344  3.45697  0.441152  
0.536767  1.25875  0.493265  
1.73983  0.0883365  0.185328  
0.909511  0.252085  1.4235  
1.05613  0.224391  1.25755  
0.370746  0.966134  1.63154  
0.162682  2.47826  0.338775  
0.778315  1.01737  0.117521  
0.230523  0.345756  3.40387  
1.27788  0.334311  0.391437  
0.342931  2.13527  0.152533  
0.448181  0.293673  2.75177  
0.305449  1.28421  1.33823  
0.240229  0.558402  2.93743  
0.393393  0.988091  1.53302  
0.738999  0.877816  0.565383  
0.290404  1.94585  0.416771  
1.76709  0.0722508  0.262469  
0.0503532  3.58008  0.191798  
0.165037  1.48177  1.68964  
0.981866  0.41559  1.05326  
0.323083  1.78475  0.531195  
0.264826  0.214678  3.65638  
0.147519  0.641759  3.11274  
0.622617  0.252729  2.35605  
1.19477  0.0934611  1.76119  
0.133092  0.163026  4.43692  
0.377647  0.221964  3.23468  
0.640355  0.185763  2.66053  
1.29032  0.0677666  1.4476  
0.310345  0.353094  2.92627  
0.166115  1.44809  1.93956  
0.326289  0.107738  3.95359  
0.176933  1.47111  1.69393  
0.15328  2.29501  0.894492  
0.246931  1.92568  0.930144  
1.46118  0.0974444  0.912054  
0.0918247  1.20681  2.71424  
0.395858  0.0751063  3.80184  
0.34763  0.550498  2.40727  
0.333391  1.77455  0.506186  
0.54367  0.9186  1.13032  
0.386804  0.450516  2.5156  
0.556611  1.28936  0.350788  
0.238275  1.26875  1.50213  
0.363192  1.09637  1.33826  
0.440591  0.0818091  3.5049  
0.802079  0.262904  1.75749  
0.398144  1.82601  0.209152  
1.38509  0.106129  1.24577  
0.376367  1.46495  0.962832  
1.37699  0.319692  0.133917  
0.855417  0.570598  0.833017  
0.14281  1.89113  1.35322  
0.538653  1.13627  0.745258  
0.742091  0.470466  1.49979  
0.0946489  0.201098  4.49656  
1.40182  0.144944  0.785295  
0.206637  0.244828  3.93829  
0.12829  1.59678  1.88373  
0.222069  2.08798  0.784908  
0.718584  0.392278  1.64562  
0.0828256  1.22027  3.07982  
0.754568  0.146152  2.51318  
0.590441  1.10585  0.454199  
0.851967  0.124722  2.42332  
0.442789  1.24115  0.820374  
1.03451  0.332254  0.879663  
0.791575  1.00817  0.099157  
0.285768  0.797668  2.34003  
0.0624268  3.18249  0.683021  
1.09146  0.200115  1.14623  
0.729908  1.11506  0.1008  
1.42363  0.127152  0.716592  
1.22075  0.283613  0.55394  
0.474656  0.168495  3.16462  
0.291842  2.19901  0.0715878  
1.55033  0.111274  0.693479  
0.493975  1.35735  0.503586  
0.23426  2.17123  0.335766  
0.0795009  0.0618344  5.19024  
0.0942015  1.81104  1.96423  
0.204808  2.35001  0.394678  
0.586671  0.194844  2.50289  
0.490882  0.478018  2.04448  
0.379328  1.79397  0.357858  
0.227578  0.4861  3.2995  
0.255641  0.775585  2.60553  
0.324057  0.617171  2.48066  
0.0464204  3.41991  0.536933  
0.0978021  1.33633  2.4931  
0.650805  0.602742  1.45975  
1.21608  0.198874  1.14289  
0.473155  0.135582  3.19375  
0.198905  1.07851  2.09002  
1.16551  0.338014  0.499775  
0.31913  1.81716  0.551657  
0.199677  1.62724  1.25571  
0.11384  0.685324  3.63627  
1.30094  0.186244  0.683445  
1.63042  0.103457  0.356108  
0.170362  1.91638  1.2511  
1.02763  0.169651  1.49159  
0.223324  2.17685  0.544427  
0.73699  0.862576  0.581389  
0.0708513  2.25435  1.73691  
0.956366  0.274105  1.28545  
0.717408  0.277064  2.08519  
0.763538  0.400229  1.64552  
0.532924  1.35479  0.363777  
0.785316  0.798608  0.498345  
0.795409  0.625203  0.866606  
0.193133  0.792381  2.72371  
0.0576559  3.29241  0.725081  
1.20778  0.378884  0.219636  
0.139908  0.721461  2.97048  
0.367092  0.0839387  3.91073  
0.226304  0.776524  2.6264  
0.471417  0.525249  2.09113  
0.694929  0.959011  0.575157  
0.356969  1.22076  0.998587  
0.931432  0.24671  1.44929  
0.646196  0.386437  1.95535  
0.828064  0.180708  1.99016  
0.446316  0.756172  1.52831  
0.831006  0.179655  1.99108  
1.39295  0.154812  0.715174  
1.27076  0.121166  1.50393  
1.43101  0.290877  0.092509  
0.611037  0.680092  1.19892  
0.0683863  2.73188  0.874362  
1.08444  0.564982  0.116766  
1.09425  0.418401  0.546972  
0.253779  1.36147  1.45528  
0.129343  0.500908  3.61002  
0.272883  0.631053  2.8519  
1.63733  0.165776  0.0750805  
0.284102  1.95278  0.534961  
0.316333  2.01851  0.405536  
0.0818256  0.777731  3.33607  
0.503859  0.566092  1.80791  
0.128922  0.16718  4.49627  
0.0783741  1.4023  2.79691  
0.116643  2.42611  0.779597  
0.151199  2.94796  0.0730897  
1.17371  0.0999713  1.84485  
0.531326  0.465368  2.04047  
0.101857  0.391876  4.09335  
0.101016  2.45239  1.00346  
0.21488  0.560015  3.30353  
1.74874  0.0735236  0.390029  
0.225805  2.02948  0.529212  
0.516333  0.78661  1.31033  
0.0679277  3.49022  0.0874132  
0.675576  1.14815  0.317015  
0.178353  0.240607  4.06354  
0.0813516  0.359842  4.27797  
0.255768  0.177246  3.66008  
0.127836  2.11818  1.18348  
0.630256  0.966124  0.661699  
0.35327  0.761254  2.12763  
0.270029  2.2866  0.131054  
0.684869  1.23563  0.087747  
1.01598  0.607385  0.268422  
0.746357  0.870602  0.55452  
1.11661  0.592717  0.095449  
0.121314  2.39435  0.802501  
0.520088  0.553848  1.84608  
0.451264  0.515806  2.11843  
1.6945  0.090358  0.357142  
0.131411  2.9027  0.115732  
0.973671  0.50418  0.603021  
1.15122  0.331664  0.539652  
0.290916  0.499092  2.78458  
0.188757  0.677836  2.86019  
0.362889  0.168093  3.39321  
0.197428  1.43979  1.6972  
0.444318  0.643667  1.96856  
0.657029  0.321552  2.05609  
0.734732  0.139802  2.57661  
0.118608  1.09001  2.83892  
0.181412  0.429924  3.55893  
0.531039  0.846928  1.30153  
0.0781917  0.100374  4.91979  
0.301538  1.0125  1.81808  
0.291302  1.38103  1.27494  
0.528872  1.32349  0.45012  
1.19946  0.122232  1.33522  
1.00363  0.366062  1.10671  
1.30034  0.105449  1.37073  
0.846871  0.455481  1.01762  
0.453005  0.624086  1.86241  
0.24443  1.05747  2.06172  
1.01523  0.643718  0.297234  
0.955305  0.12694  2.20384  
0.485302  0.266124  2.83097  
0.153381  2.14391  0.948231  
1.09912  0.326164  1.01452  
0.409082  1.7608  0.119684  
1.29673  0.321832  0.282708  
1.38235  0.171531  0.523652  
0.138312  1.89502  1.35862  
0.108632  1.24723  2.6123  
0.674861  0.812609  0.752078  
1.35113  0.274073  0.473682  
0.665812  0.14091  2.74221  
0.25442  1.08031  1.94923  
0.339305  0.324269  2.91686  
0.206716  2.21217  0.48266  
0.2703  0.229527  3.56721  
0.409406  0.907  1.53966  
0.158712  2.08122  1.12616  
0.787407  0.263439  1.82909  
0.9976  0.744082  0.0932143  
0.0982201  2.96976  0.269649  
0.735812  0.355756  1.71449  
0.171415  2.73031  0.0664895  
1.17249  0.469752  0.306241  
0.201799  0.242757  3.97405  
1.39484  0.199386  0.366724  
0.490186  0.377811  2.25074  
1.21315  0.176342  1.21276  
0.149925  0.180973  4.22236  
0.605028  0.566752  1.49727  
0.283305  0.194085  3.63282  
0.209613  0.156053  4.11538  
0.550596  0.408147  2.20612  
0.547784  1.23309  0.50822  
0.0988739  2.02131  1.67692  
0.0747777  2.33488  1.54684  
1.00857  0.67583  0.160417  
0.589145  0.459389  1.78392  
1.24417  0.423288  0.0807121  
0.227061  2.33434  0.430802  
0.539621  0.981911  1.06596  
0.388317  1.83525  0.230694  
1.74678  0.0713943  0.431817  
