1.87134  0.0517613  0.0380019  
1.74886  0.0361451  0.545073  
1.99363  0.0461291  0.0505966  
0.0618335  0.0541051  5.7104  
0.0374416  3.03112  1.00705  
0.0501241  4.00364  0.0512818  
1.89592  0.0475144  0.153658  
1.97798  0.0435941  0.130752  
0.0407182  3.90898  0.0624211  
0.0580078  3.73138  0.108753  
0.059924  3.80604  0.0595127  
0.0659863  0.0619718  5.56671  
0.0523196  0.0547474  5.65962  
0.0496216  3.69556  0.173243  
0.0652642  3.65007  0.103472  
0.0472553  3.52042  0.423741  
0.066765  0.0681239  5.51324  
0.0472267  3.84007  0.202688  
0.323838  2.00876  0.311646  
0.10373  0.0746103  5.03664  
0.0872695  3.29711  0.226736  
1.19582  0.20395  0.881093  
0.078861  0.170989  5.11331  
1.84844  0.0512961  0.403379  
0.0536308  3.32815  0.583114  
0.0798678  0.121521  4.95914  
0.043571  2.84838  1.19632  
1.47071  0.16261  0.391866  
0.894038  0.0676798  2.45567  
1.59564  0.0934413  0.405474  
0.0680588  0.217698  5.01684  
1.70722  0.062395  0.462378  
1.72519  0.0590538  0.34677  
0.0740197  0.0486371  5.41188  
1.31579  0.112804  1.01086  
1.67459  0.044713  0.621295  
0.0716666  3.56146  0.0944398  
0.109682  1.976  1.67181  
0.0734976  1.91683  1.67769  
0.105595  2.81926  0.357414  
0.0639435  0.0739401  5.45306  
0.0521811  3.21408  0.660923  
0.0737811  0.0768915  5.36253  
0.0457847  3.26525  0.782016  
0.0725787  3.48744  0.12688  
0.0722153  0.133824  5.26838  
0.0630932  3.61673  0.189704  
0.0868346  0.0693101  5.2175  
1.17726  0.276163  0.779946  
1.20489  0.148125  0.992327  
1.73413  0.057097  0.460788  
0.910231  0.884788  0.195412  
1.61005  0.0648019  0.611998  
0.0667468  3.24705  0.265155  
1.86388  0.0689353  0.100645  
0.148699  0.0890463  4.59233  
1.58313  0.148316  0.0677649  
0.0824758  3.34939  0.167412  
0.063229  2.77669  0.797533  
0.069664  2.86608  0.759856  
0.0550227  2.55984  1.36712  
0.311209  0.393577  2.92666  
0.121204  2.99112  0.223079  
0.539578  0.0652217  3.31739  
1.03933  0.464311  0.419696  
1.3337  0.187168  0.672849  
1.51229  0.123724  0.369762  
0.161157  2.79942  0.061071  
1.57393  0.100651  0.44036  
0.860235  0.421859  1.14433  
0.0829364  3.37833  0.0561287  
0.0708826  3.59859  0.10802  
0.108578  0.726304  3.28633  
0.0532722  3.11011  0.827226  
0.102608  0.0714611  5.17162  
1.42946  0.238964  0.0451185  
0.0445306  3.57276  0.287962  
0.178712  2.30593  0.527128  
1.25131  0.201961  0.772415  
0.198075  0.622107  2.84762  
0.126065  0.145241  4.53925  
1.15479  0.093816  1.66106  
0.446427  1.73348  0.296691  
0.961593  0.507545  0.725677  
1.8125  0.0603852  0.311631  
0.331392  0.988767  1.93313  
0.992941  0.678472  0.20318  
0.221808  0.079985  4.16517  
0.0645264  1.63963  2.30804  
1.78426  0.0785143  0.0698964  
0.673929  0.109418  2.57283  
1.30724  0.254303  0.295741  
0.284428  1.16456  1.63841  
0.0989291  0.0586012  5.28913  
1.80025  0.0618952  0.191723  
1.82963  0.0764888  0.0530266  
1.43989  0.140185  0.616603  
1.10149  0.0974724  1.60719  
0.197547  2.66801  0.118673  
1.06947  0.241212  1.19266  
1.75776  0.0648469  0.300306  
0.0723567  0.245208  4.72844  
0.516332  0.309831  2.52965  
1.83225  0.0713883  0.0816312  
0.489802  1.50003  0.430646  
0.217617  2.2879  0.429158  
0.533481  0.88425  1.06892  
1.56528  0.15083  0.0458242  
0.115173  0.0879144  4.82282  
0.230418  0.125969  3.8347  
1.26978  0.23738  0.453522  
0.229352  2.029  0.904295  
1.55578  0.135695  0.210731  
0.107431  0.0839715  4.93251  
0.477277  1.51712  0.40083  
0.936863  0.769438  0.236852  
0.262096  0.243897  3.4155  
0.0875937  0.108414  4.89906  
1.35581  0.364677  0.146477  
0.227719  1.8324  1.13006  
1.65003  0.0525712  0.633293  
1.24318  0.165326  0.924383  
0.126648  2.69597  0.518447  
0.0749061  0.0795578  5.32554  
0.800054  0.177632  2.17804  
0.0498925  3.42906  0.507502  
0.168098  0.0791394  4.42862  
0.729944  0.284045  1.59394  
1.6901  0.106495  0.105377  
0.439854  1.20762  1.05216  
1.45563  0.0583558  0.981199  
1.07581  0.129905  1.46083  
0.764938  0.387805  1.44822  
1.36888  0.114475  0.734423  
1.66686  0.0542831  0.576379  
0.359832  0.786258  2.02393  
0.0562957  1.36704  2.75905  
1.08483  0.145622  1.30782  
0.441075  0.335521  2.73451  
0.570672  1.22644  0.678897  
0.242187  0.936827  2.34561  
0.144096  0.0565642  4.85555  
0.110606  3.05034  0.145745  
0.0527298  3.83607  0.05784  
1.49719  0.0818179  0.685615  
0.103552  0.96902  2.81132  
1.61805  0.10109  0.403325  
1.98508  0.0504355  0.0487621  
0.220793  2.52885  0.0765957  
0.280013  1.85646  0.936607  
0.0835103  1.74248  2.20195  
0.759882  0.209925  2.06099  
0.120695  1.84475  1.79378  
0.234813  0.0818548  4.12787  
0.300256  1.59644  0.880551  
0.260099  1.33347  1.43661  
0.0964465  1.42191  2.61775  
0.878783  0.420007  1.10671  
0.201861  0.317097  3.37882  
1.29235  0.273042  0.326686  
1.1073  0.350924  0.509411  
0.145576  2.95944  0.107861  
0.841128  0.792059  0.375752  
0.801569  0.966106  0.249575  
0.733675  0.0946017  2.56005  
0.287287  1.0511  1.83838  
0.134126  1.38672  2.09118  
1.12367  0.28107  0.866663  
0.363582  1.2173  1.35247  
1.52191  0.204424  0.0739871  
0.0799341  0.117091  5.13425  
0.724162  0.559616  1.09323  
0.552734  1.54685  0.243735  
0.067966  3.47096  0.153047  
0.170029  1.62595  1.49319  
1.77008  0.0857982  0.107323  
0.618575  0.870678  0.865992  
0.83525  0.57379  0.918518  
1.4825  0.174922  0.196432  
1.65878  0.0606736  0.607981  
0.0838089  3.15588  0.238242  
0.232286  2.25175  0.386223  
0.127787  2.99963  0.137196  
0.512223  0.901768  1.31149  
0.809999  0.128668  2.27524  
0.149709  2.94853  0.148604  
0.0581895  3.06809  0.555895  
0.129368  0.615486  3.26529  
0.0902527  0.455129  4.00207  
1.28422  0.138673  0.925735  
0.151411  0.176211  4.21068  
0.497799  0.0650532  3.47561  
0.205352  0.0901482  4.17847  
0.410105  1.94352  0.102915  
0.158948  1.75086  1.48342  
0.154609  0.206951  3.98141  
0.156681  2.48414  0.564299  
0.0771463  2.32112  1.64628  
1.02004  0.660274  0.0737463  
0.214662  0.759845  2.50175  
0.170323  2.26269  0.666061  
0.191341  2.68364  0.0848205  
1.81086  0.0422753  0.410304  
0.100222  0.376393  4.33821  
0.520663  0.600665  1.58536  
0.116229  0.25591  4.13795  
0.327975  1.09733  1.76483  
1.04737  0.325049  0.844881  
0.621822  1.15518  0.599082  
0.466107  0.112395  3.18017  
0.204715  1.67834  1.18854  
0.0811488  3.36625  0.220939  
0.395049  0.855487  1.53552  
0.181787  2.46989  0.492052  
0.843046  0.835678  0.322855  
0.329243  0.0850398  4.09703  
0.12421  3.16848  0.0981147  
0.169039  2.56196  0.473443  
0.819489  0.149768  2.12443  
1.02863  0.296732  1.02983  
0.046676  2.72519  0.99018  
0.11807  2.74643  0.609714  
1.50625  0.133516  0.451347  
0.738136  0.109781  2.54603  
0.16593  0.117242  4.26466  
0.670754  0.948953  0.538334  
0.143667  2.23998  0.728792  
0.133714  3.01973  0.0980723  
0.275972  0.186617  3.57139  
0.660014  0.728974  0.957939  
1.22983  0.249124  0.854349  
0.0859829  0.629138  3.73778  
0.266019  0.811762  2.20494  
0.425204  0.0607876  3.71053  
0.0803268  3.4081  0.0602445  
0.10022  0.0876224  5.19711  
0.294639  0.298112  3.23377  
0.593057  0.431964  1.94512  
1.53498  0.0572582  0.808599  
0.432696  0.893861  1.53306  
1.54744  0.159771  0.134708  
1.23485  0.346439  0.345845  
0.189803  0.0771587  4.36647  
0.783783  0.483644  1.02523  
0.281717  1.86955  0.815764  
1.69838  0.100946  0.171701  
0.0976858  2.35344  1.15073  
1.27628  0.151157  0.873456  
0.58981  0.406617  2.07642  
0.292613  0.192164  3.49418  
1.64408  0.0763044  0.300897  
0.0642052  3.13778  0.478194  
0.346151  1.49186  0.936874  
0.91619  0.620645  0.518617  
0.0574342  2.88242  0.790271  
0.483821  0.290442  2.71979  
0.278339  1.12365  1.7811  
0.0708498  3.45583  0.231221  
1.16592  0.272252  0.818223  
1.63627  0.0490493  0.745898  
0.114619  0.155386  4.75013  
0.154573  2.44375  0.60584  
0.403442  0.0706283  3.63224  
1.22343  0.344318  0.597185  
0.0809509  0.210939  4.69407  
0.644959  1.19859  0.158469  
1.38822  0.180846  0.360069  
0.105526  0.328471  4.2946  
0.088657  1.60808  2.41357  
0.528434  0.0664269  3.21305  
1.29824  0.371306  0.101817  
0.141322  3.0865  0.0844779  
0.151908  2.71737  0.279152  
1.06043  0.448338  0.593298  
0.0558211  3.44292  0.341367  
1.62516  0.0485561  0.833945  
0.753102  1.11419  0.141586  
0.518396  1.23969  0.632672  
0.27323  1.04456  1.88527  
0.283265  0.192668  3.52052  
0.0717209  2.92644  0.644354  
0.954012  0.386365  0.89681  
0.0781745  2.64192  0.974138  
0.285814  0.749945  2.43825  
0.202406  0.278941  3.86249  
0.161941  2.58559  0.334821  
0.220607  0.144131  3.81425  
0.0610827  0.399994  4.46069  
1.08977  0.0605874  1.92928  
1.1345  0.459512  0.190681  
0.240467  1.4366  1.46577  
0.201253  0.117311  4.04755  
0.384284  1.90399  0.292072  
1.21474  0.411572  0.145275  
0.0808467  0.321121  4.50623  
0.307909  0.417561  2.81236  
0.214215  2.50937  0.101695  
0.600998  1.06863  0.620483  
0.775312  1.00822  0.242009  
0.0908421  2.15721  1.29271  
0.930082  0.0597976  2.318  
0.207253  2.33104  0.446405  
1.26031  0.303479  0.630107  
0.148049  0.710325  3.24826  
0.227539  1.95484  0.987103  
0.192593  0.206419  4.10292  
0.226893  2.06946  0.719565  
0.651039  0.607314  1.38804  
0.211782  0.105932  4.06644  
0.0667665  0.0625478  5.44048  
0.24335  2.14017  0.389324  
0.472437  1.65672  0.0903404  
0.130755  1.69952  1.74789  
1.05428  0.445978  0.703106  
0.130658  3.12553  0.09939  
0.309844  0.34842  3.02459  
0.416004  0.54186  2.28853  
0.698862  0.521017  1.40354  
1.14499  0.204174  1.28911  
0.599931  0.323044  2.23582  
0.635846  1.29577  0.179469  
0.240522  0.239109  3.54528  
0.94185  0.0973391  2.26677  
0.102481  1.08225  2.65797  
0.254212  0.366253  3.12015  
0.588404  1.2862  0.35277  
0.377305  0.140139  3.36603  
0.180616  2.62443  0.274468  
0.462802  1.77657  0.15551  
0.118448  2.45945  0.769961  
1.4081  0.24674  0.169825  
0.813127  0.258339  1.77347  
0.648504  0.0648179  3.04629  
1.48869  0.0945214  0.742291  
0.199944  1.25032  1.99768  
0.0628267  2.05261  1.73433  
0.502386  1.47592  0.261555  
0.983532  0.0569491  2.14863  
0.283582  2.27713  0.0715105  
0.850432  0.37763  1.23676  
0.104646  2.51749  0.836241  
0.638484  0.61388  1.26955  
0.122171  0.111406  4.79486  
0.23335  2.43375  0.12888  
0.925419  0.0686983  2.37581  
0.404224  1.58925  0.650872  
0.0573989  2.16569  1.91187  
0.357684  1.82047  0.465546  
0.608042  1.39739  0.0940309  
0.083341  0.474299  3.91832  
0.168749  0.653601  3.1522  
0.0703905  0.329761  4.35102  
0.211236  0.156108  3.79655  
0.164762  1.35092  1.98886  
0.103821  3.20239  0.0585496  
0.617106  0.446424  1.81419  
0.0996933  2.90218  0.421168  
0.325683  2.06147  0.304459  
0.0506517  3.1837  0.819328  
1.26041  0.0563268  1.61584  
0.089964  0.0680215  5.33721  
0.118822  0.209772  4.39394  
0.139165  0.820524  3.07438  
0.138598  0.425629  3.71691  
0.0489574  1.7976  2.32818  
0.72047  0.671284  1.03857  
0.14094  0.743911  3.10194  
0.76434  0.529566  1.16974  
0.0676151  1.46061  2.47808  
0.234636  0.610946  2.89155  
1.40063  0.059303  1.04307  
1.03416  0.213344  1.37652  
0.456535  0.163972  2.99439  
0.194488  1.44544  1.60704  
0.68359  0.410783  1.62149  
0.508501  1.27852  0.501927  
0.873084  0.591336  0.68222  
0.0948473  1.17746  3.09928  
0.0542318  3.4093  0.448931  
0.130332  0.263767  4.02081  
0.0965104  0.55732  3.64898  
0.390777  0.421303  2.60094  
0.162501  2.49225  0.486618  
0.999896  0.585537  0.468864  
1.44742  0.161464  0.534074  
0.544963  0.567886  1.85803  
0.109747  0.907828  2.95624  
0.314355  0.300401  3.14026  
0.120616  2.18618  1.15888  
0.920883  0.324993  1.28576  
0.188081  2.58936  0.279665  
0.362655  1.57265  0.750304  
0.0850589  0.132792  4.84739  
0.317388  1.56019  1.0616  
0.247407  1.11293  1.92662  
0.355445  1.03396  1.52923  
0.976601  0.121876  1.90543  
0.267792  1.3788  1.3352  
1.42094  0.194163  0.25786  
0.793323  0.34305  1.5145  
0.0765642  0.584109  3.90176  
0.0944573  2.08304  1.39811  
0.212314  0.0660569  4.31374  
0.417078  1.52047  0.739812  
0.219594  0.157214  3.76403  
0.485541  0.783828  1.5532  
0.117914  0.252079  4.40989  
1.76774  0.066517  0.172779  
1.3964  0.245863  0.213558  
0.103157  2.88629  0.674099  
0.160184  1.96664  1.34073  
0.850145  0.485541  0.84243  
0.369087  1.72448  0.348866  
0.777693  0.475309  1.29406  
0.168628  2.04261  0.858226  
0.78839  0.473157  1.23081  
0.366912  0.132035  3.50721  
0.233935  0.355078  3.33307  
0.441376  0.796275  1.56675  
1.41193  0.15927  0.553591  
0.276413  0.151109  3.66463  
1.33538  0.397712  0.0970916  
0.40107  0.996156  1.36061  
0.142209  2.41359  0.682953  
0.746372  0.152585  2.37071  
0.373782  0.449069  2.79294  
0.255447  0.183881  3.7542  
0.219186  1.08653  2.29323  
0.0987754  1.05993  3.3397  
0.399481  0.489848  2.34152  
0.341142  1.69314  0.535008  
0.230941  2.35748  0.211604  
0.117341  1.58114  2.13682  
0.17598  0.306749  3.6891  
0.208494  2.60672  0.11199  
0.580312  1.32815  0.322712  
0.431065  1.14033  1.08611  
0.171985  0.317591  3.78282  
0.102112  3.03264  0.178211  
0.969469  0.106742  2.25487  
0.175152  0.696815  3.00391  
0.374527  1.48663  0.777564  
0.314149  2.20141  0.117653  
0.133043  2.76626  0.464697  
0.517473  1.07754  0.966948  
0.115015  0.0854905  4.90711  
0.265867  2.37387  0.079291  
0.648571  0.215616  2.62404  
0.303298  1.76581  0.679839  
0.654158  0.192989  2.47432  
0.185257  2.62929  0.143359  
0.352263  1.31728  1.21058  
0.327107  0.722197  2.11444  
0.71059  1.01759  0.433789  
1.78944  0.0418367  0.498373  
0.824862  0.611879  0.825164  
0.388427  0.825277  1.7149  
1.11625  0.327279  0.65633  
0.252049  1.001  1.95697  
0.656011  0.559753  1.47403  
0.186975  0.913631  2.48527  
0.0965651  0.440355  3.96256  
1.00534  0.273621  1.4102  
0.131956  1.18693  2.38915  
0.0969265  1.35619  2.67659  
1.63189  0.0667552  0.606793  
0.386013  0.0873213  3.59615  
0.406735  1.94366  0.244049  
0.110073  0.525625  3.61494  
0.271763  0.152634  3.68351  
1.7918  0.0671371  0.148557  
0.206468  0.198898  4.02803  
0.110791  1.60784  2.01049  
0.151215  1.57935  1.70434  
0.452671  1.89409  0.140414  
0.529591  0.410541  2.16179  
0.702371  0.657876  1.0796  
0.424614  0.106305  3.35275  
0.0665927  0.698529  3.5545  
0.691688  0.349005  1.80516  
0.257237  0.269526  3.42091  
0.272275  0.439402  2.97762  
0.20101  2.42118  0.335304  
1.1152  0.2357  1.00839  
0.0955418  0.582657  3.61114  
0.921946  0.2648  1.69175  
0.141807  1.53176  1.99945  
0.186819  1.80403  1.32551  
0.628846  0.384931  1.80814  
0.0894635  3.08099  0.264016  
0.492221  1.56353  0.125028  
0.306724  1.02582  1.84125  
0.889021  0.633206  0.432393  
0.828807  0.147503  2.16715  
0.353364  0.802975  2.03918  
0.614709  1.01664  0.670146  
0.190797  1.76218  1.25609  
0.665995  0.345693  1.98498  
0.32683  1.61867  0.813557  
0.379443  0.346123  2.86604  
0.144199  0.05925  4.76693  
1.13027  0.0888398  1.89451  
0.203012  0.603759  2.91084  
1.34189  0.179932  0.613074  
0.485195  0.919903  1.25085  
1.38151  0.293502  0.0605107  
0.408458  1.66911  0.358652  
0.560048  0.132448  3.01209  
0.946986  0.114628  1.97304  
0.50169  1.13695  0.912364  
0.060927  1.78556  2.35895  
1.16845  0.44427  0.191453  
1.53946  0.155067  0.253767  
0.412711  0.685363  1.8557  
0.166722  0.136942  4.25218  
1.28028  0.143303  0.753626  
0.111572  1.26183  2.60798  
0.0881825  0.153078  4.78053  
0.874339  0.702141  0.524292  
0.276514  1.20608  1.53951  
0.740442  0.493834  1.45036  
1.17434  0.0723857  1.46722  
0.285091  2.22705  0.0654637  
0.688468  0.928973  0.501033  
0.485251  1.28756  0.685808  
0.37968  0.613334  2.05194  
0.866966  0.654624  0.766222  
0.579279  1.40745  0.139386  
1.00913  0.315868  1.16075  
0.173218  2.75659  0.0831988  
0.172263  1.30676  1.96755  
0.506235  0.907417  1.24271  
0.137281  2.9197  0.185838  
0.353661  0.0691354  3.93753  
0.338457  0.361816  2.96754  
0.996752  0.306922  1.21865  
0.312601  1.25955  1.26371  
0.189775  0.805371  2.87302  
0.568414  0.779315  1.41945  
1.52799  0.106937  0.395394  
0.507316  1.13417  0.714524  
0.944216  0.543278  0.501667  
0.119187  2.12642  1.31968  
0.319415  1.26959  1.21155  
0.544118  0.582905  1.75638  
1.69225  0.062153  0.555943  
0.762394  0.712175  0.703853  
0.616326  0.218026  2.51516  
0.342671  0.705137  2.14154  
0.575805  0.876885  1.2038  
0.1285  0.928135  2.90348  
0.382102  0.81392  1.72292  
0.0820895  2.12968  1.33353  
0.70603  0.21223  1.87005  
0.341354  1.78605  0.514528  
0.866896  0.28801  1.46962  
0.94919  0.337202  0.957148  
0.831498  0.286014  1.56177  
0.249634  1.88269  0.949463  
0.0995702  3.25501  0.0689046  
0.525195  0.0766697  3.45588  
0.296296  2.1391  0.156178  
0.54796  1.14782  0.685582  
0.142633  2.37659  0.713594  
0.95592  0.772367  0.111135  
0.20257  0.0710848  4.6594  
0.167377  1.43923  1.73879  
0.459485  1.3797  0.63313  
0.481687  0.302128  2.77092  
1.54286  0.139065  0.217916  
0.207285  0.958066  2.41052  
1.37263  0.306244  0.201693  
1.06008  0.0634611  1.99248  
0.209097  1.54161  1.37839  
0.114832  0.206752  4.48245  
0.607895  0.0935031  3.08628  
0.255634  2.09343  0.459591  
1.41797  0.0775434  0.953666  
0.372909  2.0363  0.142018  
0.700986  0.422717  1.58203  
0.574119  0.66776  1.45999  
0.205317  1.45276  1.51855  
0.557595  0.221634  2.64583  
0.215653  2.11195  0.644226  
1.149  0.500644  0.0613887  
0.0807706  3.18902  0.333761  
0.112816  1.70996  1.92019  
0.251818  2.3987  0.125187  
0.15212  0.164105  4.22308  
0.288642  2.18008  0.286988  
0.677022  1.09222  0.336114  
0.605522  1.06153  0.607573  
1.0521  0.449146  0.684273  
0.566086  0.317762  2.50979  
0.418941  0.406454  2.44542  
0.747949  0.491735  1.21675  
0.347587  0.13696  3.46641  
0.0973134  2.32982  1.17936  
0.108316  0.844944  3.05575  
0.307942  1.47928  1.16313  
