1.00806e-005  3.02026e-012  6.0273  
0.88696  0.64084  3.851  
5.59174e-013  0.882  4.32838  
0.0373708  0.88969  4.29409  
0.858268  0.858901  2.61489  
9.85699e-006  0.0091276  6.3105  
0.623069  0.72714  4.50683  
0.282255  0.744356  4.34672  
0.741927  0.289976  4.37026  
0.700428  0.627507  4.68156  
6.62199e-006  0.0428443  6.18242  
0.880265  0.63707  3.86494  
0.207236  0.645194  5.08524  
0.0238715  0.0042847  5.96692  
0.0432475  0.141975  5.66113  
0.752457  0.792472  3.17931  
0.263489  0.690749  4.72929  
0.800145  0.798271  2.8856  
0.758201  0.776683  3.2305  
0.632517  0.706757  4.60064  
0.679031  0.8521  3.57305  
0.0770867  0.0402141  5.81769  
0.758201  0.870873  2.97915  
0.855641  0.754727  3.00206  
0.12817  0.0576558  5.66535  
0.182758  0.117096  5.4155  
0.108405  0.748655  4.52809  
0.00983916  0.736887  4.92645  
0.105422  0.70905  4.82387  
0.274334  0.258263  5.15551  
0.709728  0.865475  3.32196  
0.776521  0.209038  4.15604  
0.673201  0.86842  3.59753  
0.233552  0.288431  5.17266  
0.653566  0.182218  5.06484  
0.206281  0.267359  5.17911  
0.874662  0.682666  3.53252  
0.779265  0.810768  2.93849  
0.716023  0.762514  3.60173  
0.089139  0.072859  5.72667  
0.0480385  0.167463  5.59794  
0.220744  0.828381  3.93125  
0.816446  0.27392  3.95871  
0.748183  0.695395  3.88306  
0.670312  0.0323708  5.2654  
0.243711  0.729606  4.43753  
0.734138  0.171129  4.53731  
0.841793  0.779407  2.85941  
0.230734  0.0385982  5.52917  
0.247191  0.888636  3.91484  
0.754457  0.262877  4.26953  
0.80357  0.763307  3.06282  
0.173802  0.128916  5.40338  
0.0614158  0.139432  5.63116  
0.190994  0.236374  5.20157  
0.0820103  0.0112132  5.8502  
0.65531  0.229762  4.99548  
0.73759  0.271213  4.38464  
0.114737  0.843132  4.10192  
0.841474  0.795262  2.78045  
0.808806  0.874785  2.72059  
0.847171  0.0605458  4.22015  
0.638054  0.212015  5.12833  
0.2509  0.654973  4.99144  
0.694683  0.875705  3.44209  
0.075848  0.754251  4.56631  
0.693921  0.776502  3.6862  
0.0832281  0.833336  4.19214  
0.855296  0.714561  3.28198  
0.158107  0.0549519  5.60281  
0.802549  0.848714  2.74094  
0.0191867  0.195977  5.59524  
0.835144  0.751227  3.04279  
0.00713531  0.241505  5.56768  
0.718775  0.790754  3.47309  
0.82775  0.652  3.78564  
0.191003  0.0868269  5.47318  
0.212615  0.654913  5.01209  
0.0926619  0.282712  5.42574  
0.636624  0.203552  5.14654  
0.202034  0.244201  5.19139  
0.68683  0.848919  3.49594  
0.761977  0.113317  4.43098  
0.142598  0.0519572  5.64906  
0.0290218  0.0625577  5.86625  
0.157493  0.154099  5.3806  
0.149867  0.854878  4.01024  
0.697709  0.128567  4.85377  
0.862504  0.774906  2.87243  
0.836471  0.180907  4.02499  
0.668225  0.178506  4.96735  
0.712476  0.220495  4.58861  
0.789037  0.733193  3.32653  
0.742432  0.853391  3.081  
0.851719  0.879243  2.63245  
0.810584  0.0320566  4.35639  
0.0115973  0.0443967  5.92554  
0.280043  0.856052  3.89286  
0.257153  0.787976  4.07032  
0.732976  0.744839  3.63373  
0.821653  0.746915  3.15493  
0.816587  0.667356  3.70593  
0.745267  0.806449  3.16493  
0.706296  0.807601  3.4596  
0.25291  0.108998  5.37254  
0.810814  0.0165568  4.37818  
0.83459  0.773658  2.9843  
0.0404261  0.285604  5.53726  
0.813214  0.803465  2.83536  
0.793387  0.723527  3.38218  
0.00506069  0.770378  4.58609  
0.767925  0.789067  3.09599  
0.0153548  0.741523  4.7603  
0.62836  0.706757  4.6267  
0.658824  0.0363318  5.34208  
0.145894  0.0672621  5.61616  
0.000631324  0.011066  5.98779  
0.00736152  0.765954  4.65629  
0.835248  0.802192  2.75997  
0.702107  0.269773  4.64625  
0.197207  0.278017  5.19773  
0.768592  0.778711  3.147  
0.178052  0.71525  4.61385  
0.65045  0.16995  5.11013  
0.0543934  0.263432  5.51698  
0.241645  0.735265  4.39685  
0.671185  0.193044  4.94845  
0.749309  0.858226  3.03185  
0.749596  0.808923  3.12648  
0.166945  0.0824831  5.52625  
0.148645  0.0592828  5.61523  
0.169724  0.223318  5.24726  
0.13561  0.090195  5.5774  
0.186272  0.217431  5.22446  
0.0238715  0.0230429  5.94404  
0.875307  0.68571  3.50929  
0.876  0.173753  3.97171  
0.0572843  0.2214  5.50064  
0.646397  0.634248  5.03577  
0.268742  0.199367  5.1887  
0.643898  0.158461  5.18639  
0.117766  0.191148  5.40003  
0.71543  0.76541  3.58833  
0.226278  0.670205  4.89062  
0.0981271  0.651575  5.3093  
0.80824  0.84257  2.81715  
0.806532  0.790472  2.91133  
0.664174  0.205422  4.98265  
0.66396  0.847792  3.66749  
0.106463  0.677947  5.05511  
0.266564  0.125786  5.33622  
0.763833  0.19207  4.25223  
0.871643  0.703035  3.37429  
0.845375  0.701453  3.38809  
0.668225  0.668716  4.64095  
0.215409  0.684297  4.79536  
0.66274  0.248566  4.93569  
0.718129  0.0992769  4.76823  
0.125463  0.213606  5.35564  
0.658332  0.884261  3.72572  
0.0923716  0.204137  5.46302  
0.830398  0.742128  3.1135  
0.698892  0.189731  4.71754  
0.78703  0.6853  3.73577  
0.722276  0.0608127  4.87463  
0.854429  0.844863  2.62401  
0.823342  0.799494  2.80243  
0.723974  0.837842  3.24156  
0.0807619  0.861873  4.17113  
0.68269  0.8521  3.54738  
0.178402  0.790902  4.12543  
0.805493  0.659531  3.82184  
0.0506773  0.276877  5.51107  
0.162666  0.174663  5.32662  
0.158107  0.0481031  5.62623  
0.00656517  0.706757  5.0263  
0.811462  0.0220386  4.37044  
0.647651  0.84931  3.79956  
0.188187  0.644024  5.12698  
0.834395  0.0911989  4.25503  
0.0025224  0.119869  5.77093  
0.138572  0.693311  4.91156  
0.860603  0.0536961  4.22809  
0.643898  0.046318  5.43693  
0.665647  0.866315  3.65007  
0.738183  0.783609  3.3471  
0.0646152  0.0817073  5.7602  
0.210425  0.687927  4.80655  
0.801163  0.659531  3.84004  
0.860648  0.781754  2.8391  
0.709728  0.069146  4.90171  
0.164114  0.0253195  5.64257  
0.0308387  0.187754  5.58876  
0.838992  0.822883  2.68173  
0.693574  0.164781  4.81007  
0.168645  0.115224  5.44768  
0.66274  0.82648  3.71115  
0.785744  0.650218  3.98494  
0.095791  0.186413  5.50576  
0.797419  0.233122  4.02916  
0.126069  0.699278  4.8561  
0.0704935  0.00801748  5.87837  
0.193765  0.171276  5.27695  
0.812395  0.810663  2.78933  
0.0531737  0.799837  4.40756  
0.659757  0.168879  5.04785  
0.651143  0.122071  5.21224  
0.275865  0.0287574  5.54606  
0.72988  0.814699  3.24564  
0.680904  0.635636  4.78221  
0.873445  0.841825  2.63602  
0.86569  0.131822  4.05226  
0.825943  0.0148552  4.33424  
0.68269  0.161356  4.97306  
0.28061  0.851627  3.89534  
0.0790865  0.0528172  5.79859  
0.0717325  0.00126575  5.88329  
0.838076  0.841825  2.65293  
0.703639  0.0953261  4.88786  
0.722276  0.839039  3.25206  
0.77581  0.0763373  4.73464  
0.15581  0.0817073  5.55116  
0.875307  0.699278  3.40663  
0.0635334  0.0243912  5.87146  
0.815927  0.841287  2.69942  
0.808531  0.0227688  4.46508  
0.0147241  0.145506  5.70483  
0.257153  0.787291  4.07357  
0.623665  0.712095  4.61725  
0.00471439  0.115072  5.78499  
0.025966  0.844382  4.32445  
0.811075  0.664157  3.74935  
0.0855523  0.0642866  5.75472  
0.75485  0.0766058  4.69833  
0.867136  0.812268  2.70189  
0.783168  0.673327  3.8068  
0.652777  0.7231  4.34465  
0.219205  0.699278  4.70409  
0.13368  0.0869787  5.63618  
0.00060342  3.02026e-012  6.00017  
0.0130313  0.0939084  5.85966  
0.684425  0.798476  3.84721  
0.13368  0.046928  5.74159  
0.624096  0.72714  4.50051  
0.721762  0.720889  3.85775  
0.670831  0.866315  3.61274  
0.627852  0.72714  4.47772  
0.816587  0.194257  3.99632  
0.807807  0.70823  3.43292  
0.0341782  0.151993  5.68131  
0.0328536  0.0443778  5.89542  
0.0506773  0.817662  4.30173  
0.824073  0.647604  3.82377  
0.858599  0.686111  3.4971  
0.648903  0.135055  5.20338  
0.634662  0.0153425  5.53706  
0.121601  0.0227688  5.744  
0.0855002  0.717352  4.80983  
0.783687  0.00180042  4.53306  
0.738822  0.19207  4.4183  
0.782444  0.227182  4.10548  
0.838992  0.829469  2.66512  
0.172463  0.224214  5.2403  
0.72988  0.872187  3.17704  
0.721164  0.214272  4.61681  
0.834931  0.824972  2.68338  
0.114822  0.250654  5.36366  
0.245783  0.654973  5.01155  
0.0380471  0.013125  5.93488  
0.821954  0.833485  2.71272  
0.210294  0.67266  4.91836  
0.700937  0.287484  4.66951  
0.171129  0.690137  4.81837  
0.22255  0.714539  4.5699  
0.706296  0.713902  4.16213  
0.0232179  0.0716545  5.85638  
0.138572  0.801748  4.28186  
0.751747  0.786159  3.23805  
0.795828  0.218092  4.05211  
0.161834  0.0133654  5.66253  
0.749596  0.806047  3.26581  
0.0645225  0.101958  5.71492  
0.0506773  0.847959  4.24074  
0.23787  0.749734  4.2977  
0.869011  0.701453  3.38408  
0.825208  0.124947  4.18368  
0.270621  0.211853  5.17411  
0.272976  0.689371  4.74829  
1.00806e-005  0.0716824  5.91079  
0.75687  0.744694  3.46164  
0.704942  0.835403  3.37634  
0.690749  0.629839  4.73962  
0.811075  0.664153  3.75543  
0.778911  0.119869  4.32069  
0.0688939  0.106965  5.69382  
0.2015  0.25439  5.18628  
0.215971  0.630467  5.17294  
0.224608  0.786218  4.08892  
0.155157  0.122071  5.49812  
0.818966  0.127054  4.12677  
