0.042611  0.0522422  5.55011  
0.0735737  0.0484545  5.22008  
0.215169  2.46998  0.0527967  
0.0432077  0.0484633  5.64602  
2.05044  0.0611085  0.0694266  
0.0510781  4.00507  0.0667739  
0.0435089  3.75442  0.107435  
0.0578313  3.96146  0.0584691  
0.0515227  3.65777  0.214093  
1.89105  0.0769154  0.11904  
0.0587653  3.73166  0.164566  
1.93017  0.0719823  0.0664082  
2.02714  0.0662094  0.0729498  
2.00799  0.0710037  0.0780229  
0.186779  2.71097  0.160723  
1.87955  0.0726844  0.16006  
1.95451  0.0595307  0.179818  
0.760344  0.13172  2.20678  
0.0763962  2.66543  1.32804  
0.138308  2.43219  0.628416  
0.0562556  3.62027  0.241345  
0.736415  0.100854  2.63019  
0.0558599  0.0809306  5.27304  
0.0534736  2.97774  1.09256  
1.85657  0.055659  0.22432  
1.35445  0.153931  0.791894  
0.123114  0.127478  4.40885  
1.96776  0.064953  0.139315  
0.0460865  0.0644502  5.4791  
0.0783144  2.90829  0.456206  
0.0701554  3.60064  0.0584931  
0.32129  0.536021  2.87017  
0.0897676  2.87618  0.734592  
0.129185  2.78298  0.456573  
0.995861  0.687063  0.324919  
0.0474557  0.0710301  5.43154  
1.98921  0.0610883  0.0886566  
0.130848  2.73371  0.266767  
0.077257  0.0798905  4.93536  
0.0537298  2.93119  1.11523  
0.118301  2.54448  0.869413  
0.0498261  3.47194  0.346865  
0.0894216  0.211289  4.63025  
0.084288  0.111177  4.73092  
0.154519  0.122731  4.32707  
0.105419  2.95238  0.212389  
0.0508285  0.0925653  5.32083  
1.93533  0.0665666  0.122848  
0.255666  0.085569  4.27934  
0.055984  0.0732454  5.34453  
0.144318  2.56654  0.527119  
0.106084  1.98323  1.55818  
1.29769  0.322183  0.430703  
0.169828  2.12242  0.961758  
0.410193  1.76491  0.357659  
0.0787316  3.32774  0.286821  
0.121233  0.283813  4.07759  
0.0639258  0.119009  4.99666  
0.1243  0.196291  4.16327  
0.084903  3.35831  0.23437  
0.197365  1.22474  2.08229  
1.62077  0.121147  0.445685  
0.305854  0.174746  3.82458  
0.0709235  0.127693  4.68262  
0.0522481  3.97774  0.0630838  
0.0594557  3.53865  0.0630777  
0.0464416  3.50007  0.541105  
0.469719  1.80061  0.119481  
0.181165  0.97531  2.32602  
0.289511  0.867399  2.01845  
0.0729681  3.56825  0.058087  
1.98125  0.063466  0.128357  
0.0808794  1.06125  3.22621  
1.84071  0.085367  0.0683318  
0.0615301  0.245887  4.46139  
0.983659  0.463688  0.863473  
0.772297  1.03362  0.0727759  
0.07945  3.45063  0.0802727  
0.0545883  0.061859  5.50944  
0.978142  0.152294  1.70655  
0.179898  2.32017  0.595733  
0.0854317  2.17824  1.63075  
0.077759  2.00417  1.92385  
0.0651508  3.38923  0.349586  
1.5884  0.19166  0.0956255  
1.10358  0.089636  1.94384  
0.062554  3.4293  0.33234  
0.228059  2.30275  0.332677  
0.634256  1.06959  0.61412  
1.36742  0.279418  0.244074  
0.0452071  0.0982127  5.1336  
0.519626  0.44594  2.2665  
0.0472797  0.0714775  5.38911  
0.185833  2.58696  0.229214  
0.271562  0.545774  2.68027  
1.41702  0.0783196  1.23851  
0.422793  1.08737  1.25222  
0.254113  0.633064  3.00044  
1.69821  0.13094  0.0827325  
0.172036  2.51573  0.501639  
0.0974624  1.24406  2.72792  
0.109602  2.85844  0.423797  
1.76141  0.087666  0.371533  
1.42978  0.148959  0.651116  
1.82817  0.0579668  0.490514  
0.0985122  3.04782  0.429219  
0.224633  2.39431  0.2492  
0.296993  0.199227  3.51911  
1.6644  0.147392  0.0674228  
0.45349  1.22078  0.953631  
0.0486867  3.55976  0.340787  
1.77198  0.0872924  0.345026  
0.0918725  3.30133  0.0559587  
0.196071  1.95583  1.14647  
0.0571156  0.226997  4.66436  
0.0555777  3.1557  0.624003  
0.956432  0.129732  1.81246  
0.100997  3.00062  0.323191  
0.045756  0.114892  5.02664  
0.0837144  3.51483  0.0661226  
1.60575  0.169549  0.080534  
1.07718  0.606669  0.217358  
1.39062  0.133111  0.705264  
0.160076  0.823643  2.78272  
1.03582  0.675008  0.118503  
1.27706  0.080469  1.51019  
0.13194  0.43615  3.89327  
0.187602  0.957894  2.48387  
0.2552  1.93695  0.885213  
0.147196  1.01033  2.39365  
1.7463  0.0726969  0.407649  
1.51336  0.178286  0.353529  
1.57288  0.0845275  0.768505  
1.40558  0.268025  0.200925  
0.142685  0.0868457  4.59668  
1.31235  0.293409  0.458175  
0.0641502  3.07551  0.891423  
1.50088  0.127891  0.939983  
1.56225  0.1022  0.578955  
0.11389  0.368297  3.96784  
0.371275  0.5082  2.33807  
0.169668  0.997092  2.61119  
0.47608  0.367706  2.31125  
0.0536429  0.0880695  5.2357  
1.79234  0.0692172  0.431994  
0.804523  0.588162  0.920573  
0.100029  2.81298  0.627606  
0.134477  3.02884  0.0868435  
0.0786594  2.19013  1.58665  
0.129053  0.518609  3.6144  
0.445078  1.4392  0.666951  
0.81003  0.341612  1.64339  
0.207898  0.359276  3.30954  
0.241453  1.47901  1.44116  
0.0650804  0.187175  4.79695  
0.0563525  0.095454  5.1928  
1.68699  0.125316  0.169624  
0.608464  0.736648  1.27111  
0.433169  1.56185  0.679915  
0.259931  0.244238  3.49649  
0.479695  1.71848  0.106716  
0.179147  0.66762  2.90444  
0.893475  0.784102  0.376624  
1.06974  0.11636  1.48991  
0.0512744  3.40827  0.397599  
0.341865  0.454952  2.81424  
0.300294  0.317961  3.37274  
0.0712816  3.27483  0.361252  
1.54179  0.131962  0.545366  
0.568447  0.616762  1.72182  
1.7328  0.0784667  0.374004  
0.0705306  0.0711017  5.06897  
0.0809764  1.41421  2.66699  
0.247107  2.38832  0.178681  
0.357952  0.428725  2.74868  
0.285767  0.980081  1.86137  
0.851727  0.917605  0.0786527  
0.0944657  3.26038  0.0980386  
0.543892  0.130415  3.12569  
0.0546465  0.332216  4.23676  
0.659717  0.139349  2.586  
1.46845  0.191851  0.346805  
0.129538  0.0779522  4.86319  
0.272228  0.279422  3.45618  
0.044681  0.167672  4.84137  
0.130964  0.14304  4.38493  
0.0760863  0.078428  5.05779  
0.157792  2.79655  0.0606816  
0.135894  2.10307  1.20812  
0.0664687  3.34429  0.407007  
0.945406  0.731261  0.287702  
0.0927855  0.428747  4.0419  
0.94178  0.230503  1.42736  
1.39944  0.225892  0.329044  
0.166275  2.34059  0.798784  
1.62884  0.134288  0.32206  
1.75217  0.0995881  0.184646  
0.42884  0.757273  1.73559  
0.139473  1.43299  1.86935  
0.416915  1.40018  0.688607  
0.650757  0.83963  0.773908  
0.332247  1.54604  0.792233  
0.936412  0.463098  1.00451  
0.114868  2.07721  1.49846  
0.611342  0.511879  1.47284  
0.0981931  2.52136  1.0252  
0.191832  0.377792  3.60664  
0.0688546  0.0740145  5.10691  
0.237103  2.20586  0.418934  
0.107528  0.195682  4.26094  
0.406854  1.84152  0.250102  
1.04381  0.131822  1.66025  
0.101642  3.01429  0.310835  
0.538728  0.141285  3.10109  
1.34405  0.277289  0.362727  
0.647739  1.30072  0.118025  
0.49018  0.50921  2.07113  
0.0821747  1.89023  1.97705  
0.619135  0.799329  1.19293  
0.762082  0.238496  2.16686  
0.673421  0.933127  0.591938  
0.156086  0.225207  4.01519  
0.972284  0.475404  0.816834  
0.366434  0.334887  3.05789  
1.67932  0.115453  0.25406  
1.09753  0.229664  1.04119  
0.814731  0.121475  2.46761  
0.0820846  3.29211  0.280331  
0.135866  2.35403  0.902609  
0.160248  0.293777  3.91492  
0.239749  0.889528  2.38924  
1.05719  0.555652  0.290929  
0.0799089  1.65512  2.33786  
0.419872  0.231778  3.15487  
1.80715  0.0654909  0.365441  
0.203628  1.99829  0.873695  
0.869154  0.409093  1.36868  
0.464718  1.58053  0.443707  
0.398277  0.110344  3.56761  
0.360555  1.63979  0.717243  
0.820116  0.576376  0.93264  
0.0493111  3.21632  0.549271  
0.701321  1.07706  0.274998  
0.497299  0.269923  2.54767  
1.81195  0.102002  0.0774914  
1.11364  0.306346  0.914502  
1.01392  0.118482  1.69285  
0.378929  0.820957  1.89353  
0.527266  1.27572  0.657823  
0.183848  0.532593  3.25909  
0.0544408  0.0536784  5.53941  
1.33874  0.108723  1.04858  
0.18834  0.417983  3.39151  
0.170944  2.05083  1.09522  
0.117083  1.73293  1.81524  
0.504935  0.0904609  3.24587  
0.0628465  0.228457  4.53673  
1.21084  0.153703  1.16885  
0.511013  1.60718  0.254769  
0.0917615  0.101538  4.81962  
0.267285  1.6862  1.08048  
1.79827  0.0963633  0.111749  
0.063311  0.245712  4.47131  
0.120648  3.13813  0.0661324  
0.37779  1.70418  0.509117  
0.0963142  2.14852  1.64811  
1.42468  0.263537  0.196651  
0.326845  2.03701  0.261644  
0.406386  0.0967603  3.64312  
1.64742  0.100843  0.443224  
0.412633  0.52832  2.28067  
1.45077  0.269168  0.0883073  
0.624819  0.432251  1.96351  
0.375232  0.138601  3.68904  
1.00693  0.728809  0.093159  
0.0843716  3.06256  0.40828  
0.863532  0.396975  1.37782  
0.0592974  0.165335  4.88924  
1.60726  0.139807  0.383993  
0.309619  0.30687  3.42312  
0.687019  0.83204  1.10566  
1.51664  0.195044  0.2376  
1.21876  0.137951  1.28448  
1.4956  0.0819437  1.10877  
0.0563894  0.0668075  5.40301  
0.769357  0.526837  1.29282  
0.607041  0.11917  2.77229  
0.135108  0.715668  3.05343  
0.596371  0.208562  2.40468  
0.127069  1.73944  1.61907  
0.091333  2.84223  0.733565  
0.176421  2.09859  0.84916  
0.920947  0.346108  1.41009  
0.356792  2.13897  0.100091  
1.0734  0.596291  0.266393  
1.48418  0.12965  0.763136  
0.0937698  3.24443  0.145019  
1.08568  0.126903  1.39321  
1.72088  0.10322  0.265347  
0.302802  0.113981  3.86053  
0.858383  0.713407  0.538293  
0.279443  0.339621  3.40172  
1.8505  0.0848241  0.187245  
0.151213  2.36744  0.830498  
0.0605395  3.19701  0.601846  
0.390176  0.130891  3.54768  
0.361092  1.41439  0.974406  
0.13185  0.191202  4.19527  
0.551102  0.219936  2.97035  
0.331156  0.269631  3.27955  
0.0589077  2.63135  1.41806  
0.0601952  0.225794  4.76971  
0.0832489  0.248592  4.13437  
1.14921  0.386837  0.637441  
0.307705  0.104623  3.94062  
0.272683  1.81916  0.804262  
0.602395  0.684279  1.38967  
1.52641  0.188686  0.308331  
1.55217  0.228671  0.0844602  
0.679157  0.878687  0.622231  
0.0646389  2.49038  1.33362  
0.64459  1.33712  0.302023  
0.336278  1.35251  1.31063  
1.28899  0.40817  0.195827  
0.0942097  3.09448  0.296259  
0.488007  1.51351  0.449831  
0.3875  0.254109  3.02778  
0.11531  0.460261  3.85977  
0.589336  0.15698  2.93309  
0.109735  2.1628  1.46359  
1.26771  0.27669  0.640008  
0.384069  0.237065  3.18769  
0.166282  1.60354  1.54413  
0.391732  0.117266  3.70779  
0.204489  2.60111  0.0867219  
0.576638  0.901671  1.17923  
0.885935  0.729578  0.434798  
1.70795  0.0916528  0.371019  
0.0547186  3.11169  0.63625  
0.233656  2.20811  0.551326  
0.18947  2.73341  0.121173  
0.258688  1.66253  1.21035  
0.840773  0.171765  1.82982  
0.339443  1.69681  0.659593  
0.926581  0.293371  1.41927  
1.71093  0.124031  0.16176  
0.0615368  0.241664  4.50363  
0.162853  0.214249  3.98896  
0.63145  1.37892  0.118475  
0.412067  1.28435  1.13537  
0.598398  1.34801  0.305508  
1.24761  0.324962  0.511532  
1.0482  0.334556  0.900347  
0.153495  2.22358  0.981368  
0.584283  0.0913672  2.94858  
0.354735  1.21115  1.30355  
1.15689  0.349931  0.677703  
0.877631  0.362199  1.32998  
0.363519  1.67679  0.638668  
0.18056  2.3785  0.582371  
0.292555  0.0846621  4.10219  
0.220678  1.72343  1.3425  
0.378373  0.746269  1.98366  
1.63567  0.164209  0.134608  
0.1077  1.88204  1.56992  
1.24176  0.439632  0.0907996  
1.44243  0.124732  0.97119  
0.215956  1.80143  0.995749  
0.125543  2.64852  0.676625  
1.12718  0.285007  0.859163  
1.64031  0.0962633  0.495398  
0.908779  0.673434  0.543246  
0.416065  1.825  0.0710628  
1.44085  0.223499  0.322995  
0.111471  3.17329  0.166814  
1.2067  0.441012  0.347622  
0.132901  0.907584  2.85066  
0.140547  1.1241  2.49002  
0.0964621  1.56896  2.12849  
0.17041  0.147854  4.21205  
0.177312  1.19795  2.10092  
0.313666  0.332333  3.1438  
1.5847  0.14109  0.256606  
0.110976  1.49354  2.0998  
1.47466  0.0723836  1.22803  
0.643042  1.10888  0.463206  
0.901264  0.80709  0.174146  
0.142518  0.647426  3.2053  
1.06437  0.483484  0.750405  
0.783584  0.990194  0.130144  
0.548509  0.477133  1.95803  
0.0998089  2.2887  1.12806  
0.364077  0.793341  2.13789  
0.0515124  0.259656  4.5057  
0.649198  1.00318  0.84297  
0.470411  0.100268  3.4204  
1.14443  0.0887379  1.6807  
0.156838  2.27916  0.9303  
0.209179  0.767467  2.84493  
1.31663  0.257237  0.47471  
0.351279  1.18562  1.33485  
0.692842  0.729462  1.06039  
1.78143  0.0889903  0.209057  
1.15891  0.194583  1.15514  
0.0507795  3.12811  0.714851  
0.831908  0.273112  1.67271  
1.57702  0.220202  0.0968231  
0.146368  0.330491  3.72367  
0.31556  0.585372  2.55357  
0.0568038  0.0951228  5.16325  
1.25401  0.121721  1.24376  
0.546049  0.512144  1.99368  
0.432118  0.425589  2.58471  
1.13048  0.328557  0.850313  
0.0784042  3.19253  0.400066  
0.194113  1.13122  2.1933  
0.615095  0.472194  1.79472  
0.344293  0.72229  2.18387  
0.102486  2.82939  0.558386  
0.970303  0.109307  2.24364  
0.563073  0.324886  2.37538  
0.257982  1.11754  2.03739  
0.554332  0.0958708  2.97963  
0.206601  0.232789  3.79529  
0.731709  0.140949  2.22833  
0.274927  0.222631  3.64927  
1.17608  0.181953  1.06589  
0.375674  0.927991  1.64952  
1.06044  0.117441  1.52421  
0.319906  2.06357  0.348983  
0.229734  2.44934  0.142988  
0.219128  2.34358  0.393358  
0.43567  0.723401  1.77836  
0.622109  0.0886685  2.83027  
0.126006  1.46341  1.87171  
0.836743  0.0882349  2.645  
0.226123  0.853938  2.51698  
0.105949  2.46525  0.928414  
0.870223  0.551402  0.797214  
0.848984  0.118101  2.35788  
0.311949  0.62142  2.53593  
0.834582  0.710261  0.702033  
1.16352  0.278227  0.93686  
1.02253  0.697508  0.104717  
1.2646  0.396732  0.207455  
0.0826379  0.85434  3.24673  
0.676191  0.809478  1.16195  
0.160236  0.694166  3.07831  
0.263397  2.16741  0.552618  
0.294671  0.245538  3.47943  
0.895377  0.307533  1.57992  
0.39946  0.158091  3.17115  
1.65467  0.140501  0.108246  
0.0804517  1.86737  2.30598  
0.0980652  1.50244  2.15047  
0.106105  0.173387  4.36885  
1.20051  0.390998  0.455095  
1.17771  0.413207  0.482716  
0.252181  0.214364  3.75346  
0.69735  0.759748  0.94092  
0.57073  0.432613  2.06549  
0.0886537  0.816606  3.7339  
0.22441  0.431507  3.03006  
0.323826  1.61911  0.823129  
0.309318  2.2528  0.109313  
0.0879355  2.47594  1.09853  
1.38225  0.15334  0.911553  
1.13676  0.160141  1.17323  
0.0514422  0.111756  5.00442  
0.0661747  0.0658612  5.168  
0.680653  0.251567  2.29882  
0.0618739  3.39773  0.462147  
1.02859  0.665507  0.154073  
0.45928  0.467009  2.42357  
0.0477403  3.22472  0.571299  
0.933307  0.253232  1.35291  
0.174695  1.48711  1.79432  
0.796317  0.802893  0.736461  
0.437604  0.653968  2.19817  
0.292918  0.0937958  3.99711  
1.32621  0.267308  0.40227  
0.933649  0.207297  1.60059  
0.0611499  0.319441  4.3437  
1.32193  0.0864591  1.22413  
1.82234  0.0646933  0.361103  
0.0916444  1.92216  1.72914  
1.33316  0.169328  0.924931  
0.719724  0.943081  0.524271  
0.963278  0.573003  0.538049  
0.250096  0.903414  2.26857  
0.122151  0.753671  3.27207  
0.107839  0.849986  2.93502  
0.102602  1.36661  2.43923  
0.135976  0.115574  4.35479  
0.0667232  1.68442  2.4656  
0.0820097  1.92031  1.78575  
0.133282  1.32448  2.13608  
0.0836735  1.9524  1.76739  
0.718265  0.644431  1.02575  
0.359191  1.31224  1.22569  
0.382093  1.11708  1.40108  
0.864816  0.657421  0.794564  
0.841075  0.276776  1.59395  
0.355979  1.09674  1.76766  
0.315362  2.23646  0.0922583  
0.172519  0.17669  4.03684  
0.256856  0.186146  3.66769  
1.11493  0.454295  0.469946  
1.38332  0.301157  0.0670205  
0.042632  3.17485  0.856936  
0.0883599  2.787  0.831375  
0.461727  1.2122  1.01895  
1.22005  0.481556  0.149168  
0.118594  1.45195  2.05272  
1.45849  0.214056  0.264949  
0.387922  0.0921398  3.80313  
0.964853  0.125373  1.94178  
0.442052  1.61275  0.423097  
0.923537  0.496702  0.855216  
0.166755  1.62979  1.45421  
0.484462  0.709114  1.76233  
0.23221  2.01726  0.74927  
0.223153  0.951214  2.35042  
0.443682  0.911045  1.5637  
0.201096  0.330959  3.58637  
1.77985  0.0927717  0.198375  
0.848481  0.52261  1.07711  
0.671434  1.16397  0.314582  
0.789944  0.982071  0.0647121  
0.320923  0.101609  3.94453  
0.277034  2.44619  0.127503  
0.204751  2.26419  0.526531  
1.12169  0.565423  0.0861789  
0.487218  0.151124  3.11267  
0.394047  1.90055  0.140753  
1.4801  0.228049  0.156072  
0.54555  1.44993  0.320434  
1.17143  0.488251  0.216847  
0.431083  0.114071  3.21264  
1.37573  0.133992  1.03371  
0.379254  0.167561  3.58902  
0.312953  0.310075  3.33185  
0.837273  0.689523  0.566036  
0.773944  0.188198  1.88095  
0.26613  0.62581  2.94241  
0.40405  1.09148  1.27524  
1.092  0.11124  2.12566  
1.22542  0.395757  0.380933  
1.53613  0.167642  0.20075  
0.899709  0.770487  0.382958  
1.22721  0.460065  0.112976  
0.0874914  0.493399  3.77068  
0.0833561  1.58754  2.26007  
1.65916  0.125621  0.208044  
0.194865  2.64977  0.0887025  
1.25823  0.128972  1.12391  
1.33055  0.249887  0.439261  
0.402989  1.31999  1.05405  
0.212878  0.265964  3.677  
1.02923  0.591135  0.357892  
0.11513  1.16983  2.4228  
0.139011  2.2627  0.987989  
0.172848  0.426826  3.32224  
0.0778443  1.50066  2.6974  
0.726794  1.15441  0.263801  
0.17129  1.75267  1.28816  
0.149446  0.558685  3.55624  
0.346483  0.204992  3.35194  
0.121451  0.141466  4.56043  
0.400304  0.13277  3.46462  
0.531123  1.25758  0.899477  
0.507029  0.65509  1.7488  
0.138741  0.100222  4.7534  
0.128047  0.0745047  4.9124  
0.724466  0.826446  0.606222  
0.68409  1.04683  0.482553  
0.715208  0.65323  1.01704  
0.147566  0.235766  4.11659  
0.0941319  1.87356  2.17629  
0.229759  1.3175  1.4994  
0.220122  2.24266  0.54271  
0.790688  0.406445  1.38449  
0.125589  1.13601  2.52717  
0.278152  0.776912  2.56646  
0.551403  1.52179  0.15716  
0.711085  0.353766  1.85412  
1.45771  0.189609  0.415408  
0.0893333  1.17329  2.90876  
1.37515  0.206201  0.561142  
0.262203  2.22483  0.223026  
1.1931  0.316514  0.72898  
0.593015  1.38936  0.134208  
0.103977  0.53384  3.74147  
0.498804  0.221633  2.99694  
0.442898  0.0948675  3.7799  
0.162092  1.32351  2.0075  
0.823692  0.0960394  2.37844  
0.104889  0.199545  4.20254  
0.56063  0.795355  1.21785  
1.12321  0.197382  1.2312  
