1.26264  0.0454804  4.16158  
0.740685  0.994853  0.041307  
0.0466481  0.74798  3.6764  
1.12953  0.0457816  6.00271  
2.04162  0.0496316  0.0532715  
0.0620268  4.02535  0.0693651  
0.062938  3.92804  0.072247  
0.0591495  3.77557  1.02015  
0.0617927  3.68948  0.461651  
0.0634749  3.57961  0.0730897  
2.00806  0.0486665  0.0588489  
0.140161  0.0685588  5.23271  
0.07627  3.512  0.379758  
0.0640637  3.70464  0.0566266  
0.072101  0.127205  5.42091  
1.78625  0.0669259  0.246869  
0.331146  0.0634198  4.99205  
0.101874  0.0941887  5.49946  
0.0815173  3.3801  0.489767  
0.0873591  3.39673  0.0601608  
1.81434  0.061492  0.198098  
0.164565  2.78988  0.10487  
0.135431  2.83619  0.739809  
0.618273  0.551565  1.92167  
0.0744328  3.56177  0.0696967  
0.329666  0.0841248  4.41541  
1.9649  0.0605511  0.0563843  
0.109025  3.15242  0.264094  
0.0911598  0.140439  5.30974  
0.0689083  0.111858  5.64465  
0.0917245  3.32969  0.0588312  
0.283501  0.127972  4.54912  
0.0955152  0.133911  5.0584  
0.097968  0.0939744  5.77955  
1.54771  0.15922  0.820818  
0.353483  0.0722709  4.63116  
0.156578  0.0854139  4.95322  
1.67065  0.11582  0.27765  
0.919478  0.238967  1.77313  
0.186987  2.64483  0.105841  
0.119308  0.390157  4.48368  
0.133238  0.338181  4.33387  
0.120284  0.35352  4.71444  
0.0719388  2.48701  1.37651  
0.0732897  3.45122  0.477681  
0.171232  2.59912  0.936201  
0.206312  2.52281  0.420702  
0.299509  2.08796  0.331217  
0.0621016  0.0631901  5.95736  
0.0670711  0.130863  5.71269  
0.0938867  3.235  1.1794  
0.0850833  3.47652  0.091764  
0.0589969  0.794149  3.6485  
0.843358  0.788262  1.14793  
1.32303  0.295065  0.498077  
1.6907  0.106651  0.0596296  
1.84438  0.0702039  0.0992864  
0.277822  2.14756  0.734516  
0.172769  1.67224  2.22236  
0.19277  2.45893  1.02903  
0.100421  0.0983375  5.13245  
0.19555  1.78028  1.51869  
0.205324  2.55265  0.0690736  
0.544876  0.21063  3.04179  
0.51594  0.224026  3.4352  
1.34255  0.316272  0.0548816  
1.72326  0.0884568  0.375555  
0.395399  0.07468  4.38395  
0.0698449  1.37311  3.40213  
0.106212  1.04821  3.50431  
0.0982461  0.702597  3.76747  
0.900529  0.736921  0.68895  
1.52471  0.176401  0.921636  
1.70708  0.110615  0.0535497  
0.115207  3.00228  0.659139  
0.109614  3.11489  0.0541268  
0.861049  0.0584891  2.93625  
1.16893  0.426459  1.23019  
0.361443  0.413314  3.18366  
0.706003  1.08607  0.278751  
0.0863077  1.14322  3.00595  
0.0745346  1.39685  2.70381  
0.379805  1.91137  0.50553  
0.41122  0.128264  3.70693  
0.125519  0.339844  4.76656  
0.0634651  0.120899  5.72947  
0.111757  2.23396  1.45987  
1.98614  0.0577031  0.0603564  
0.442846  1.70524  0.0662565  
0.0635911  1.31171  3.61039  
1.45275  0.258879  0.0665449  
1.87077  0.0601996  1.58481  
1.50828  0.1958  0.298671  
1.9891  0.0465557  0.099379  
0.106408  3.17848  0.287743  
0.268742  0.163534  4.01552  
1.30847  0.0600155  1.66493  
0.123537  2.98061  0.916474  
0.90906  0.0572334  2.96754  
1.09884  0.136657  2.01624  
0.433366  1.64934  0.38808  
0.711751  0.0851011  3.46896  
0.365106  0.349852  3.23025  
0.628722  0.140259  3.06873  
1.18769  0.109131  1.60268  
0.0958556  0.106864  5.37535  
1.29114  0.333084  0.550489  
0.175496  0.88488  2.76444  
0.114603  2.03979  1.98813  
1.4671  0.240184  0.0602355  
1.24928  0.387853  0.183551  
1.31673  0.274401  0.866776  
0.307765  0.108914  4.66557  
0.0924422  3.28362  0.096301  
0.110636  0.105862  4.90268  
0.285377  2.17661  0.680848  
1.82397  0.0785378  0.0537158  
1.42302  0.212856  1.07748  
1.93548  0.0468768  0.225651  
0.0609695  2.40667  1.95536  
1.2723  0.363813  0.0506725  
0.404765  1.00311  1.54098  
0.540404  1.41607  0.527334  
0.0961517  0.104147  5.58488  
0.128297  0.0689815  5.18215  
0.0904521  0.0943277  5.62072  
0.119874  0.075028  5.53324  
1.02075  0.587486  0.805479  
0.820769  0.865648  0.728055  
0.0573415  0.278404  5.10686  
0.339517  1.95042  1.213  
0.266491  0.581465  2.64565  
1.17337  0.464817  0.0553143  
0.162672  0.233617  4.681  
0.429337  0.0801549  3.89657  
1.36641  0.262667  0.555373  
1.60194  0.133465  0.480741  
0.980177  0.676488  0.721766  
0.387676  1.75148  0.496205  
0.168248  1.85448  1.26863  
0.484896  0.110514  3.72194  
0.08919  1.22888  2.84092  
0.230655  1.58318  1.34619  
0.369574  1.87354  0.96603  
0.321441  0.445767  3.09964  
1.55927  0.157322  0.494887  
0.755571  0.359104  2.37687  
1.85447  0.0477134  2.08665  
0.163709  1.79788  1.42764  
1.90715  0.054837  1.09969  
1.74303  0.0832404  0.252518  
0.316051  2.01135  1.07478  
1.49967  0.185219  0.984093  
1.89099  0.0601818  0.76654  
0.255465  0.638714  3.24632  
0.192284  0.179885  4.26335  
0.834952  0.837831  0.424675  
0.530054  1.4408  0.541506  
0.446815  1.6184  1.05664  
1.73027  0.101629  0.0691329  
0.269766  2.19732  0.779608  
1.14229  0.114011  2.10989  
0.524534  0.725306  2.18218  
0.248416  1.51992  1.39492  
1.2389  0.324889  1.2668  
0.856778  0.309862  1.75083  
0.568307  1.32607  1.19784  
0.344597  1.89038  1.08732  
0.313213  1.2755  1.2627  
0.724852  1.02141  1.13226  
0.881755  0.289737  1.80959  
0.210875  1.67993  1.29214  
0.341923  1.90123  1.00174  
0.0869777  0.0848742  5.88543  
1.06317  0.178948  1.64067  
0.3222  1.20042  1.797  
0.221149  0.609806  3.57226  
1.19796  0.403694  0.636961  
1.10465  0.484553  0.845275  
0.474512  1.55956  0.261325  
0.840453  0.847779  0.273326  
0.215118  0.151193  4.30037  
0.147036  2.88625  0.0864672  
0.302804  0.133269  4.04934  
0.171317  2.76895  0.0904675  
1.77616  0.0844664  0.194404  
1.08417  0.514745  0.703908  
1.05152  0.655791  0.0899531  
0.0650851  1.40124  2.95468  
1.23146  0.391022  0.411809  
0.120436  3.01451  0.360883  
1.92225  0.0506598  0.126106  
0.0596825  1.48883  2.90361  
1.06963  0.538698  0.458713  
0.931241  0.050209  2.87586  
0.289772  2.06498  0.593423  
0.535873  1.41038  0.599566  
0.264576  1.30306  1.90346  
0.195904  2.44406  0.799223  
0.69744  1.02906  1.04799  
0.150578  1.83982  1.5325  
0.521239  1.45301  0.585651  
0.116733  0.415753  3.99703  
0.0691388  1.3813  3.37078  
0.347162  1.93362  0.60815  
0.113848  3.02938  1.11221  
1.2986  0.0707459  1.25586  
1.16521  0.121171  1.56454  
0.105497  0.0859841  5.17593  
0.142745  2.85321  0.697921  
0.296412  1.20572  1.89145  
0.0981194  0.0933285  5.55885  
1.15721  0.452907  0.717735  
1.69799  0.102381  0.153315  
0.237447  2.39543  0.239706  
0.28604  0.571899  3.27483  
0.107954  1.12093  2.99233  
0.847431  0.089761  2.55555  
1.53197  0.189806  0.162999  
0.226682  0.141732  4.2337  
0.470333  0.768208  2.24622  
1.40851  0.228158  0.576473  
1.2243  0.0767354  2.43182  
1.86232  0.0648063  0.0476401  
0.0773204  1.24557  3.5918  
0.216072  0.139955  4.81839  
1.63737  0.130925  0.12847  
1.12319  0.501249  0.166794  
0.218163  0.757507  2.82182  
1.04103  0.59757  0.160499  
0.961902  0.636065  0.787957  
0.201381  2.57029  0.168688  
1.6126  0.13966  0.290367  
0.179572  2.67089  0.324514  
0.958342  0.199102  2.07861  
0.110991  3.09343  0.720694  
0.0787788  0.132008  5.33121  
0.0959391  3.19463  0.922977  
0.610278  1.21522  0.893989  
1.00488  0.177426  2.04049  
0.680544  1.0601  0.772086  
0.235313  2.27483  1.11994  
0.143742  2.89811  0.107165  
0.829959  0.829821  1.02319  
0.148817  2.86374  0.145691  
1.66082  0.115973  0.0704686  
1.21429  0.378219  0.838632  
0.79013  0.0641131  3.84554  
0.148997  2.73401  0.9431  
1.91537  0.0496874  1.33993  
0.232759  0.780003  2.53838  
0.0604593  2.43159  1.86466  
0.130165  0.638102  3.85601  
0.714157  0.404225  2.34736  
0.126506  2.96054  0.787844  
0.690568  1.07366  0.349256  
0.263021  1.31744  2.06425  
0.255012  2.26111  0.756356  
0.640902  0.118017  3.52961  
0.29233  1.28365  1.35447  
0.115216  3.06216  0.629675  
1.30024  0.32286  0.615613  
1.94974  0.0621391  0.0633349  
0.104219  3.21915  0.0596547  
0.452338  1.65444  0.0570853  
1.01705  0.210176  1.44609  
0.116445  2.01512  2.26155  
0.492298  0.294396  2.83085  
0.122189  0.347939  4.78651  
1.95167  0.0528789  0.0691958  
0.098379  2.12124  1.46631  
1.56843  0.15785  0.476523  
1.41521  0.214374  0.71173  
0.60764  1.25118  0.499823  
0.161734  2.71902  0.860558  
0.169369  0.283132  4.14266  
0.686989  0.490085  1.61944  
0.748649  0.976593  0.636041  
0.522858  0.170103  3.32174  
0.092128  3.30987  0.718742  
0.108001  3.07238  0.720916  
0.180624  2.58278  0.905168  
0.813578  0.932188  0.0735528  
0.0868969  1.23813  2.72234  
0.608285  0.172312  2.7353  
0.681976  1.11015  0.40856  
0.072959  2.29258  1.48792  
0.249821  2.30488  0.380301  
0.241375  2.32062  0.917788  
0.224867  1.58555  1.40831  
0.798144  0.314858  1.9724  
1.65377  0.128858  0.157288  
0.361999  1.96752  0.0657907  
0.161432  2.91595  0.0756781  
0.387827  0.970384  2.39619  
0.745921  0.373913  2.36172  
0.124593  2.9363  0.914423  
0.868234  0.76028  1.20559  
0.389325  0.980354  2.23717  
0.0956404  3.25111  0.538445  
1.88046  0.0547722  1.18787  
0.27556  2.21674  0.0526242  
1.35875  0.264806  0.75489  
0.417978  0.935095  1.30738  
0.37788  1.80566  1.09151  
0.0957027  2.3323  1.36841  
1.13181  0.493972  0.136425  
0.642525  0.477211  2.42329  
0.397738  1.01487  1.635  
0.16735  0.821531  2.79809  
0.138939  2.95505  0.0639591  
0.595492  0.173772  3.10498  
0.151917  1.72193  2.18936  
0.794073  0.370905  1.57173  
0.890827  0.8185  0.107142  
0.217756  1.43252  1.85349  
0.273923  0.684785  2.57217  
0.0531141  0.562583  4.51901  
0.111817  0.079235  5.82188  
0.110321  1.05616  2.91607  
0.503533  0.287632  2.61984  
0.202744  1.60367  1.80613  
1.48617  0.0559863  1.82281  
0.241082  2.3556  0.992388  
0.051764  0.558321  4.77693  
0.0962978  0.107148  5.35311  
0.396682  1.73594  0.931285  
0.148718  2.75506  1.10204  
0.308038  1.19333  1.83187  
0.165317  0.782005  3.28577  
1.58898  0.149477  0.109008  
0.914696  0.21892  1.86528  
0.707571  1.04003  0.826011  
1.22489  0.103681  2.05764  
0.157359  0.308389  4.12156  
1.03477  0.186818  1.40311  
1.00873  0.607125  0.419893  
0.0800546  2.13719  2.39575  
0.158168  0.808473  3.34299  
0.575258  1.33812  0.382579  
1.00481  0.191505  2.29899  
0.783115  0.9135  0.0756029  
0.486563  0.859937  1.28256  
0.459121  0.266798  3.13303  
0.157397  0.894522  3.30315  
0.318648  1.21313  1.66004  
1.02689  0.194553  1.50384  
0.811658  0.886883  0.216869  
0.236183  2.4192  0.224035  
0.258158  2.27795  0.6656  
0.450045  1.63145  0.666686  
0.212926  2.50687  0.196366  
1.38254  0.27644  0.139973  
1.75294  0.0817018  0.402901  
0.732581  0.422329  2.10472  
0.14587  1.97658  1.32789  
0.189541  0.70666  3.38213  
0.510962  1.45292  0.764884  
1.15056  0.489902  0.153199  
1.38698  0.271708  0.182803  
0.0565368  0.63585  4.40193  
0.184252  0.329009  3.92843  
1.44587  0.231705  0.084352  
0.671939  0.473686  1.76153  
0.251369  2.34252  0.178414  
1.75732  0.0823019  0.325297  
0.425139  1.78423  0.0678256  
0.0904528  3.31424  0.62322  
0.163951  0.876026  3.1508  
0.808801  0.0670939  2.68264  
0.0638931  0.0761149  5.9192  
0.337265  0.467784  2.9806  
0.0590402  1.49949  2.88439  
0.422603  0.920699  2.15954  
1.9304  0.0464513  0.237252  
0.38396  0.0726167  4.49725  
1.11421  0.530833  0.060476  
0.129439  3.04619  0.067841  
0.0964888  3.26939  0.062559  
1.57952  0.148387  0.829554  
0.497219  1.5389  0.0529133  
1.28327  0.343903  0.055624  
0.183524  0.798774  2.79263  
0.0985197  3.20767  0.749841  
0.324084  0.110419  4.29047  
0.985905  0.706986  0.313563  
0.223195  0.61998  3.45444  
1.62458  0.139309  0.0523161  
0.541542  1.35918  0.465848  
1.1107  0.514468  0.283221  
0.643733  1.18552  0.878768  
0.338214  1.99617  0.758783  
0.464218  1.638  0.460642  
0.260753  1.51206  1.67944  
1.64655  0.124251  0.330006  
0.260873  2.25043  0.991895  
0.399785  0.531219  2.50756  
0.156191  2.68815  0.95604  
1.1372  0.431637  0.736052  
1.60993  0.122099  0.613277  
0.128931  2.02731  1.36073  
0.488911  1.55162  0.0802174  
0.730637  0.406858  2.17001  
0.562043  0.194294  2.56141  
0.733711  1.03044  0.197612  
1.09101  0.629284  0.115328  
0.614998  0.143202  3.12415  
0.117868  1.07853  2.86734  
0.114925  2.1791  1.32056  
0.126245  1.81726  1.9614  
0.0534737  1.742  2.54349  
0.351446  1.94887  0.351704  
0.0797292  3.45891  0.098762  
0.381674  1.83503  0.949066  
0.83841  0.324959  1.69676  
0.182076  2.66161  0.199592  
0.249143  0.178934  3.96714  
0.200027  0.240749  4.20393  
0.10706  0.0749509  5.82483  
0.589054  0.183542  2.58532  
0.513714  0.74344  2.3665  
0.388422  1.82675  0.230356  
0.11233  3.10486  0.490183  
1.07439  0.178724  1.50888  
0.12286  2.10424  1.26459  
0.941094  0.765633  0.344457  
0.990398  0.661508  0.166921  
0.76604  0.906256  1.05088  
1.37211  0.239086  1.18229  
0.601689  1.32585  0.107769  
0.393697  1.06813  1.33474  
0.769881  0.917823  1.03561  
0.446724  1.69686  0.161988  
0.877611  0.0689372  2.46616  
0.0909893  0.651163  4.11007  
1.59305  0.157461  0.0516793  
0.630384  1.16724  1.19692  
0.614342  1.24049  0.440604  
0.801636  0.0639119  3.35518  
0.775564  0.943361  0.111162  
0.106645  0.40482  4.63274  
1.28466  0.338148  0.4502  
0.0673292  0.069648  5.91639  
1.43909  0.24084  0.310611  
1.39756  0.254666  0.859647  
1.078  0.1683  1.31037  
0.726027  0.0800443  3.16726  
0.115349  0.463271  4.17946  
0.13133  0.397635  3.94684  
0.480169  0.0691273  3.93492  
0.0930123  0.0809515  5.85893  
0.951269  0.721856  0.30111  
1.50526  0.193238  0.304342  
0.167134  2.74768  0.235897  
0.235622  2.36716  0.38788  
0.542193  1.42258  0.365847  
1.35264  0.262413  0.990806  
0.530623  0.691379  1.87698  
1.01173  0.647497  0.180314  
1.05856  0.570461  0.877031  
0.221579  2.37944  0.671006  
0.470971  1.60235  0.0578322  
0.242568  1.35275  2.28328  
0.178913  0.268925  4.07762  
0.777065  0.351014  2.3297  
0.973048  0.227474  1.32525  
0.186122  2.70653  0.0843312  
0.158904  0.0790539  5.08117  
0.772896  0.358376  2.20393  
1.04216  0.207615  1.30776  
0.666644  1.16955  1.02757  
0.386857  1.00913  1.68624  
0.3943  0.956838  2.2782  
1.62416  0.154844  0.0591224  
0.086222  0.1595  4.84577  
0.660052  0.576521  1.59468  
1.0027  0.622228  0.601839  
0.650274  0.160335  2.50979  
0.604201  1.24098  0.57253  
0.718829  1.15519  0.148221  
0.136537  3.03589  0.158389  
0.656638  0.160973  2.49948  
0.374982  0.10489  3.83342  
0.35822  1.92674  0.204132  
0.455817  0.881682  1.29836  
0.49945  0.74907  1.59644  
1.21495  0.427996  0.0565855  
0.31262  2.05596  0.721632  
0.700099  0.58304  1.54955  
0.274317  0.133661  4.09078  
0.0725835  2.20592  2.00187  
1.12026  0.121453  1.61513  
0.763929  0.0691986  3.06098  
0.429457  1.71912  0.18292  
0.289085  1.30773  1.71953  
0.654276  1.17974  0.04909  
1.2033  0.101357  2.31915  
0.29518  0.125136  4.06174  
1.34524  0.311393  0.0527507  
1.76559  0.0995103  0.0664644  
0.58411  0.691458  1.60987  
0.336013  1.99258  0.813684  
0.147577  0.137159  4.87326  
0.301703  0.509438  3.54238  
0.17858  2.69048  0.173227  
0.0959339  0.66682  3.90489  
0.460609  1.55711  1.00113  
0.384456  1.8719  0.114895  
0.80442  0.0779049  2.85935  
1.43221  0.24443  0.188107  
0.364708  0.0698455  4.52657  
0.243125  2.34768  0.800712  
1.49406  0.196698  0.595853  
0.135481  0.617498  3.80103  
0.720612  0.0661017  4.281  
0.674043  1.13787  0.183898  
1.47476  0.205056  0.111765  
0.270331  1.50755  1.28997  
1.57896  0.172946  0.057342  
0.938804  0.218836  1.73353  
0.635809  1.29538  0.075709  
0.946484  0.712616  0.572731  
0.741973  0.462204  1.25896  
0.873615  0.283811  2.44605  
1.104  0.125011  1.74644  
0.822592  0.348766  1.40451  
1.89858  0.055456  0.130399  
0.196776  1.46765  2.44781  
1.76817  0.0945495  0.0780164  
1.39866  0.0603463  1.29063  
1.19146  0.439371  0.671358  
0.806998  0.952251  0.075208  
0.198705  0.209935  4.22898  
0.220663  2.50734  0.0940318  
0.553376  0.619571  2.12545  
1.39553  0.263177  0.0572382  
0.762007  0.970393  0.832877  
0.343226  0.573962  2.6612  
0.34511  0.416203  3.55075  
0.280836  1.29383  1.72856  
1.4913  0.187301  0.906694  
0.246011  0.144604  4.17186  
0.579635  0.185718  2.4566  
1.87871  0.0610469  0.464174  
0.0861102  0.0966279  5.8591  
1.4407  0.221825  0.661334  
0.167031  2.70036  0.345787  
0.475776  0.761578  2.14027  
0.833721  0.807347  0.492877  
0.217506  0.875963  2.48215  
0.97169  0.757927  0.111172  
0.121857  0.983326  3.36355  
0.573149  0.61796  2.11949  
0.502462  1.47688  0.193006  
0.664897  0.153695  2.5174  
0.19051  2.59351  0.0809465  
0.75834  0.989201  0.497666  
0.726716  0.438333  1.55067  
1.85126  0.0655668  0.0485446  
0.310376  2.02268  0.747147  
0.0663658  0.245631  4.83604  
0.589678  1.35051  0.0620546  
1.53168  0.16881  0.44791  
0.46688  1.62164  0.393728  
1.35388  0.301383  0.183241  
0.0596797  1.51071  2.77928  
0.308849  2.1101  0.0562951  
0.999528  0.661075  0.677159  
0.935217  0.216641  1.87716  
0.506357  1.48081  0.0442952  
0.0829516  3.25831  0.877753  
0.0989629  0.117907  5.08614  
1.56654  0.207192  0.0771538  
0.718609  0.520503  1.47754  
1.64162  0.12454  0.277375  
0.318935  1.16003  2.27714  
0.722469  1.12929  0.0760608  
1.37662  0.28329  0.0556532  
1.26586  0.0576616  2.31971  
0.583107  0.177524  3.30708  
1.82289  0.072828  0.0777719  
0.504035  1.53137  0.118834  
0.238079  2.40988  0.0876937  
0.558545  0.186453  2.84974  
1.01443  0.630064  0.395272  
0.183835  2.65264  0.19065  
0.645451  1.18111  0.93405  
0.4779  0.116918  3.82038  
0.560217  1.37004  0.0517779  
1.08992  0.545038  0.157848  
0.595156  1.24877  0.963745  
0.954461  0.271375  1.32936  
1.25771  0.410528  0.0991388  
1.0287  0.583161  0.460092  
1.20832  0.432283  0.168119  
0.223591  0.110586  4.89124  
0.507002  0.298778  2.48925  
0.360507  1.04507  2.01349  
0.948136  0.747533  0.374618  
0.477104  0.902496  1.27799  
