0.0537045  3.92464  0.0533305  
0.0414451  2.3712  1.53645  
0.140061  0.0487922  4.67789  
0.051451  0.0514578  6.0303  
0.0524348  4.03072  0.0691065  
2.00587  0.0617418  0.0604766  
0.047747  0.0553907  5.70925  
0.0563276  3.81957  0.053637  
0.0513345  3.89857  0.161711  
0.0492784  0.0605098  5.62668  
1.99409  0.0626536  0.0607227  
0.0479762  3.60985  0.430745  
0.0548973  3.72322  0.0872112  
1.96089  0.0643088  0.0612796  
1.77127  0.0949712  0.125143  
1.8026  0.0804064  0.270312  
1.75149  0.106384  0.170017  
0.0503384  0.0533597  5.56274  
0.0631721  0.199078  4.90037  
0.063395  3.12397  0.582771  
1.60783  0.0752217  0.855629  
0.0914602  0.0917471  4.82324  
1.8749  0.0838035  0.139204  
0.152672  0.0561688  4.57542  
0.059043  0.281595  4.53278  
1.94208  0.0771359  0.0696701  
0.0541911  3.17059  0.709113  
0.0677651  3.55432  0.132458  
0.213181  0.0493367  4.47122  
1.72913  0.120372  0.0711909  
0.0893001  0.371426  4.1052  
0.082508  0.0835191  5.13992  
1.85327  0.0748757  0.184667  
0.0796989  3.42783  0.0632212  
0.221802  0.285036  3.59356  
0.0636244  3.28892  0.527463  
0.0459132  0.116268  5.07597  
0.0576204  0.202581  4.71523  
0.073201  3.46449  0.207862  
0.587027  0.0752106  3.25217  
1.59289  0.0793638  0.766199  
0.0714213  3.63646  0.111381  
0.184347  0.36857  3.81524  
0.327658  0.296969  3.36361  
0.0643774  3.32688  0.382619  
0.0674601  3.25284  0.551679  
0.0603505  3.06429  0.822966  
0.961612  0.391484  1.0421  
1.83868  0.0895431  0.0710135  
1.82216  0.0784316  0.226795  
1.52977  0.153648  0.411008  
0.120924  0.133557  4.64241  
1.63468  0.119044  0.40455  
0.0678003  2.48422  1.36259  
0.0703309  3.69329  0.0660424  
0.0665853  3.77149  0.0807153  
1.92373  0.0632549  0.210496  
0.0676413  3.77106  0.0684707  
1.36096  0.26738  0.226496  
0.0473144  0.0614393  5.52286  
0.105435  0.0593909  4.99605  
0.710016  1.25511  0.119975  
1.67982  0.17557  0.0916151  
0.0780165  0.202421  4.77048  
0.19122  0.931345  2.6392  
1.5667  0.201544  0.0736053  
0.947818  0.312822  1.24452  
0.0600904  3.5115  0.251129  
0.618826  0.0711667  3.15434  
0.863133  0.274943  1.57836  
0.165092  2.5174  0.482844  
0.224131  0.721934  2.74925  
0.196168  2.46018  0.393018  
0.248112  0.0925155  4.04913  
0.309911  1.63435  0.907316  
1.90644  0.0618329  0.342331  
1.45252  0.18945  0.461804  
0.380452  0.182647  3.32492  
0.369359  0.15966  3.40668  
1.10604  0.275508  0.929989  
0.0865187  3.34661  0.0613157  
1.34542  0.383462  0.0944548  
1.49937  0.0836189  1.06981  
1.51788  0.115147  0.64854  
1.62171  0.0844424  0.724276  
1.18455  0.507683  0.185984  
1.40287  0.217339  0.457788  
1.22325  0.355174  0.337421  
0.351792  1.9085  0.377549  
0.591165  1.38379  0.0764556  
1.69043  0.127935  0.109814  
0.379674  1.93221  0.176774  
0.64163  0.0989146  2.80069  
0.114733  0.268775  4.30444  
0.226531  0.225335  3.73832  
0.220306  0.211898  3.84261  
0.0757876  0.453662  4.38053  
0.140959  2.62859  0.539544  
1.7663  0.0743427  0.420094  
0.609204  1.11563  0.58677  
0.30801  0.0747188  4.16453  
0.074937  3.36872  0.216507  
0.0536144  0.0589118  5.49012  
0.518113  0.0780398  3.34199  
1.95415  0.0669201  0.0612007  
0.278339  2.16579  0.351923  
0.79482  0.16686  2.23764  
0.0737407  3.41046  0.240132  
0.0754446  2.29707  1.30314  
0.0821961  3.29732  0.0746872  
0.394435  0.891021  1.92389  
0.0764227  3.48059  0.0586881  
1.4677  0.0970635  0.723402  
0.260486  0.163638  3.89463  
0.0667391  2.71585  1.05384  
0.495751  0.57674  2.00576  
0.13423  1.51065  1.9604  
1.41182  0.0827032  1.27569  
0.0670807  3.52217  0.149482  
0.0491408  2.96018  0.892029  
0.131462  0.971166  3.01472  
0.0601699  3.65938  0.109061  
1.27355  0.16318  1.16174  
0.355465  0.242887  3.29347  
1.64579  0.145959  0.329202  
0.810934  0.857117  0.511278  
0.901666  0.0823651  2.46119  
0.0830796  0.611039  3.75776  
0.0849755  0.0941026  5.04601  
0.174901  0.192366  4.22542  
0.336341  2.07175  0.172431  
0.0538341  0.186636  4.92233  
0.321329  0.16221  3.55088  
1.72153  0.0489867  0.63952  
0.0421919  0.0622726  5.46595  
0.0483895  0.0833435  5.40263  
0.38663  0.119075  3.96051  
1.17532  0.446798  0.278229  
0.241489  0.591682  3.05206  
0.427136  0.145162  3.21573  
0.0530847  0.105555  5.2083  
0.484399  0.622206  1.89721  
0.287222  2.27546  0.0817189  
0.21865  0.155307  4.00751  
0.135275  0.881328  3.11272  
0.0566477  1.71897  2.27394  
0.0526336  3.55009  0.196513  
0.340137  1.24267  1.32665  
0.367492  1.5469  0.742022  
1.67149  0.0522379  0.652522  
0.280928  0.416132  3.4316  
1.44076  0.137562  0.682109  
0.0621579  3.67554  0.0836476  
0.0662536  2.82213  0.916187  
1.13582  0.38875  0.59061  
1.46111  0.166366  0.658802  
1.26398  0.309324  0.417019  
0.0884288  1.4929  2.35379  
1.91919  0.0853487  0.079141  
0.17386  0.510641  3.47777  
0.878662  0.135377  2.03793  
1.89948  0.0645168  0.311339  
0.0498334  0.0866968  5.35284  
0.162395  0.401123  3.70318  
0.116011  3.03177  0.165732  
0.510278  0.913395  1.12273  
0.277799  1.99559  0.613778  
0.534074  0.0784802  3.28207  
0.0902412  2.94295  0.673175  
0.0690123  0.0613263  5.3226  
0.0453515  1.96318  2.12019  
1.21338  0.11779  1.33427  
0.096933  2.33014  1.18118  
0.457893  0.234419  2.84238  
0.623907  1.3049  0.246359  
0.0812265  2.76412  0.778986  
0.07704  0.210574  4.3997  
1.58193  0.181866  0.320531  
0.360329  0.179221  3.45644  
0.150361  2.9271  0.0780398  
0.559006  1.40348  0.261904  
0.0648792  0.0606692  5.37478  
0.315025  1.8555  0.479469  
0.0846042  2.08935  1.60786  
1.07512  0.435773  0.626449  
0.443944  1.57843  0.377599  
0.0975626  1.07715  2.91809  
0.119306  1.00583  2.88091  
0.595737  0.83625  1.05316  
0.388827  1.26643  1.15625  
0.568357  1.16098  0.839609  
0.167628  2.73982  0.252577  
1.89038  0.0730849  0.223669  
0.0619691  1.43643  2.75902  
0.117256  0.115153  4.782  
0.138734  1.11333  2.42888  
0.142983  1.33276  2.40107  
0.124515  2.8113  0.493536  
0.206536  0.0833455  4.35606  
0.0773732  0.619731  3.7791  
0.205186  0.43848  3.49479  
0.601979  1.12733  0.511042  
0.208567  0.107443  4.26083  
0.208918  0.249752  3.93142  
0.522219  1.1116  1.03035  
0.918721  0.317912  1.46954  
0.365121  1.17832  1.40419  
1.04177  0.0797136  2.1456  
0.890037  0.778583  0.275307  
0.247056  1.73134  1.11082  
0.703113  0.348509  1.72627  
0.254904  2.18277  0.368235  
0.16921  0.179259  4.2579  
0.267001  0.123803  4.03859  
1.47996  0.154769  0.449805  
1.03699  0.570135  0.379797  
0.154644  0.651748  3.13112  
0.13343  3.00498  0.0909928  
0.105956  1.61415  2.06921  
0.1885  0.113062  4.42964  
1.08786  0.25545  1.01857  
0.0843756  2.05993  1.63721  
0.534156  1.18695  0.70914  
0.428451  1.21084  1.10073  
1.55013  0.197888  0.308593  
1.84693  0.0825389  0.19199  
0.498263  1.20251  0.695035  
1.8133  0.0547198  0.361581  
1.00773  0.566951  0.489373  
0.137876  2.77504  0.304062  
1.37494  0.298811  0.071112  
0.109741  1.35821  2.48525  
1.88392  0.0819913  0.115563  
0.17854  2.60107  0.361732  
0.244209  2.54739  0.0899933  
0.111654  0.973964  2.99243  
0.472135  0.404583  2.52879  
0.103353  0.430355  3.93395  
0.805539  0.340691  1.71669  
1.31314  0.132813  1.07463  
1.28778  0.181239  0.982519  
0.574693  0.189974  2.44832  
0.161757  2.25951  0.802576  
0.0908802  0.0774985  5.17757  
0.0960774  3.10642  0.235951  
0.0587195  2.28796  1.53005  
0.41773  1.82179  0.0968887  
0.330267  0.165991  3.51025  
1.25393  0.500026  0.170387  
0.199744  2.48065  0.365039  
0.284292  1.22548  1.61303  
0.148817  1.7693  1.51367  
0.0687588  2.91332  0.868181  
1.15616  0.0998253  1.75454  
0.289727  2.20419  0.142144  
0.774758  0.40068  1.44392  
0.656283  0.0683236  3.02948  
1.0614  0.587421  0.144255  
0.732619  1.0896  0.152624  
0.202424  0.799984  2.58351  
0.979441  0.635006  0.1883  
0.579907  0.543516  1.79537  
0.104168  1.69637  1.88912  
1.14499  0.10914  1.8641  
0.227503  2.22302  0.682327  
0.413624  0.738843  1.9896  
1.36784  0.0802565  1.46536  
0.10348  1.42796  2.37569  
0.321779  0.578835  2.67042  
1.7001  0.110298  0.310784  
0.0789861  3.23869  0.24004  
0.689004  1.14484  0.475553  
0.820486  0.127533  2.365  
0.273269  0.26293  3.62065  
0.189107  2.53431  0.466717  
0.649343  0.663825  1.33736  
1.32422  0.105744  1.01668  
0.15696  2.55878  0.376168  
1.71469  0.120702  0.229548  
1.42972  0.235264  0.290288  
0.241429  2.42919  0.21289  
0.115132  2.14458  1.41452  
0.104113  2.79153  0.514379  
1.42436  0.0834412  1.20673  
0.673569  0.100838  2.71928  
0.400449  0.108577  3.87406  
0.152027  2.09921  0.950208  
1.54216  0.0932391  0.790653  
0.271596  1.2709  1.59771  
0.160459  2.34877  0.900018  
1.65764  0.0831445  0.613727  
0.923256  0.111582  2.28468  
0.845428  0.0648529  2.54919  
0.279234  1.53002  1.23863  
1.62661  0.187236  0.0831576  
0.121444  2.05032  1.21921  
0.234091  1.97271  0.831578  
1.12631  0.234427  0.961322  
1.05069  0.750004  0.126415  
1.30486  0.264799  0.558715  
0.31222  0.141247  3.98673  
0.0658669  2.24204  1.43762  
0.58159  0.625785  1.55274  
0.361045  1.97676  0.300964  
0.0449272  2.97326  1.04493  
0.423567  0.559631  2.33369  
0.23831  1.03392  2.26804  
0.191637  1.19571  1.99828  
0.833775  0.873766  0.32208  
0.210173  0.0690724  4.4417  
0.0802147  3.22728  0.240264  
0.0747178  0.201069  4.81353  
0.730377  0.964622  0.606071  
0.164464  1.44476  2.06014  
0.203419  0.145707  4.33651  
0.46714  1.69912  0.237097  
0.249253  1.36599  1.45282  
0.142698  0.0970124  4.55708  
0.276339  0.788486  2.38622  
0.434546  0.648571  2.0454  
0.192949  2.31867  0.629751  
1.15083  0.264616  0.885368  
0.0973339  3.03134  0.319967  
0.113794  1.56019  2.13877  
1.02275  0.0763203  2.19019  
0.101801  0.0555942  5.22731  
0.683604  0.516331  1.64654  
1.55931  0.124294  0.51092  
1.28352  0.289682  0.297785  
0.630842  1.28815  0.233812  
0.137131  2.86648  0.168054  
0.583819  0.707099  1.32204  
0.0697051  2.18677  1.49365  
0.452249  0.601482  2.06341  
0.139943  0.312941  3.86449  
0.980556  0.211748  1.50989  
0.457441  1.67484  0.271347  
0.254267  1.67798  0.970474  
0.723116  0.148699  2.55023  
1.6502  0.149116  0.147811  
1.24365  0.302997  0.575768  
0.787877  1.07129  0.169574  
0.115292  0.283768  4.19029  
0.767595  0.810711  0.767705  
0.0692644  0.0882139  5.16284  
0.22706  0.792019  2.56162  
0.0539992  3.20342  0.731446  
0.10735  0.0910911  4.97593  
0.137069  1.37591  2.21981  
0.490123  0.723148  1.81264  
0.468276  1.52433  0.224515  
1.00011  0.324424  1.2363  
0.905621  0.582092  0.621012  
1.09423  0.621279  0.140664  
0.783991  0.346926  1.66125  
0.50214  0.223817  2.96453  
1.39602  0.219848  0.346343  
0.715153  0.27454  2.02398  
0.0938821  2.38951  1.13476  
0.122742  2.21225  1.14354  
0.801163  0.563952  1.12802  
0.113399  1.20496  2.62179  
1.05587  0.259798  1.08448  
0.0744291  3.21122  0.257739  
0.216837  0.0978664  4.32088  
0.749924  0.322335  1.77512  
0.661159  0.357244  1.83351  
1.70875  0.083712  0.55049  
0.673981  0.284739  2.17111  
0.102876  2.58496  0.814947  
0.0679351  0.0819429  5.30023  
0.0680078  0.0699561  5.24699  
0.34081  0.0828754  4.11932  
0.165478  0.829977  2.90571  
0.112027  0.136309  4.68934  
0.0671881  0.157993  4.95719  
0.450184  1.43392  0.803631  
0.815149  0.224641  1.95349  
0.0508552  0.0955503  5.26417  
0.972678  0.768076  0.15958  
0.870483  0.515597  0.872741  
0.986932  0.228182  1.36347  
1.20412  0.222517  0.948976  
0.0604784  1.89285  2.24433  
1.28107  0.298021  0.432992  
0.966213  0.159102  2.02838  
1.1998  0.408985  0.292119  
0.363122  1.56745  0.73524  
0.0739033  0.47004  4.14086  
0.419712  0.245838  3.07268  
0.141379  2.7463  0.263849  
0.552852  0.359485  2.31828  
0.939773  0.106953  2.25343  
0.664278  0.461266  1.72292  
0.138774  2.98702  0.0673372  
0.107496  2.41787  0.995045  
0.32006  0.786179  2.10976  
0.343602  2.14822  0.0929357  
0.872333  0.928312  0.150604  
0.215975  2.44249  0.280468  
0.178499  2.70042  0.0660349  
0.105671  1.84706  1.6933  
0.0725593  2.64908  1.0781  
0.305128  0.68014  2.5226  
0.461034  0.75873  1.68039  
0.764126  0.254988  1.97724  
0.0691801  2.66471  1.09738  
1.51024  0.207377  0.127277  
1.48273  0.138766  0.567761  
0.125967  3.07959  0.0717793  
0.11664  0.906384  3.06725  
0.301666  0.0776527  4.14141  
0.197868  2.52583  0.143474  
0.488203  0.939331  1.22582  
0.302687  1.94868  0.542328  
0.135378  2.59642  0.745893  
0.213324  2.00491  0.82987  
0.443145  1.76043  0.118521  
0.282918  1.77844  0.799622  
0.91212  0.0957489  2.39753  
0.689616  0.984141  0.585913  
0.0528385  0.080413  5.42954  
0.354025  2.12797  0.0974518  
0.928577  0.233696  1.4004  
0.761523  0.912215  0.563701  
0.424081  0.206286  2.97067  
0.0711244  3.18253  0.442725  
0.0974637  2.85303  0.384968  
0.577093  0.0874581  3.08747  
0.266698  1.45374  1.3989  
1.15752  0.395961  0.567261  
0.477138  0.308011  2.78174  
1.38238  0.260564  0.289595  
0.34498  1.95755  0.363864  
0.0590048  3.38788  0.328667  
0.427731  1.66164  0.672245  
0.0589705  0.0843208  5.28442  
0.400997  1.45085  0.966667  
0.359413  0.73766  2.20844  
0.17292  2.68001  0.130615  
1.08031  0.320554  0.976292  
0.677669  0.992711  0.720993  
0.762629  0.996356  0.438117  
0.126324  1.55779  2.09739  
0.124995  0.654696  3.68921  
1.49175  0.116927  0.678961  
1.43591  0.268368  0.0703487  
0.0898152  3.19111  0.128609  
0.943235  0.423438  0.866411  
1.01216  0.269341  1.26689  
0.826514  0.48376  1.28611  
0.182093  1.78764  1.26241  
1.14835  0.110271  1.80831  
0.146367  2.67811  0.367133  
0.737399  0.952545  0.605867  
1.33679  0.0837892  1.52482  
0.230923  0.769994  2.60172  
1.33081  0.389136  0.158207  
0.086875  1.8293  1.8529  
1.1167  0.226479  1.16785  
0.755399  0.901524  0.579044  
0.0471475  2.69194  1.2664  
1.13939  0.206992  0.999763  
0.180112  0.277804  3.8879  
0.995845  0.166013  1.87012  
0.166674  1.81076  1.17507  
0.165598  1.4184  1.67667  
1.31157  0.270481  0.359698  
0.0748624  3.3861  0.216969  
0.122591  2.90154  0.235831  
0.742065  0.328632  1.78211  
0.0753326  3.00419  0.76986  
0.885947  0.190905  1.84483  
0.802018  0.473311  1.42633  
1.16823  0.232594  0.973718  
0.10104  1.73567  1.94233  
0.348446  2.03289  0.130003  
1.80718  0.0541225  0.392502  
1.19299  0.472296  0.25547  
0.620353  1.27787  0.288769  
0.856809  0.145354  2.27535  
1.01748  0.363996  0.86646  
1.39215  0.26529  0.187219  
0.227028  2.31252  0.366442  
0.373137  1.75464  0.355909  
0.333504  1.61084  0.767877  
1.3864  0.186348  0.739096  
0.0712366  0.234281  4.67065  
1.41797  0.193531  0.67197  
0.23325  1.01919  2.29871  
1.58432  0.0854674  0.472847  
0.188274  2.13075  0.777071  
1.02681  0.331865  0.953746  
1.01997  0.301319  1.08805  
0.425419  0.943098  1.57004  
0.213704  0.754036  2.95029  
0.453473  1.40739  0.752653  
1.22722  0.379819  0.178301  
0.111731  2.89174  0.275908  
0.153936  2.02316  1.19131  
0.21613  1.10571  2.0226  
1.49025  0.227265  0.292551  
1.23709  0.181322  1.22499  
0.686886  1.17079  0.27819  
0.349995  0.139261  3.64745  
0.996028  0.150263  1.6148  
0.238716  2.11354  0.426411  
0.29811  0.323072  3.10085  
0.142443  1.47734  2.04176  
0.0858225  2.22142  1.48625  
0.406045  0.800966  1.73819  
0.846624  0.694242  0.555707  
0.370772  1.31504  1.12182  
0.15726  0.553735  3.20212  
0.572086  1.06178  0.675113  
0.0817129  3.09592  0.366749  
1.16268  0.530233  0.101925  
1.20454  0.239984  0.864039  
1.08232  0.546675  0.182244  
1.03074  0.244145  1.25402  
0.408706  0.584122  2.0812  
1.16647  0.490429  0.256244  
0.32398  1.75491  0.704359  
0.254354  1.87183  0.810577  
0.375434  0.120515  3.66689  
0.566405  0.644988  1.66442  
0.439415  1.74201  0.173671  
1.23245  0.308309  0.57817  
1.1943  0.484886  0.228703  
0.294749  1.10087  1.82524  
0.162571  1.64638  1.26527  
0.137721  2.44825  0.654323  
0.200926  0.412435  3.54399  
0.990781  0.272945  1.25276  
0.0953118  1.745  1.96172  
1.1118  0.578122  0.108082  
0.243939  1.89738  0.79053  
1.0684  0.442668  0.584712  
0.312264  0.673474  2.49896  
0.0625865  2.0142  1.82364  
0.779297  0.875025  0.623274  
0.554059  0.087368  3.09334  
0.164798  2.79782  0.212205  
0.126624  2.83597  0.449308  
0.812417  0.380829  1.34095  
0.0881843  1.83552  1.70805  
0.136631  2.6611  0.47765  
0.839836  0.253246  1.68284  
0.141043  2.84681  0.154498  
0.213164  1.2949  1.93785  
0.374969  1.79168  0.289023  
0.0570017  0.141118  5.06009  
1.03025  0.17717  1.3759  
0.637468  1.09695  0.584137  
0.751731  0.406814  1.60123  
0.548324  0.263866  2.5285  
1.06752  0.333595  0.908671  
0.1511  1.02849  2.47509  
0.312582  2.11386  0.108032  
0.228897  1.88413  1.0179  
1.53851  0.245381  0.0956353  
0.334015  2.03994  0.391892  
0.155724  1.87338  1.46171  
0.130201  1.48513  2.07848  
1.25763  0.44874  0.152509  
0.452918  1.80394  0.0934329  
0.933377  0.814345  0.164431  
1.55591  0.218698  0.0801822  
0.83727  0.503774  1.05553  
0.168726  2.83416  0.203008  
0.698255  0.176487  2.16081  
0.0500216  0.0802332  5.44334  
0.392739  1.78323  0.347107  
1.6635  0.131019  0.200981  
0.721967  0.819421  0.999573  
0.821474  0.22766  1.92848  
0.293349  0.295013  3.52817  
0.188101  1.31948  1.842  
0.218411  2.41005  0.243818  
0.748379  0.526393  1.20546  
0.320432  0.135202  3.96995  
0.0907474  1.46859  2.35038  
0.786031  0.667335  0.996745  
0.138281  1.3463  2.09456  
0.147009  2.39703  0.643825  
1.34277  0.381041  0.121124  
0.290703  0.579302  2.84836  
0.316815  0.479276  2.67618  
0.244204  0.123458  4.20504  
0.0846749  2.98188  0.594911  
0.252684  0.796226  2.18829  
0.177616  0.621355  2.9911  
1.51077  0.0868332  1.00667  
0.115057  0.123875  4.64424  
0.279151  1.59872  1.21968  
0.654699  1.33653  0.14026  
0.678314  0.0709759  2.90382  
0.341718  0.327369  2.70815  
0.239932  2.35076  0.328433  
0.775657  0.136725  2.30464  
