8.92293e-014  0.222171  5.58721  
0.866625  3.19142e-009  4.31046  
0.906144  0.105368  4.1995  
0.857074  0.857943  2.61528  
1.32827e-005  0.908871  4.40442  
8.92293e-014  3.63808e-008  6.00152  
0.0281394  0.628756  5.55726  
0.614126  0.714248  4.65532  
0.675199  0.29628  4.87351  
0.294295  0.732705  4.44354  
0.886462  0.83203  2.67282  
0.0231633  0.294933  5.57358  
0.764311  0.825216  3.06005  
0.629175  0.833543  3.92263  
6.95182e-006  0.903787  4.45822  
0.64392  0.280595  5.08055  
0.229246  0.202064  5.18826  
0.883661  0.806511  2.75742  
0.213214  0.0835526  5.45588  
0.171694  0.763485  4.29252  
0.704309  0.253457  4.62443  
0.22732  0.639623  5.10971  
0.280308  0.642367  5.08919  
0.680776  0.872688  3.55975  
0.166287  0.260556  5.2447  
0.0139716  0.0479135  5.92868  
0.822781  0.856791  2.66672  
0.177863  0.182241  5.28349  
0.775024  0.808469  2.97001  
0.808226  0.858367  2.71346  
0.727921  0.649951  4.39127  
0.860087  0.66494  3.65391  
0.803793  0.212344  4.02195  
3.31297e-005  0.884039  4.38138  
0.782519  0.767128  3.13483  
0.258556  0.129273  5.32433  
0.0189803  0.116338  5.75811  
0.803633  0.769882  3.01905  
0.81809  0.862982  2.69446  
0.870207  0.719554  3.24911  
0.138038  0.277192  5.31349  
0.251357  0.267812  5.15113  
0.157272  0.249539  5.26027  
0.772187  0.722885  3.49465  
0.110865  0.193626  5.41415  
0.806733  0.190083  4.0389  
0.0571019  0.124534  5.67488  
0.780004  0.865959  2.84609  
0.207137  0.0878704  5.44965  
0.0522194  0.891123  4.27147  
0.268652  0.785958  4.08518  
0.665848  0.131541  5.15906  
0.742433  0.753412  3.47522  
0.221142  0.192098  5.20939  
0.747287  0.80601  3.15418  
0.103546  0.0525236  5.78286  
0.833033  0.852769  2.64346  
0.223755  0.213095  5.17969  
0.818386  0.730688  3.22645  
0.747607  0.0178203  4.71671  
0.275577  0.127872  5.33672  
0.0861803  0.0690323  5.74145  
0.199874  0.103807  5.43169  
0.116409  0.632594  5.34841  
0.0672291  0.712896  4.88196  
0.699239  0.265461  4.66792  
0.188492  0.802595  4.05649  
0.63599  0.143109  5.26568  
0.0507898  0.216721  5.5797  
0.28491  0.660043  4.99935  
0.759465  0.686639  4.15712  
0.819373  0.811614  2.82305  
0.0629444  0.240541  5.47823  
0.28491  0.662464  4.97508  
0.747287  0.891033  3.08533  
0.680776  0.15305  4.94074  
0.194031  0.00542065  5.61562  
0.70156  0.885189  3.43427  
0.100032  0.247215  5.39637  
0.124723  0.756842  4.53537  
0.876921  0.682777  3.53414  
0.119767  0.00194273  5.86484  
0.848716  0.12097  4.08092  
0.6983  0.647364  4.59355  
0.757463  0.0924129  4.50907  
0.790765  0.848916  2.80506  
0.873407  0.69158  3.4626  
0.76318  0.0556789  4.56219  
0.244469  0.27462  5.16105  
0.844143  0.866239  2.62586  
0.707983  0.819754  3.3936  
0.0275822  0.00840589  5.98058  
0.275221  0.791041  4.07688  
0.120724  0.665206  5.13887  
0.851378  0.660414  3.71755  
0.878486  0.779544  2.8826  
0.196767  0.11035  5.43524  
0.773727  0.659908  3.95414  
0.036834  0.697122  5.11672  
0.145788  0.111603  5.50572  
0.864529  0.652544  3.74564  
0.233596  0.689598  4.75247  
0.802781  0.740908  3.21282  
0.263632  0.0683814  5.46713  
0.737928  0.787012  3.30686  
0.834593  0.705868  3.37485  
0.790765  0.814557  2.8659  
0.160598  0.761237  4.32755  
0.187115  0.0592694  5.54129  
0.720413  0.0267474  4.90151  
0.216056  0.716327  4.5526  
0.182867  0.180912  5.27735  
0.765895  0.18386  4.253  
0.650449  0.23534  5.02611  
0.733489  0.0251711  4.806  
0.804201  0.861078  2.72899  
0.0318426  0.0404546  5.90378  
0.722876  0.807365  3.32331  
0.717764  0.656557  4.36557  
0.194349  0.722552  4.57733  
0.780004  0.807766  2.9454  
0.147956  0.637877  5.23978  
0.181203  0.865084  4.05988  
0.191227  0.788463  4.15992  
0.263632  0.0623283  5.48101  
0.0404373  0.0667989  5.84016  
0.0211547  0.872599  4.29254  
0.793465  0.195271  4.08693  
0.12726  0.710301  4.82504  
0.787816  0.0600871  4.40636  
0.785724  0.745431  3.27542  
0.247307  0.0737892  5.45574  
0.114397  0.280588  5.37256  
0.696  0.162621  4.81758  
0.0487496  0.15505  5.6518  
0.67049  0.872599  3.62505  
0.0545476  0.0457428  5.85698  
0.866819  0.692728  3.44857  
0.202923  0.83207  3.98899  
0.12726  0.670405  5.06137  
0.779136  0.677839  3.79346  
0.649156  0.235969  5.03836  
0.00522135  0.796565  5.21742  
0.0443497  0.057768  5.88054  
0.166204  0.688497  4.91345  
0.0518324  0.244391  5.51095  
0.721107  0.727239  3.82885  
0.130435  0.791041  4.2273  
0.814862  0.778785  2.92641  
0.857053  0.224981  3.89062  
0.259844  0.736778  4.39451  
0.631565  0.706344  4.61362  
0.108683  0.0202377  5.77738  
0.691807  0.146962  4.856  
0.79916  0.829731  2.78603  
0.0615545  0.0986657  5.72774  
0.0387551  0.0750107  5.82613  
0.152731  0.748472  4.4422  
0.111309  0.720459  4.75865  
0.659492  0.170948  5.05819  
0.855654  0.19221  3.93065  
0.828441  0.113248  4.13459  
0.644879  0.801432  3.93891  
0.812961  0.740908  3.17211  
0.838278  0.169261  3.98696  
0.641529  0.79426  3.97603  
0.640591  0.714439  4.49166  
0.75661  0.0360492  4.6299  
0.635061  0.699337  4.64212  
0.254507  0.781439  4.10326  
0.843357  0.673347  3.60183  
0.241859  0.852769  3.91725  
0.884862  0.681132  3.57056  
0.684125  0.79426  3.67086  
0.777172  0.0290382  4.51549  
0.663776  0.834289  3.70797  
0.101566  0.236792  5.39266  
0.138038  0.763485  4.42938  
0.740783  0.840699  3.10454  
0.0104452  0.136925  5.72168  
0.67118  0.83707  3.66395  
0.103113  0.852769  4.12182  
0.777858  0.782957  3.07122  
0.00157168  0.166398  5.66989  
0.0404373  0.759677  4.60271  
0.830186  0.773628  2.91268  
0.204361  0.792325  4.13429  
0.720573  0.0118931  4.95131  
0.685401  0.176811  4.84205  
0.0598566  0.262787  5.48388  
0.0530196  0.134845  5.65842  
0.0763703  0.16041  5.6029  
0.6349  0.186313  5.21547  
0.750122  0.198685  4.33141  
0.123307  0.000406294  5.92298  
0.812961  0.740382  3.17546  
0.0742908  0.759419  4.54243  
0.113469  0.813784  4.17674  
0.772868  0.870498  2.89003  
0.00978723  0.701065  5.06713  
0.842873  0.157139  4.00462  
0.702068  0.169261  4.73055  
0.206026  0.228235  5.18328  
0.00428468  0.0197307  5.97365  
0.851378  0.654718  3.73199  
0.707572  0.811968  3.42097  
0.0302949  0.794601  4.68365  
0.769189  0.765867  3.26698  
0.835904  0.736628  3.15162  
0.775509  0.719975  3.51327  
0.687544  0.11624  5.09023  
0.67411  0.84392  3.62786  
0.824816  0.759721  3.01359  
0.714016  0.108052  4.7788  
0.0652834  0.687443  5.08031  
0.0338503  0.270771  5.56592  
0.84468  0.653655  3.81303  
0.831399  0.716327  3.29908  
0.0524918  0.848143  4.23664  
0.0549441  0.262787  5.49355  
0.821533  0.77438  2.9324  
0.736656  0.0762619  4.70195  
0.849419  0.0290382  4.27451  
0.803141  0.146539  4.16445  
0.716761  0.729638  3.84063  
0.769189  0.772335  3.18431  
0.782361  0.267812  4.10891  
0.247307  0.173399  5.22838  
0.684611  0.752084  3.91178  
0.107074  0.69463  4.93095  
0.150562  0.00378569  5.69777  
0.875628  0.700049  3.40165  
0.82976  0.760457  2.99295  
0.0310661  0.0314038  5.94296  
0.779398  0.776212  3.09869  
0.0353518  0.270771  5.53217  
0.00697827  0.18386  5.6278  
0.825456  0.747286  3.11792  
0.677398  0.834289  3.60713  
0.638159  0.186313  5.19806  
0.0699477  0.784606  4.39994  
0.199636  0.735266  4.4441  
0.0835066  0.0859873  5.73529  
0.0126898  0.0322119  5.94664  
0.0664052  0.664408  5.24557  
0.150562  0.0155182  5.68456  
0.0235174  0.00961268  5.96188  
0.8468  0.0784936  4.20624  
0.650774  0.233444  5.02835  
0.820673  0.272116  3.94438  
0.0826116  0.0457272  5.80734  
0.107578  0.0609634  5.71006  
0.692272  0.83707  3.47224  
0.653881  0.685438  4.72802  
0.704988  0.840191  3.36856  
0.132648  0.791041  4.22265  
0.829478  0.775243  2.90478  
0.653163  0.635368  4.98006  
0.690793  0.087209  5.134  
0.133877  0.766859  4.36103  
0.0956207  0.155061  5.52185  
0.799882  0.146539  4.17815  
0.237637  0.100207  5.39556  
0.0742908  0.0667491  5.7782  
0.714295  0.644912  4.46279  
0.736656  0.700707  3.8949  
0.640062  0.829731  3.86196  
0.242798  0.818147  3.94751  
0.223529  0.783539  4.10264  
0.244898  0.113018  5.36247  
0.719637  0.807365  3.34716  
0.754785  0.0479135  4.63303  
0.829461  0.761154  2.98919  
0.693938  0.139902  4.91583  
0.828546  0.713787  3.33035  
0.680725  0.23061  4.83187  
0.141894  0.109458  5.51706  
0.716663  0.747157  3.75783  
0.629575  0.799616  4.02828  
0.641575  0.139902  5.30252  
0.694905  0.745105  3.87977  
0.00207737  0.870468  4.31157  
0.797438  0.739542  3.29282  
0.767463  0.183973  4.24376  
0.0443497  0.0569699  5.88261  
0.872281  0.727437  3.19415  
0.84158  0.157768  4.00863  
0.704399  0.198685  4.66297  
0.0906501  0.769882  4.43963  
0.0629444  0.860378  4.20944  
0.705481  0.781832  3.58739  
0.804308  0.816296  2.7998  
0.0249357  0.0873074  5.81834  
0.156143  0.107454  5.49137  
0.662431  0.175282  5.04271  
0.730005  0.106397  4.79296  
0.712211  0.754963  3.67866  
0.795944  0.0248325  4.42713  
0.187235  0.165617  5.29821  
0.157272  0.0542185  5.60623  
