4.25008e-008  5.6996e-013  6.00233  
1.74636e-013  0.758916  4.6642  
0.755324  0.892573  3.03653  
0.856699  0.863542  2.61546  
0.924158  5.6996e-013  4.47445  
0.00103948  0.308966  5.62122  
0.76308  0.625752  4.24859  
0.320173  0.699372  4.73213  
0.625519  0.699362  4.70541  
0.313427  0.728451  4.50086  
0.295822  0.210313  5.20426  
0.902998  0.677021  3.653  
0.736503  0.84557  3.14722  
0.257319  0.664093  4.9277  
0.211434  0.287511  5.18852  
0.262119  0.107947  5.37745  
0.773858  0.781073  3.10359  
0.74772  0.291919  4.33275  
0.91773  0.667721  3.76695  
0.680426  0.135717  4.97334  
0.12565  0.714439  4.81903  
0.628472  0.231116  5.17318  
0.74751  0.848572  3.04949  
0.767479  0.27592  4.22512  
0.893457  0.728451  3.22548  
0.700548  0.842183  3.39906  
0.869629  0.71676  3.27143  
0.146603  0.299566  5.32076  
0.111406  0.675354  5.07786  
0.0183593  0.0126492  5.96996  
0.0268273  0.0463317  5.90281  
0.911861  0.00122087  4.59599  
0.827792  0.819767  2.72896  
0.63723  0.857877  3.84528  
0.694114  0.213489  4.72421  
0.681974  0.24513  4.79756  
0.698511  0.673379  4.38584  
0.76187  0.689137  4.07021  
0.28186  0.713734  4.56785  
0.714639  0.20159  4.58722  
0.88689  0.782005  2.86413  
0.00544261  0.0369133  5.94695  
0.285343  0.773629  4.17953  
0.630652  0.640489  5.10807  
0.847668  0.680438  3.54542  
0.690498  0.220743  4.74509  
0.755445  0.818547  3.07832  
0.727575  0.793327  3.34893  
0.00255154  0.0505871  5.92426  
0.148223  0.0513104  5.63199  
0.641818  0.861187  3.81609  
0.251252  0.653545  5.00053  
0.71955  0.863107  3.24483  
0.797875  0.264984  4.02484  
0.150902  0.869667  4.01411  
0.185624  0.630076  5.21565  
0.0748695  0.803573  4.3109  
0.2935  0.000566361  5.66902  
0.741461  0.806191  3.19305  
0.821725  0.782965  2.89724  
0.727521  0.74738  3.71106  
0.719963  0.0323727  4.90577  
0.687087  0.208815  4.78113  
0.874055  0.851573  2.62581  
0.0166928  0.100473  5.79972  
0.0312941  0.651175  5.41827  
0.718952  0.196548  4.55672  
0.645813  0.643589  4.97901  
0.885627  0.101921  4.15074  
0.0219774  0.224142  5.56225  
0.809548  0.647574  3.87026  
0.850594  0.0441299  4.25214  
0.0972594  0.798534  4.2802  
0.198184  0.632965  5.18232  
0.679793  0.148012  4.94831  
0.814725  0.855935  2.70246  
0.277719  0.651341  5.02821  
0.179018  0.237564  5.22069  
0.0040442  0.224142  5.58448  
0.800867  0.879916  2.76064  
0.879706  0.706369  3.37216  
0.726963  0.686294  4.09885  
0.774654  0.885887  2.96475  
0.864611  0.741936  3.09364  
0.722602  0.859427  3.22159  
0.779758  0.245461  4.11327  
0.87815  0.712431  3.31247  
0.210512  0.181292  5.24044  
0.802621  0.877703  2.75062  
0.2321  0.0604779  5.49176  
0.743752  0.757861  3.43253  
0.140669  0.728768  4.6231  
0.0079004  0.0684662  5.88405  
0.684255  0.86488  3.51215  
0.799315  0.255377  4.09112  
0.195459  0.703034  4.67901  
0.661147  0.830462  3.72699  
0.709378  0.0133096  5.01496  
0.668038  0.141705  5.06846  
0.229612  0.0701039  5.46809  
0.841943  0.272763  3.90257  
0.806826  0.877703  2.73387  
0.237198  0.171058  5.33421  
0.12087  0.0318533  5.7288  
0.672064  0.142281  5.05744  
0.274306  0.127685  5.33556  
0.162521  0.093809  5.51301  
0.71955  0.770261  3.52889  
0.167609  0.0618664  5.61163  
0.668239  0.832051  3.66261  
0.758577  0.132534  4.40632  
0.0887929  0.0528673  5.76821  
0.00700657  0.121392  5.76985  
0.869127  0.0873361  4.16  
0.820428  0.874499  2.68204  
0.816339  0.0126492  4.36611  
0.772199  0.725433  3.47375  
0.20918  0.175369  5.3049  
0.10946  0.0557624  5.71335  
0.254085  0.100473  5.39338  
0.212336  0.193254  5.21583  
0.827792  0.808656  2.76978  
0.72527  0.167675  4.60459  
0.220643  0.119861  5.35937  
0.876555  0.075245  4.19499  
0.045545  0.7539  4.62967  
0.246705  0.848824  3.88853  
0.63961  0.217917  5.11159  
0.215174  0.0497803  5.52562  
0.665702  0.833821  3.67391  
0.650223  0.854169  3.75975  
0.673222  0.264438  4.86503  
0.165382  0.156885  5.36245  
0.0105322  0.868948  4.30025  
0.682398  0.792975  3.68816  
0.103891  0.153029  5.5062  
0.722745  0.241761  4.49019  
0.0577534  0.184236  5.60098  
0.803826  0.692571  3.6392  
0.719943  0.234869  4.51226  
0.775225  0.252473  4.13886  
0.208923  0.859461  3.9114  
0.159662  0.0323005  5.65342  
0.229471  0.0423017  5.52749  
0.156794  0.256848  5.26289  
0.064629  0.0602171  5.80675  
0.766596  0.774567  3.18153  
0.737335  0.768663  3.41735  
0.0370619  0.705627  4.9925  
0.67675  0.856338  3.56898  
0.172504  0.828932  3.99913  
0.651548  0.82991  3.79889  
0.238787  0.669524  4.89028  
0.769856  0.772731  3.1723  
0.851958  0.82449  2.66357  
0.175128  0.833495  3.98409  
0.139511  0.297977  5.33131  
0.855022  0.762171  2.95158  
0.0312941  0.645474  5.44845  
0.730675  0.163234  4.601  
0.266425  0.78504  4.10495  
0.865617  0.760173  3.00599  
0.890534  0.0020657  4.34395  
0.631684  0.818547  3.96454  
0.795651  0.792652  2.9361  
0.118673  0.0245197  5.75675  
0.170383  0.885887  3.9945  
0.818965  0.249685  3.9767  
0.0848384  0.65795  5.25242  
0.170383  0.712014  4.65265  
0.846584  0.696322  3.42655  
0.24086  0.273839  5.20221  
0.071798  0.0690866  5.78854  
0.0598493  0.0943939  5.74262  
0.732121  0.794056  3.31046  
0.135739  0.0216622  5.71226  
0.160642  0.716376  4.64018  
0.0931474  0.237875  5.41164  
0.104913  0.828418  4.16359  
0.838498  0.849031  2.63739  
0.701516  0.0156339  5.13475  
0.075933  0.835412  4.21365  
0.293751  0.700297  4.68413  
0.163635  0.00616595  5.67957  
0.75912  0.186011  4.2917  
0.729034  0.815402  3.29938  
0.869629  0.782304  2.83762  
0.155024  0.253723  5.29234  
0.836588  0.147136  4.03644  
0.767854  0.741936  3.38179  
0.16045  0.778447  4.22544  
0.729034  0.818961  3.28869  
0.766883  0.0661054  4.53896  
0.271647  0.126754  5.34454  
0.046736  0.0782818  5.82007  
0.845387  0.733477  3.15006  
0.736503  0.630014  4.4163  
0.155024  0.177162  5.34892  
0.634811  0.235248  5.14615  
0.202598  0.776049  4.28982  
0.221773  0.676239  4.85027  
0.2541  0.678246  4.83845  
0.0254789  0.82302  4.43855  
0.780226  0.791268  3.01987  
0.69525  0.262157  4.69512  
0.751393  0.258481  4.2861  
0.76187  0.117505  4.70847  
0.843649  0.76825  2.92187  
0.672793  0.090488  5.27471  
0.696306  0.184236  4.76366  
0.75284  0.744607  3.45918  
0.818965  0.260796  3.94511  
0.753349  0.721324  3.62262  
0.144027  0.704723  4.76554  
0.0828959  0.0821834  5.71984  
0.829805  0.260796  3.91692  
0.177738  0.795231  4.13652  
0.043733  0.726002  4.84431  
0.672917  0.820704  3.7413  
0.13815  0.836564  4.05787  
0.711428  0.00239757  5.06405  
0.763864  0.0294897  4.59335  
0.094656  0.190001  5.46381  
0.797665  0.821635  2.81234  
0.803302  0.821427  2.78878  
0.0301187  0.0126492  5.94989  
0.812127  0.772277  2.97311  
0.202167  0.076983  5.4802  
0.891245  0.678246  3.6042  
0.718536  0.76326  3.58  
0.0544864  0.678252  5.16757  
0.284983  0.0988425  5.42861  
0.0983043  0.879916  4.14832  
0.790821  0.103967  4.33654  
0.674367  0.850195  3.58873  
0.712474  0.786547  3.49536  
0.115769  0.015703  5.76631  
0.1895  0.206163  5.22961  
0.216786  0.0367357  5.54221  
0.155992  0.190001  5.31978  
0.861031  0.82501  2.66032  
0.132416  0.095819  5.58231  
0.679793  0.150469  4.93822  
0.0668997  0.740278  4.74182  
0.770164  0.00698086  4.58839  
0.239189  0.637674  5.11303  
0.242665  0.155391  5.26842  
0.242665  0.660723  5.04766  
0.062484  0.250215  5.47714  
0.849876  0.642069  3.85405  
0.704429  0.86666  3.35976  
0.242364  0.253464  5.15067  
0.129024  0.0608644  5.65796  
0.224174  0.738899  4.48607  
0.0525292  0.731192  4.77402  
0.165382  0.662216  5.03687  
0.0694958  0.0307951  5.84933  
0.673388  0.131086  5.0343  
0.674491  0.154248  4.98699  
0.10645  0.872842  4.11896  
0.702367  0.0943939  4.90031  
0.706588  0.724632  4.01563  
0.0628986  0.124449  5.69725  
0.773897  0.080422  4.44137  
0.8341  0.651187  3.82212  
0.0281431  0.260252  5.55091  
0.0576052  0.640778  5.53017  
0.0370709  0.720461  4.88109  
0.678943  0.856338  3.55097  
0.10645  0.6433  5.30724  
0.225382  0.825779  3.93411  
0.713749  0.208915  4.58236  
0.787037  0.637674  4.03801  
0.135739  0.807144  4.20692  
0.786659  0.113097  4.29426  
0.155579  0.114182  5.56839  
0.663145  0.811617  3.75449  
0.000515478  0.011662  5.99226  
0.65499  0.647574  4.88601  
0.000640258  0.117695  5.86972  
0.0850882  0.0860215  5.70636  
0.00842251  0.150469  5.69418  
0.635083  0.0463317  5.48874  
0.665322  0.105096  5.16775  
0.0403689  0.762764  4.625  
0.7307  0.219211  4.46497  
0.788265  0.809271  2.94317  
0.0718224  0.0854507  5.73698  
0.834072  0.182502  4.01514  
0.0829049  0.0970763  5.68496  
0.846859  0.764822  2.93841  
0.000515478  0.0111441  5.99355  
0.625519  0.721874  4.53335  
0.139234  0.738375  4.52635  
0.126219  0.0219996  5.73443  
0.177954  0.205725  5.24921  
0.0419638  0.796692  4.49602  
0.71955  0.777408  3.49098  
0.792763  0.797965  2.92036  
0.657978  0.090488  5.34221  
