8.49286e-012  0.9077  5.07133  
0.108025  1.97163e-011  5.80126  
0.858125  0.866051  2.61624  
0.896591  0.768757  2.96246  
8.49286e-012  3.72692e-005  6.06413  
0.322335  0.69645  4.76372  
0.630655  0.169492  5.24295  
6.26289e-011  0.326394  5.68057  
0.670768  0.627188  4.90478  
0.297317  0.82704  3.95165  
0.6989  0.884483  3.42429  
0.649348  0.318283  5.09407  
0.000332674  0.9077  5.07042  
0.656658  0.30637  5.0254  
0.884016  0.0877906  4.17986  
0.287045  0.062596  5.49549  
0.0694137  0.0339091  5.86726  
0.294439  0.63712  5.13887  
0.741856  0.767187  3.38955  
0.17339  0.0392323  5.60144  
0.754838  0.759006  3.35078  
0.028912  0.112448  5.75398  
0.258612  0.231806  5.15429  
0.0113737  0.0362457  5.95724  
0.883704  0.842397  2.65156  
0.0842193  0.204673  5.46185  
6.26289e-011  2.52916e-009  6.02885  
0.819531  0.788924  2.85847  
0.824604  0.775  2.91806  
0.78288  0.858361  2.83411  
0.748828  0.874349  3.04459  
0.100241  0.276939  5.40236  
0.861326  0.810876  2.70431  
0.275942  0.720777  4.51053  
0.251795  0.657118  4.97543  
0.744426  0.877902  3.0807  
0.880604  0.777355  2.87748  
0.0392502  0.705568  4.99018  
0.738435  0.833167  3.15219  
0.264269  0.223721  5.16604  
0.00236057  1.97163e-011  6.00086  
0.640808  0.0112195  5.50641  
0.167353  0.251949  5.24461  
0.665742  0.22708  4.92344  
0.161761  0.784659  4.18905  
0.758112  0.276816  4.34641  
0.27345  0.137154  5.31243  
0.664141  0.214671  4.94608  
0.811774  0.736066  3.20974  
0.661758  0.82955  3.71085  
0.832305  0.746479  3.07977  
0.806843  0.660064  3.79572  
0.249135  0.0788835  5.44229  
0.817164  0.863823  2.68383  
0.260935  0.115726  5.35732  
0.776987  0.70874  3.572  
0.118248  0.1054  5.58226  
0.242924  0.0741692  5.45378  
0.0957849  0.0955188  5.66002  
0.0537693  0.738649  4.71812  
0.718343  0.742271  3.72552  
0.702652  0.765285  3.68791  
0.634354  0.674525  4.83202  
0.863768  0.738646  3.1085  
0.710469  0.122157  4.77123  
0.638732  0.211522  5.1488  
0.267524  0.0460321  5.53511  
0.881134  0.693107  3.46242  
0.00617049  0.0142146  5.97792  
0.795122  0.823747  2.81708  
0.0469692  0.687222  5.12086  
0.790931  0.65227  4.04723  
0.778283  0.289998  4.1705  
0.254103  0.0298916  5.55403  
0.0316879  0.14528  5.68224  
0.028239  0.196532  5.58669  
0.149403  0.125435  5.46194  
0.849784  0.794114  2.77662  
0.112985  0.00398784  5.78527  
0.782126  0.768715  3.28195  
0.786519  0.664233  3.91987  
0.724572  0.82922  3.2616  
0.673428  0.177511  4.93052  
0.254103  0.674982  4.84697  
0.675746  0.0982775  5.09477  
0.755841  0.749403  3.40559  
0.773231  0.715966  3.58783  
0.728685  0.120969  4.64049  
0.76056  0.283825  4.23997  
0.244687  0.0312153  5.53624  
0.137667  0.0701038  5.61818  
0.0232836  0.752188  4.70289  
0.0551437  0.0212885  5.89272  
0.206622  0.883914  3.93638  
0.845986  0.760732  2.96458  
0.122657  0.156782  5.47929  
0.0205351  0.0513158  5.91876  
0.223363  0.640324  5.10357  
0.830056  0.8767  2.66867  
0.698924  0.0573713  5.00787  
0.720543  0.103308  4.74169  
0.130766  0.280483  5.33295  
0.733357  0.837534  3.16709  
0.771822  0.0262702  4.5515  
0.158166  0.696071  4.82137  
0.837459  0.793149  2.80023  
0.129522  0.702842  4.81138  
0.156313  0.109763  5.49085  
0.0598783  0.258645  5.483  
0.764376  0.20896  4.23348  
0.140898  0.632431  5.29113  
0.0440107  0.175009  5.59039  
0.00940541  0.225927  5.57316  
0.0493939  0.0194335  5.90614  
0.786519  0.718182  3.49744  
0.832305  0.760732  2.98708  
0.801728  0.868165  2.74305  
0.68162  0.192788  4.86142  
0.77074  0.805739  3.00509  
0.689334  0.800591  3.60389  
0.736229  0.847932  3.12766  
0.190561  0.186179  5.25506  
0.0972751  0.129355  5.62545  
0.0232836  0.755069  4.65876  
0.0667553  0.731935  4.74154  
0.828265  0.81541  2.72584  
0.745569  0.0587159  4.67056  
0.27968  0.68301  4.79735  
0.0153096  0.844084  4.29931  
0.812337  0.764492  3.02201  
0.683512  0.179508  4.9104  
0.153521  0.861678  4.00185  
0.26983  0.713358  4.56141  
0.113102  0.0169371  5.77454  
0.186609  0.219055  5.21861  
0.12681  0.796616  4.21091  
0.794588  0.858798  2.78476  
0.686872  0.854609  3.51864  
0.0898316  0.883285  4.17635  
0.0727397  0.222781  5.46826  
0.82941  0.132652  4.08376  
0.797629  0.282258  4.0371  
0.199742  0.745491  4.39245  
0.697146  0.251156  4.67899  
0.0906827  0.0843186  5.69679  
0.654041  0.819883  3.81108  
0.178196  0.70053  4.72532  
0.0779566  0.243748  5.44426  
0.760392  0.295848  4.25692  
0.863234  0.688783  3.47704  
0.706244  0.77048  3.62762  
0.691396  0.713377  4.13279  
0.766094  0.866783  2.93136  
0.697881  0.0670387  5.01717  
0.800433  0.768757  3.03818  
0.736029  0.877902  3.13956  
0.0374311  0.0524959  5.87887  
0.819886  0.140423  4.09076  
0.654117  0.301724  5.03357  
0.20854  0.11461  5.39387  
0.212023  0.137336  5.37578  
0.274126  0.161119  5.2751  
0.646523  0.827724  3.82283  
0.815994  0.644223  3.87251  
0.0586953  0.804731  4.35788  
0.744573  0.667686  4.27832  
0.2159  0.120969  5.36179  
0.750655  0.166082  4.38398  
0.877391  0.64996  3.77229  
0.704041  0.129869  4.89496  
0.03389  0.0699269  5.84555  
0.720253  0.66877  4.25812  
0.148314  0.840374  4.02839  
0.0487353  0.146933  5.63901  
0.785814  0.732711  3.34883  
0.741856  0.788682  3.31466  
0.0379431  0.799842  4.4253  
0.723436  0.728992  3.77565  
0.712924  0.279693  4.58367  
0.165257  0.167332  5.33665  
0.673428  0.0172492  5.26424  
0.733357  0.831387  3.17407  
0.773038  0.858798  2.89674  
0.232888  0.646855  5.05335  
0.720253  0.0993532  4.75929  
0.811043  0.262068  3.9711  
0.838731  0.63428  3.88032  
0.868479  0.78439  2.82451  
0.0182298  0.7246  4.87828  
0.110392  0.861962  4.10534  
0.742288  0.786267  3.27836  
0.656658  0.859765  3.7612  
0.0287432  0.0240332  5.93528  
0.0416162  0.820838  4.31218  
0.726115  0.834653  3.23952  
0.771822  0.00686351  4.57535  
0.0508368  0.0631795  5.83033  
0.638896  0.159681  5.20899  
0.771235  0.660841  3.97834  
0.143929  0.666273  5.08396  
0.0727397  0.27016  5.46074  
0.685351  0.711435  4.29795  
0.744718  0.677544  4.01898  
0.80526  0.709661  3.44879  
0.17382  0.749242  4.38101  
0.241037  0.861027  3.88263  
0.201534  0.249807  5.18336  
0.854356  0.130621  4.05469  
0.708397  0.23861  4.59724  
0.838731  0.637677  3.8587  
0.796455  0.861678  2.76294  
0.752959  0.849951  3.01917  
0.662442  0.000691763  5.36424  
0.852545  0.820356  2.67706  
0.195868  0.742944  4.46438  
0.654407  0.301724  5.03138  
0.215298  0.282391  5.17945  
0.147111  0.249807  5.2826  
0.778904  0.797312  3.00041  
0.177141  0.182816  5.29669  
0.0589728  0.247888  5.48415  
0.856238  0.710388  3.32737  
0.809204  0.66497  3.74864  
0.82941  0.140478  4.06558  
0.0944368  0.808477  4.23991  
0.727318  0.297342  4.48411  
0.763233  0.71078  3.63654  
0.0187965  0.0113298  5.96893  
0.123956  0.154166  5.4575  
0.871301  0.23434  3.89259  
0.019347  0.267799  5.56329  
0.0993902  0.00398784  5.8181  
0.877391  0.651718  3.75997  
0.709332  0.7867  3.51637  
0.634354  0.264287  5.13215  
0.643323  0.135236  5.23312  
0.212023  0.117015  5.37907  
0.187458  0.726514  4.51895  
0.836719  0.7246  3.22664  
0.238392  0.728992  4.4435  
0.179503  0.81677  4.01983  
0.778283  0.291757  4.14462  
0.0918362  0.747228  4.57715  
0.230874  0.774284  4.20508  
0.0582795  0.861678  4.22082  
0.808258  0.764492  3.19255  
0.667565  0.835734  3.6566  
0.279702  0.859606  3.8951  
0.727318  0.172984  4.53485  
0.0287487  0.119635  5.73706  
0.849863  0.219055  3.89891  
0.634354  0.0794731  5.42283  
0.871989  0.81541  2.70098  
0.695738  0.666847  4.44862  
0.176768  0.743167  4.41645  
0.0287487  0.680996  5.19219  
0.115204  0.0416084  5.72599  
0.864438  0.637329  3.84639  
0.23567  0.787968  4.09309  
0.651887  0.81677  3.83557  
0.779648  0.0435247  4.47825  
0.66778  0.828585  3.67349  
0.854356  0.803151  2.73454  
0.164206  0.193187  5.29695  
0.70688  0.752193  3.73698  
0.841724  0.688783  3.48933  
0.826979  0.78418  2.88706  
0.718343  0.705985  3.9914  
0.640808  0.674777  4.79002  
0.133385  0.744857  4.49786  
0.196748  0.19197  5.23758  
0.186086  0.846737  3.94466  
0.238392  0.0849956  5.43023  
0.668953  0.828585  3.66491  
0.224542  0.149892  5.28632  
0.0249336  0.80096  4.40678  
0.0049079  0.782104  4.52274  
0.873979  0.687624  3.49373  
0.016612  0.136641  5.71346  
0.747027  0.703191  3.87175  
0.864438  0.727219  3.18877  
0.831334  0.193396  3.95869  
0.165257  0.256657  5.24425  
0.0360536  0.693251  5.09624  
0.2496  0.092155  5.41171  
0.136972  0.188933  5.35876  
0.0317207  0.820838  4.32859  
0.747526  0.162788  4.41135  
0.0121936  0.827724  4.33404  
0.671072  0.240686  4.87763  
0.209733  0.0821956  5.4594  
0.843713  0.0914141  4.15645  
0.0876445  0.243803  5.42238  
0.712344  0.719342  3.92948  
0.81972  0.696671  3.47734  
0.858125  0.772922  2.88354  
0.0727397  0.0475777  5.81477  
0.714154  0.749403  3.70168  
0.192394  0.783314  4.14031  
0.849974  0.109801  4.11271  
