2.02244  0.044023  0.118835  
1.02595  0.576688  0.0337111  
0.0420631  3.81216  0.442562  
0.0495423  4.02685  0.0744596  
0.0524569  0.0549794  5.93306  
0.0542861  3.93536  0.0535846  
0.0474204  3.89381  0.080796  
0.0517065  3.98752  0.0545833  
0.0728008  0.193534  4.92973  
1.8852  0.0551255  2.79578  
1.928  0.0525799  0.589144  
0.0659833  0.200896  5.02627  
1.86684  0.0744816  0.0627369  
0.0640905  0.121194  5.1469  
1.99006  0.0481581  0.0562471  
0.128143  0.0713763  5.24303  
0.160624  2.65905  0.269441  
0.329753  1.97866  0.9005  
1.82203  0.0762772  0.0729288  
0.158037  0.378076  3.85176  
0.97786  0.256625  1.44249  
0.389123  0.0767956  4.62201  
0.442317  0.854868  1.9477  
0.171711  0.920833  3.37746  
0.19428  0.790537  3.42073  
0.307846  2.01824  0.857793  
0.457575  0.0733372  3.78811  
0.1429  2.70123  1.03736  
1.39531  0.250726  0.21862  
0.0525028  3.65814  1.1866  
0.0685862  0.100725  5.61504  
0.223804  0.175404  4.35199  
1.54548  0.168039  0.792962  
0.255872  0.691618  2.69731  
0.177247  0.254825  4.26449  
1.52356  0.167305  0.90843  
0.206917  2.38354  0.933499  
0.0547779  3.84279  0.0569943  
0.996651  0.616984  0.284664  
0.549322  0.166813  3.45904  
0.100602  3.04783  0.886312  
0.429019  1.6349  0.311092  
1.90929  0.0526812  0.108598  
0.42187  1.67127  1.17613  
0.0569999  0.165428  5.54684  
1.1191  0.136594  2.19092  
1.79666  0.0706241  0.0831143  
1.09921  0.140612  1.87102  
0.051861  2.91454  3.29195  
0.211089  2.41452  0.794104  
0.111354  1.08802  3.5648  
0.650129  1.14328  0.478033  
0.102016  0.467336  4.08163  
0.167174  0.300871  4.21003  
0.220739  0.66975  3.61156  
0.120538  2.8832  0.444843  
0.0551775  2.63935  2.07436  
0.499435  0.822713  1.4242  
1.76223  0.0948023  0.155683  
1.84436  0.0588659  0.205982  
1.96623  0.0574324  0.0566468  
0.152559  0.277366  4.57898  
0.0827874  3.14119  0.549645  
0.353329  0.100908  3.74749  
0.386816  1.77041  0.341881  
0.0947851  3.07936  0.215445  
0.573313  0.177366  2.74854  
1.04224  0.562474  0.632879  
1.01327  0.229739  1.36422  
0.781601  0.910421  0.869892  
0.0609508  3.49603  0.376774  
0.212586  0.154751  4.48828  
0.349778  0.388487  3.18349  
0.0773261  3.33828  0.0614293  
0.113489  2.98561  0.529909  
0.637704  1.26032  0.131052  
1.18595  0.0889167  1.82807  
0.0691088  3.44167  0.399621  
0.535395  0.70554  1.92889  
0.453105  0.297187  3.20193  
0.524401  1.40788  1.09685  
0.155802  0.318597  4.14027  
0.593042  0.172093  2.57691  
1.24955  0.364686  0.778007  
0.363794  1.11004  1.32551  
0.280704  2.20282  0.110204  
0.825949  0.8703  0.384865  
0.934281  0.208757  2.43261  
0.677865  1.09759  0.6381  
0.370202  0.0916908  4.11153  
0.256821  0.618614  3.03079  
1.43007  0.227681  0.760842  
0.128586  2.84097  0.875028  
1.10866  0.140102  2.00168  
0.599009  0.119323  3.30099  
1.78019  0.0612268  0.984044  
1.3667  0.274573  0.318442  
1.15097  0.427806  0.616624  
0.294124  2.1133  0.239433  
0.63084  1.182  0.495043  
0.0908312  2.14501  1.77394  
0.105361  2.94997  0.701185  
0.0854427  1.17355  3.62795  
0.726388  1.03542  0.397722  
0.186542  0.231068  4.0387  
0.627751  0.14383  2.64473  
0.131382  0.939888  3.23942  
0.0885689  3.22804  0.0466034  
1.26013  0.363934  0.780431  
0.609513  0.113899  3.27086  
0.121831  0.349466  4.72103  
1.1299  0.482904  0.424927  
0.0878705  3.1111  1.01  
1.27379  0.0928464  1.45201  
0.512777  1.46914  0.284499  
1.9486  0.0500689  0.0704831  
0.086028  0.0792255  5.7962  
0.200453  2.5129  0.10002  
0.307798  0.642413  2.52661  
0.252651  2.22027  0.516073  
0.108678  0.184264  5.06921  
0.0644033  0.770511  3.97469  
0.139525  0.357738  3.87276  
0.0562295  3.78417  0.0626767  
0.875296  0.074082  2.87124  
0.178357  0.749239  3.48997  
0.685552  1.08197  0.468409  
0.181214  0.995778  2.61523  
0.0874802  1.28016  2.75672  
0.0621003  2.33193  4.20162  
0.194313  0.224457  4.66465  
0.407539  0.958054  1.96316  
0.179881  0.248274  4.55295  
1.6969  0.113872  0.0711379  
0.416973  1.68388  1.04409  
1.07416  0.508063  0.6982  
0.104191  1.96048  2.08506  
1.23333  0.339429  1.14257  
0.79496  0.331365  1.84964  
1.41982  0.246719  0.102603  
0.103481  2.12233  1.83961  
0.109539  0.0724259  5.49887  
0.116582  0.0815744  5.30479  
1.94612  0.061857  0.0558461  
1.26552  0.0888261  2.17618  
0.472279  0.259865  3.1435  
0.103392  3.02995  0.319651  
0.0773564  3.26698  1.24289  
0.0638357  3.46507  0.779369  
1.34769  0.0787152  1.55824  
1.08778  0.176907  1.26975  
0.0702831  0.717674  4.1701  
0.0808473  3.25093  0.19645  
0.125031  2.85641  0.921391  
0.605525  0.574399  2.01285  
1.3112  0.070744  2.13043  
1.68349  0.129253  0.0732934  
0.0820125  3.17687  1.07591  
0.0471158  3.83446  0.189168  
0.260507  2.18172  0.706155  
0.157597  1.79437  1.74621  
0.125346  0.0873395  5.0978  
0.0678377  3.5468  0.0528583  
1.37994  0.257403  0.418267  
1.35768  0.293257  0.457944  
1.89467  0.0584508  0.750781  
1.00673  0.608823  0.224187  
0.289708  1.27262  1.5116  
0.962829  0.635469  0.993605  
0.323529  0.45534  2.66024  
0.202362  0.230094  4.3072  
1.50341  0.180109  0.665905  
1.48313  0.226602  0.116607  
0.0576805  3.7293  0.0539519  
1.13625  0.471807  0.516687  
0.0551875  2.71301  1.62487  
0.556588  1.33483  0.595181  
0.0821867  3.18962  0.35624  
0.741776  0.96479  1.06075  
0.0674192  2.48696  1.45546  
0.274212  2.0771  0.954885  
0.287619  1.20028  2.26042  
1.44405  0.209492  0.896571  
0.300568  0.0857692  4.45591  
0.718363  0.0969508  2.89792  
0.0866393  3.21076  0.0576796  
0.238609  1.5151  1.48894  
0.149005  2.7855  0.0828737  
0.518532  0.678052  2.13511  
0.2327  0.660894  2.96899  
1.32281  0.293001  1.02523  
1.33999  0.257004  0.947922  
0.48964  0.213031  3.08411  
0.577062  0.630334  2.0503  
0.163673  1.57475  2.24666  
0.203201  1.52364  2.2104  
0.292951  2.04705  0.36466  
1.03264  0.563021  0.735526  
0.115463  2.96853  0.065192  
1.77245  0.0813997  0.682124  
0.227264  1.35872  1.98645  
0.0787395  0.104204  5.53091  
0.689717  0.11739  2.81451  
1.4078  0.261921  0.112156  
0.0859446  0.0869233  5.74068  
0.344373  0.443153  2.58962  
0.15678  0.337428  4.00742  
1.5838  0.151896  0.393518  
0.883912  0.812489  0.0552973  
1.05364  0.565228  0.612017  
0.756324  0.946285  0.865902  
0.468154  0.290068  2.95248  
1.06118  0.561208  0.825789  
0.065231  3.57915  0.0521579  
0.113998  0.0782985  5.33682  
0.244266  2.26822  0.62812  
0.0980857  3.16143  0.116016  
0.832861  0.310854  1.60504  
0.126924  0.134024  4.85742  
0.129029  0.998208  3.50542  
0.0601422  2.61253  1.73192  
0.326661  0.0994437  4.29516  
0.0583989  3.6414  0.282585  
0.815206  0.893806  0.708757  
0.73639  0.423913  1.6672  
0.534307  0.688544  2.03148  
0.1181  2.87051  1.08617  
0.703342  1.04184  0.56404  
0.101346  0.101132  5.26446  
0.272287  0.0962335  4.80605  
0.235787  1.41819  1.7097  
0.338919  0.403187  3.33876  
1.74745  0.105954  0.0582858  
0.0598186  3.60794  0.19927  
0.792656  0.316725  2.4211  
0.0669765  0.239997  4.89834  
0.152939  0.269013  4.76305  
0.0635922  3.39231  0.915125  
0.134218  1.92012  1.57545  
0.0622654  3.52187  0.0671068  
0.240879  2.17689  1.20933  
0.847363  0.770291  1.22535  
0.899453  0.261926  1.89261  
0.57067  0.609599  2.2864  
0.0814954  0.527189  4.50522  
0.161141  2.80155  0.0674516  
0.0655997  0.0660959  5.90751  
0.0518757  3.59357  1.46596  
0.390817  0.398714  2.45065  
0.939621  0.219273  2.09872  
0.0964992  0.0867257  5.41925  
0.945295  0.701848  0.645314  
0.0559924  1.30877  5.04872  
0.376439  1.86097  0.316086  
0.0777747  3.28769  0.96963  
0.0745497  1.50368  3.34417  
0.379661  0.928261  2.4069  
0.191151  2.58216  0.0923207  
1.45145  0.231682  0.0833843  
1.89904  0.0573281  0.907146  
0.383008  0.432657  2.6767  
1.14415  0.491484  0.360917  
0.181298  2.56277  0.537367  
1.60993  0.130407  0.770013  
0.476538  1.50897  1.15444  
0.217285  0.781006  2.92003  
0.0879789  0.0880683  5.70526  
0.0731334  3.3095  0.163477  
0.0971377  0.113829  5.12635  
1.70511  0.0947786  0.623908  
0.0689488  3.48253  0.168051  
0.800908  0.388313  1.58703  
0.18322  1.71821  1.63467  
0.953698  0.25711  1.66882  
0.419507  0.327434  3.0127  
0.243195  1.44771  1.38955  
0.0993649  0.0835764  5.47692  
0.917358  0.219629  2.36161  
0.313464  1.20044  1.54283  
0.0583332  0.159474  5.37647  
0.398248  1.74031  0.563072  
0.51017  1.48113  0.308062  
0.115897  0.372343  4.77991  
0.561414  0.754312  1.52484  
1.67663  0.113276  0.37746  
0.20168  0.216678  4.38851  
0.236483  0.632201  3.0496  
0.0726049  0.637285  4.43615  
1.47258  0.227321  0.327137  
0.864421  0.295961  1.39722  
1.17605  0.0981578  2.30605  
0.128061  0.280699  4.74038  
0.141377  0.333036  4.41374  
0.567604  0.188955  3.11375  
1.21855  0.383751  0.483171  
0.477351  1.53306  0.544738  
0.283588  0.124283  4.52833  
1.73334  0.0822226  0.420603  
0.199823  2.54767  0.0562946  
0.577429  0.149831  3.52301  
0.926763  0.0484716  3.07069  
0.114379  2.93533  1.0169  
0.402564  0.111789  3.70236  
1.06651  0.55484  0.502387  
0.47318  0.234559  3.54618  
1.19678  0.462382  0.0683607  
0.245431  0.198409  3.95294  
1.46024  0.073992  1.27542  
0.391571  0.950703  2.34685  
1.63533  0.15917  0.0662404  
1.20135  0.435449  0.248059  
0.264519  2.1645  0.807236  
0.0810242  0.0883752  5.81952  
0.0443856  0.498561  5.25271  
0.606982  0.589992  1.78755  
0.135205  1.94464  1.55283  
1.46762  0.193254  0.844999  
0.114757  3.09464  0.0886496  
0.0762212  0.797089  3.67608  
0.063607  3.62674  0.0563283  
0.170596  2.57243  0.678303  
0.122121  0.410429  3.90699  
0.187751  1.58856  2.21608  
0.584734  0.594173  2.15479  
0.206146  2.42891  0.0500096  
0.0434033  0.491109  5.63732  
0.225359  2.29292  0.958098  
0.267539  2.24079  0.0528582  
0.459505  1.60097  0.176697  
0.528484  1.37061  0.915707  
0.100038  3.12341  0.127837  
1.66874  0.113351  1.01735  
0.840468  0.878673  0.274249  
1.51156  0.182407  0.211599  
0.0900651  2.28573  1.28961  
1.16323  0.400994  1.129  
0.424843  1.69549  0.242038  
0.218898  2.3501  0.71944  
1.78831  0.0810846  0.656708  
1.49533  0.208128  0.231418  
0.429571  0.83899  2.41909  
0.0834635  2.2553  1.77556  
0.188193  1.01245  2.52734  
0.340865  1.2139  1.32533  
0.648312  1.23475  0.162935  
0.343046  1.92955  1.05551  
1.63025  0.122728  0.352294  
0.0697663  3.41999  0.0452912  
0.0932031  1.44194  2.56095  
0.507321  0.29715  2.84429  
0.076245  3.304  0.944195  
1.28557  0.33471  0.225251  
0.821733  0.333681  1.65652  
0.0516002  3.75189  0.262221  
1.83099  0.0670057  0.0760029  
0.61539  0.67971  1.40379  
0.749957  0.983331  0.834919  
1.2965  0.0782733  2.18749  
0.902032  0.727724  1.11178  
1.22476  0.368506  0.286743  
0.807964  0.872637  1.02489  
0.697424  1.12922  0.0745491  
0.264911  0.605595  2.95634  
0.772585  0.962367  0.661216  
0.050807  3.80534  0.129597  
0.318847  2.03271  0.0983825  
1.4908  0.188598  1.01932  
0.761074  0.431536  1.35155  
0.116312  2.09188  1.30967  
0.0806075  2.33694  1.91075  
0.586073  0.575931  2.3407  
0.297069  1.24325  1.80431  
0.246931  2.30756  0.198483  
0.722094  0.392453  2.39042  
1.16041  0.461246  0.28956  
0.0599069  3.68612  0.0563432  
1.74419  0.0987497  0.201367  
0.837001  0.887925  0.0601465  
0.19795  0.063009  5.38757  
1.09239  0.165965  1.80242  
0.869213  0.781241  0.879863  
1.10551  0.465654  0.69421  
1.29732  0.357202  0.0698715  
0.599555  0.720304  1.67594  
0.143513  1.8923  2.46833  
1.43798  0.0718562  1.27687  
0.97109  0.671458  0.0710587  
1.31294  0.31527  0.29236  
1.23023  0.360372  1.21565  
0.134586  2.76865  0.925446  
0.712248  1.1014  0.141957  
0.545012  0.673239  2.15383  
0.284753  1.32248  1.25198  
0.70641  0.450117  2.15425  
0.10336  3.00831  0.451886  
0.166338  2.59754  1.09389  
0.729059  0.98441  0.202482  
0.908272  0.724647  0.987719  
0.0869597  1.26977  3.21549  
1.7123  0.118396  0.0598208  
0.0484518  3.7131  0.345595  
0.414191  1.84231  0.0745167  
0.913925  0.239475  2.3777  
0.158683  0.318476  3.90189  
0.889428  0.775902  0.116012  
1.55001  0.149292  1.16768  
0.662569  1.15287  0.400926  
0.145425  1.1587  3.06739  
0.904678  0.764632  0.407355  
0.3035  2.06539  0.265116  
0.230803  0.152239  4.82263  
0.146717  2.81841  0.129051  
0.178118  1.70712  1.72657  
0.0700519  3.38015  0.0847911  
0.197953  1.73255  1.36563  
0.132315  0.281994  4.68965  
0.263405  2.3146  0.0766094  
0.204844  2.45511  0.256065  
0.0766816  2.23101  2.16391  
0.55954  0.642035  2.23395  
0.872352  0.268759  1.9736  
0.580233  1.28537  0.44904  
0.438261  0.316421  3.09766  
1.46783  0.199178  0.574291  
1.72996  0.101447  0.0584829  
1.5598  0.150576  1.11584  
0.217717  1.54213  1.4207  
0.269369  1.29306  1.60534  
0.0702629  3.41219  0.0458917  
0.315098  1.19127  1.34682  
0.303704  1.16496  2.32828  
1.55244  0.160302  1.07979  
0.48075  0.898195  1.79323  
1.9867  0.0450378  0.0613683  
0.131195  0.0739578  4.83213  
1.41317  0.255818  0.107609  
0.777209  0.906426  1.23326  
1.33151  0.294108  0.251609  
1.56763  0.186895  0.17239  
0.0490609  0.455044  5.67651  
0.554018  1.42592  0.0797162  
0.0530443  2.8164  1.56277  
0.964505  0.733318  0.0687073  
0.892585  0.75688  0.740544  
0.922505  0.0533019  2.99762  
0.692249  1.12179  0.165417  
0.118087  2.92148  0.883336  
0.0725752  3.35726  0.191019  
0.131722  1.96844  1.73926  
0.92343  0.241841  2.10635  
0.461196  0.919624  1.71216  
1.64494  0.150523  0.0690992  
0.283438  1.35308  1.29704  
0.155495  2.7651  0.073671  
0.53813  1.38876  0.762051  
0.199586  0.344123  3.67988  
1.3297  0.307311  0.153609  
0.0617578  0.367138  5.322  
0.254993  1.49302  1.28092  
0.105087  0.495807  3.65175  
1.03092  0.208062  1.54801  
0.856575  0.8476  0.0679917  
0.157104  2.74737  0.138569  
0.854914  0.284436  2.32053  
0.506824  0.967081  1.33054  
0.0752419  2.36492  1.3398  
0.395201  0.982221  2.06406  
0.184893  1.55362  2.39055  
1.37526  0.303958  0.104337  
0.0752481  2.72766  1.28391  
1.83592  0.0625203  0.0972293  
0.175737  1.05193  2.53269  
0.0493276  3.58195  4.67537  
0.436316  1.62525  0.228699  
1.28646  0.354785  0.083184  
0.384739  1.76239  0.431812  
0.76459  0.0756472  2.99217  
1.16923  0.407141  0.32344  
0.279232  0.969213  2.55026  
0.0896552  0.0862248  5.72801  
1.661  0.136795  0.134664  
0.0581141  3.70935  0.0533341  
0.422784  1.6112  1.03003  
0.157214  1.072  2.49235  
0.249293  1.3794  1.75815  
0.0606561  2.52598  2.16496  
0.667295  0.518908  1.64643  
0.947939  0.267477  1.31275  
0.0709909  2.52953  1.45231  
0.0571804  3.68857  0.127414  
0.0851527  0.432491  4.17944  
0.173538  2.60542  0.502349  
1.21056  0.106147  1.39342  
0.152774  1.87667  1.25963  
0.0896583  2.05483  2.03134  
1.9748  0.0459621  0.0597842  
0.234347  1.43063  1.71671  
0.0515004  3.76304  0.0715066  
0.256266  0.183717  3.93532  
0.483708  1.50022  0.26205  
0.0961107  0.0879491  5.64983  
0.368707  1.88169  0.486051  
0.195968  2.48271  0.328787  
0.284815  1.30981  1.2491  
0.495862  1.56469  0.0907551  
0.410732  1.82476  0.0969263  
0.0961035  2.02978  1.90301  
1.17961  0.124489  2.07257  
0.673049  0.459535  2.24989  
0.619659  1.24216  0.145705  
0.365  1.89603  0.648272  
0.0914617  0.0780586  5.85216  
0.301724  0.54826  2.8625  
0.0712959  3.36717  0.215126  
0.812065  0.900194  0.0490161  
0.0836442  3.28243  0.0747181  
0.61259  0.568387  2.06193  
0.311751  0.464711  2.85196  
0.152495  1.80924  1.64134  
1.97709  0.0583876  0.0553546  
0.440274  0.352273  2.54119  
1.21033  0.166185  1.31753  
0.308806  0.114076  3.72625  
0.644144  0.558788  1.81631  
0.193133  2.46338  0.611865  
0.69517  1.04833  0.964713  
0.25151  2.37415  0.0658448  
0.401966  0.994105  1.83479  
1.71926  0.112854  0.0825783  
0.492661  0.744621  1.68845  
1.65276  0.143765  0.0631404  
0.112247  0.0598014  5.43906  
0.183813  1.58944  2.23788  
0.373304  1.22078  1.31414  
0.0553116  1.34312  4.68164  
0.270545  1.28306  1.61302  
1.60136  0.134949  1.18106  
0.0867421  2.35104  1.37658  
0.801337  0.931152  0.146288  
0.562999  1.40247  0.0722729  
0.334347  0.0641485  4.68677  
1.61872  0.129218  0.674065  
0.0731207  0.616597  4.39244  
0.144213  1.90579  1.25672  
1.56409  0.148503  0.524282  
0.0638208  0.0947036  5.87951  
0.0662504  0.091398  5.85006  
0.177312  0.31017  4.02476  
0.111388  3.00559  0.264074  
0.34754  1.90332  1.08994  
0.279658  0.662316  2.94333  
0.373004  1.74951  0.523187  
0.720215  0.438764  2.29627  
0.547321  1.36311  0.302166  
0.728184  0.492751  1.47086  
0.288384  0.667616  2.5009  
0.540665  1.39709  0.40992  
0.262453  1.3498  1.37445  
0.0950464  0.0907328  5.4555  
0.350684  1.93887  0.0585511  
0.738475  0.481244  1.28635  
0.662685  0.508269  1.78038  
0.776865  0.962683  0.603303  
0.0979247  0.535167  3.76467  
0.299333  1.26908  1.44885  
1.84338  0.0576939  1.03407  
0.380233  1.06362  1.73257  
0.853542  0.342538  1.48627  
0.714555  1.00698  1.21472  
1.05751  0.222057  1.30912  
0.0631111  0.0920231  5.88383  
0.855661  0.812299  0.209935  
0.16511  1.69982  2.1176  
0.51535  0.757639  1.56234  
1.65864  0.115945  1.11849  
0.12635  0.161852  4.87772  
0.307966  0.516136  2.91209  
0.146417  1.85694  1.28098  
0.491029  0.848182  1.38734  
0.540908  0.252148  2.97617  
0.198267  2.44398  0.653751  
1.59049  0.164021  0.156957  
0.15036  1.82997  1.71306  
0.28916  0.535825  3.12469  
0.750186  1.01191  0.12573  
1.24074  0.383494  0.0714557  
0.303766  0.154732  3.9395  
0.612159  1.30315  0.278105  
1.57601  0.173353  0.121824  
1.24116  0.104743  1.40867  
0.327457  2.08559  0.0694648  
0.0602761  3.53302  1.33726  
0.640838  1.15372  0.457256  
0.182281  1.06082  2.50024  
0.417825  0.974987  1.25494  
1.57334  0.145409  0.517457  
0.103134  0.0792135  5.67315  
0.193684  2.47786  0.435909  
0.289342  2.16207  0.0521729  
1.71921  0.102009  0.182611  
