0.0390338  3.87229  0.0562481  
1.59174  0.0320394  4.27877  
0.295122  2.0458  0.0313668  
0.0490963  0.0915208  6.04238  
2.01146  0.0364294  0.139111  
1.1008  0.0397919  5.91896  
1.95639  0.0400482  0.0802731  
0.569493  0.0482819  5.7823  
0.111383  0.0626578  5.53837  
0.0581959  0.0645555  5.90075  
1.20314  0.0406701  5.38895  
0.0422655  3.80109  0.0454444  
1.91767  0.0337838  1.36585  
0.108499  0.0710198  5.60715  
0.0612354  0.0613882  6.02461  
1.95514  0.0367824  0.188022  
0.183446  0.171796  4.75891  
0.169529  0.0837096  4.99595  
0.0395319  3.87171  0.0881559  
0.0748463  0.216615  4.89901  
0.118032  0.0562913  5.44672  
0.695779  0.0485994  5.33737  
0.0679614  0.26831  4.83979  
0.0542976  3.60958  0.279738  
0.0872192  3.05415  0.810399  
1.61441  0.130877  0.0410105  
0.0544391  3.58438  0.27228  
0.0541304  3.55064  0.448249  
0.0771175  3.1981  1.12236  
1.63828  0.093389  1.05692  
0.11753  2.8636  0.0331153  
0.0418724  1.9016  5.29945  
1.18564  0.0426096  5.25581  
0.0880224  3.14172  0.0563098  
1.70099  0.0910893  0.0398972  
0.0688423  3.34372  0.629235  
0.165935  0.237865  4.34186  
0.288149  2.1148  0.223209  
1.08784  0.123761  2.08583  
1.71775  0.0740636  0.620177  
0.317702  1.89233  1.18279  
0.263591  0.126699  4.65288  
0.0609397  0.610541  4.56806  
0.0613122  0.24412  5.1353  
0.108354  2.94235  0.799575  
0.293913  2.07789  0.0381324  
0.0602322  0.0792422  5.23773  
0.11535  3.01643  0.0507219  
0.680743  0.0484434  5.65985  
0.12637  2.84542  0.505129  
1.4906  0.191758  0.124563  
0.440941  1.55633  0.614418  
1.75902  0.0605144  0.4272  
0.0676089  2.4243  2.33013  
1.24948  0.356819  0.0429096  
0.127459  0.567387  4.04106  
1.83344  0.0463838  0.529898  
0.0651521  0.0852031  5.18068  
0.414987  0.922573  1.59583  
1.51204  0.033858  2.99734  
0.245849  2.20695  0.741432  
1.68694  0.107401  0.0573957  
0.0589743  3.50584  0.142112  
0.128591  2.77626  1.05268  
0.0669372  3.39465  0.041854  
0.909866  0.255869  1.61726  
1.44606  0.189896  0.395192  
1.43128  0.228337  0.0404232  
0.14713  1.70629  2.12854  
0.104407  2.97309  0.324496  
0.101522  2.90446  0.994951  
0.044157  3.72919  0.582482  
1.16435  0.0852198  1.9379  
0.0418461  2.36253  3.57245  
1.23509  0.35337  1.07913  
1.21394  0.369651  1.14814  
0.281953  1.19052  1.97984  
0.130146  2.77125  1.2368  
0.0555267  0.477711  5.73534  
1.47004  0.186053  0.750857  
0.113805  0.90271  3.61694  
0.0582065  2.48998  1.91882  
0.059473  3.64492  0.0660628  
0.2241  1.36642  2.36094  
0.941667  0.0455296  5.01568  
0.145108  2.71663  1.02981  
0.112625  1.92513  2.38685  
0.0990379  0.585792  3.77626  
0.679162  0.0490861  5.68489  
0.110463  3.01961  0.293104  
0.178006  2.5055  0.649375  
1.85635  0.0383047  1.48654  
0.655643  1.17035  0.0510187  
0.0917189  3.10981  0.221943  
0.0665502  3.42406  1.02362  
0.0606785  3.52146  0.0463982  
1.47897  0.167527  0.447377  
0.310558  0.0581546  4.285  
0.0442552  3.78641  0.0405682  
0.0800643  1.19462  2.71775  
0.242863  2.27931  0.0391726  
1.85052  0.0490161  0.0934344  
1.15341  0.0964779  1.88379  
0.474803  0.229778  2.97288  
0.888461  0.266726  1.99958  
0.0504476  0.968986  5.44131  
0.122547  0.394051  4.42661  
1.26172  0.309588  0.878255  
0.0825145  3.32267  0.0496526  
0.919896  0.706363  0.102344  
0.176957  2.64355  0.0877785  
0.0700908  2.3952  1.5005  
0.109889  2.90487  0.677811  
1.31195  0.289976  1.16295  
0.0570651  1.46433  3.45051  
1.57902  0.137377  0.146472  
1.05384  0.169016  1.44359  
0.057581  0.63078  4.09836  
0.179361  0.269673  4.19213  
0.162502  2.61439  0.561649  
0.133135  0.44564  3.72821  
0.723197  0.102762  2.90928  
1.77557  0.0701768  0.0391002  
0.13017  0.285344  4.52291  
0.0472055  3.75533  0.0443222  
0.669658  0.0521616  5.07717  
1.29119  0.316145  0.246946  
0.0663765  3.47651  0.0492917  
0.0821116  3.25699  0.106194  
0.136141  1.77299  1.9425  
0.297785  0.50758  3.1915  
1.55237  0.152606  0.128913  
0.780444  0.889047  0.417082  
0.0816438  0.580906  4.21894  
0.0702902  0.493011  4.60199  
0.409661  1.68698  0.484875  
0.0900053  0.476269  4.72956  
0.0685156  1.30074  2.7528  
0.880977  0.793997  0.227947  
0.301065  1.24589  1.47152  
0.268915  1.30213  2.08084  
0.535103  0.179856  2.89803  
0.859631  0.780366  0.867365  
1.00844  0.165827  1.95629  
0.172266  0.217243  4.24276  
0.172325  0.203933  4.46375  
0.843433  0.319374  1.58242  
0.540853  0.232798  2.59818  
0.0477885  3.68686  0.0873543  
0.107631  2.94941  0.689182  
0.0747842  0.107554  5.09642  
0.262437  1.29632  2.39659  
1.80787  0.0420896  2.49083  
1.65982  0.0907572  0.342621  
1.19478  0.0914319  1.35336  
0.762345  0.34334  1.98456  
0.142616  2.74176  0.043179  
0.0855573  3.22772  0.0714501  
0.510185  1.38787  1.22093  
0.0710892  2.26329  2.24155  
0.0443402  3.66855  0.975986  
0.370443  0.378118  2.86123  
1.67616  0.0785422  0.736988  
0.169091  0.212521  4.62138  
0.176061  2.66829  0.0527582  
0.280854  0.523604  3.53122  
0.252505  2.2524  0.220941  
0.663162  1.16271  0.353433  
1.39481  0.0468279  1.42708  
1.56281  0.147134  0.519346  
0.0737269  3.29984  0.0628111  
0.956784  0.718394  0.073746  
1.06609  0.120172  2.42055  
0.623535  0.120971  2.94847  
1.29962  0.29095  1.01293  
0.752458  0.0582223  3.41725  
0.312487  1.98445  0.78013  
0.802302  0.845129  0.848872  
0.0959007  2.12878  2.11385  
0.163091  2.56072  0.587034  
1.31791  0.296857  0.555634  
1.42177  0.208667  1.13486  
0.129034  2.82492  0.528206  
0.481375  1.50536  0.443105  
0.129213  2.80157  0.121385  
0.629894  0.119715  2.81556  
0.247523  0.600347  3.38763  
0.0423747  2.46878  3.34027  
0.739572  0.0899562  2.78659  
0.196522  0.178421  4.48771  
0.99163  0.162042  2.01737  
1.74071  0.0649693  0.45841  
0.421477  1.62704  0.823664  
0.939424  0.66405  0.961834  
0.638108  1.2029  0.436143  
0.0683839  0.514303  4.69895  
0.319219  0.432412  3.14441  
0.0922028  3.16562  0.0537075  
0.818182  0.823892  0.844275  
0.570459  0.14343  3.60283  
0.772523  0.0696657  3.32724  
0.0763897  3.28695  0.606564  
0.12941  0.35538  3.93238  
0.305742  1.94256  1.11065  
0.124524  1.01562  2.4975  
0.458246  1.60148  0.0678704  
1.33171  0.324396  0.077418  
0.0652195  3.44887  0.841312  
0.0983517  3.09722  0.0496541  
0.360007  0.408195  3.16937  
0.986213  0.20394  1.81891  
0.0952469  2.00239  2.15977  
1.78091  0.0527568  0.703715  
1.12028  0.427951  0.649896  
0.565957  0.606438  2.17451  
0.0846725  3.17571  0.152191  
0.275403  2.18954  0.0494189  
0.87298  0.233613  2.34312  
1.86905  0.0381349  1.68447  
0.515657  1.38099  0.921332  
0.735742  0.975788  0.661828  
1.87842  0.0419241  0.551128  
0.928008  0.671581  1.05828  
0.578206  1.22977  0.996905  
0.471544  0.753471  2.31376  
0.403333  1.73501  0.0540763  
0.184876  2.47183  0.604785  
0.0784219  2.23545  2.21644  
0.120779  1.79838  1.53705  
0.747087  1.03556  0.131801  
0.191666  2.54363  0.0621793  
0.730062  0.44763  1.63305  
0.0850896  3.2726  0.0843706  
0.070224  3.23353  0.719899  
0.188851  2.44294  0.320998  
0.209359  2.34795  0.499697  
1.30562  0.310526  0.161613  
0.63232  1.21886  0.0580861  
0.737469  0.0722685  3.87075  
1.72443  0.0813335  0.0333401  
0.0568953  0.134002  5.71937  
0.52764  0.177831  3.49368  
1.73388  0.0704476  0.838174  
0.185734  1.57913  1.75164  
1.28318  0.0422071  3.48248  
0.285765  2.05884  0.367494  
0.530103  0.718507  1.55657  
0.473398  0.223755  3.2249  
0.479927  0.860578  1.45503  
1.02138  0.655117  0.0707417  
0.232774  2.29943  0.205435  
0.948657  0.196769  2.4481  
0.467492  1.57753  0.0957859  
0.68211  0.0983353  3.26207  
0.560682  1.353  0.660852  
0.0699175  0.619965  4.39273  
1.80353  0.0625552  0.0362199  
1.08196  0.50996  0.725831  
0.352085  1.84046  0.741667  
0.396406  1.71524  0.950216  
0.0627435  0.180656  5.16464  
1.50233  0.179954  0.0635165  
0.489631  0.841586  1.26844  
0.253677  0.141792  4.07853  
1.26709  0.0422737  3.29053  
0.041117  2.52372  1.99244  
0.303065  0.512528  3.01794  
0.117785  2.81029  0.764759  
0.275597  1.28086  2.0609  
0.423907  0.876633  2.37233  
0.644522  0.577626  1.30941  
0.243226  0.162268  3.95542  
1.14054  0.467927  0.2582  
0.376083  1.87235  0.515883  
0.0711895  3.37013  0.0710818  
0.309783  1.97127  0.894075  
0.382599  0.347413  3.20422  
1.40946  0.212938  0.887618  
0.686187  1.08429  0.547294  
0.997583  0.223167  1.40197  
0.389966  1.75405  0.288837  
1.54325  0.156673  0.0711876  
0.257705  2.15873  1.15731  
0.181842  0.27459  4.16103  
1.4168  0.0431263  1.24766  
0.0631669  3.46464  0.0613812  
0.38335  0.338811  2.77236  
0.255725  0.141285  3.90337  
0.329259  1.9891  0.18434  
0.103649  2.97014  0.791137  
0.104627  2.02077  1.83909  
0.145563  0.300174  4.41232  
0.204246  1.47421  1.34766  
0.101114  3.07893  0.092496  
1.53642  0.122442  0.571635  
0.426597  0.867031  2.04657  
0.167323  0.0886605  5.05669  
0.0932654  2.37442  1.28439  
1.11045  0.495043  0.45632  
1.34477  0.275484  0.700976  
1.06174  0.613636  0.359522  
0.21889  0.794471  2.94022  
0.690275  1.12665  0.119143  
0.0520913  3.65371  0.895171  
0.830225  0.0833243  2.67802  
0.0564841  1.5209  3.47125  
0.333471  1.93451  0.378382  
0.371419  1.81154  0.802345  
0.219273  0.199264  3.79213  
1.01211  0.208875  1.25909  
0.460908  0.757915  2.29859  
1.88444  0.040702  0.149203  
0.448666  0.264295  3.12031  
0.275475  0.558159  3.37011  
0.197922  0.76284  3.28037  
0.199435  2.57872  0.0577164  
0.045337  3.74813  0.0531676  
1.38771  0.226923  0.316278  
0.496382  1.53996  0.105535  
0.0661107  3.4335  0.714463  
0.354487  1.90296  0.070982  
0.39435  1.74302  0.900116  
0.158542  2.72912  0.0475048  
0.205699  0.733317  3.24296  
0.201364  1.63844  1.25693  
1.64941  0.126803  0.0949731  
0.103121  0.69311  3.6807  
0.13844  1.74956  1.86099  
0.584731  0.153415  2.70743  
1.20678  0.0404954  4.03118  
0.768458  0.398819  1.49789  
1.37053  0.285312  0.196465  
0.249136  0.682171  3.04924  
1.32661  0.294362  0.45122  
0.605468  1.27258  0.196151  
0.176024  1.66551  1.56738  
1.27135  0.331671  0.0457461  
1.66634  0.0816037  1.15951  
1.82182  0.0505466  0.528866  
0.392975  0.941399  2.21271  
0.361514  0.392037  2.85054  
0.17174  2.59773  0.481709  
0.502876  1.43375  0.944157  
0.798518  0.367631  1.65154  
0.507535  0.207205  3.40174  
1.2244  0.466756  0.0979116  
1.2374  0.369824  0.0378394  
0.284846  0.612955  2.56317  
0.555776  0.157345  3.56891  
0.552706  1.31865  1.11825  
0.593339  0.132964  3.3606  
0.372891  1.02555  1.68095  
0.589313  1.28405  0.268919  
0.871168  0.740758  0.986342  
0.123753  1.04461  3.08245  
0.756306  0.987436  0.523414  
0.265614  0.103561  4.51246  
0.158518  1.65109  2.27014  
0.355778  0.386175  3.30536  
0.0526564  2.70069  1.24457  
0.0912013  0.494663  4.12414  
0.17995  0.862379  2.65481  
0.465834  0.77287  1.82051  
0.154655  2.62687  0.249394  
1.13211  0.472937  0.214116  
0.849257  0.79766  0.476182  
1.56844  0.116947  0.512535  
0.215059  2.34116  0.636423  
0.315637  1.96141  0.404901  
0.348881  1.06773  2.3361  
0.547255  0.70289  1.27711  
0.102041  2.17238  1.2542  
0.371957  1.00649  1.90949  
0.150219  0.376868  3.65923  
0.610055  1.22626  1.13706  
1.45053  0.183205  0.828336  
0.227275  1.40198  1.47386  
1.0022  0.186358  1.32945  
0.77534  0.932553  0.0649264  
0.962568  0.265077  1.3173  
1.86908  0.0380968  1.69924  
0.0667425  2.55065  1.75367  
0.222019  1.44224  2.14829  
0.456612  1.61653  0.266264  
1.89406  0.0541972  0.0555766  
0.612019  0.141422  2.83061  
0.264324  2.14769  0.334689  
0.073025  3.37648  0.070465  
0.102001  3.07105  0.512899  
0.39916  0.362407  2.66026  
0.235765  2.31247  0.0405604  
0.864934  0.292336  1.71235  
1.22674  0.373092  0.0916351  
1.79162  0.0675973  0.0384101  
0.619448  1.27094  0.232075  
0.711395  1.05148  0.856121  
0.931079  0.249968  1.48053  
0.322424  2.00954  0.151448  
0.417699  1.65382  0.286066  
0.303753  1.15701  2.18773  
0.0665507  0.134829  5.03883  
1.52889  0.161096  0.0408412  
0.304684  0.44185  3.62824  
0.213204  2.38476  0.0793171  
1.45872  0.208076  0.0508905  
0.94857  0.659401  0.833601  
1.14456  0.498581  0.0728573  
1.18116  0.441969  0.30899  
1.36423  0.292155  0.0504685  
0.346821  1.06875  2.23371  
0.319626  0.473489  3.03791  
0.912472  0.251144  1.85164  
0.378137  1.85213  0.150661  
1.04093  0.172056  1.75263  
0.152099  0.241063  4.36565  
1.10715  0.114022  1.52364  
0.718989  0.0742927  3.25133  
0.519376  0.255464  2.69931  
0.245283  1.49128  1.27479  
0.979607  0.218385  1.83297  
0.146196  0.115208  4.86196  
0.961408  0.180065  2.43924  
0.232155  0.721157  2.62845  
1.35738  0.25346  0.980401  
1.79119  0.0585322  0.189901  
0.797654  0.880342  0.389721  
0.18451  2.45871  1.01039  
1.173  0.0890561  1.52139  
0.0448568  3.70605  0.0937261  
1.52484  0.174182  0.198374  
0.292084  0.534976  2.46474  
1.27786  0.334273  0.038879  
1.1729  0.0849429  2.02239  
0.127541  0.496525  3.8994  
0.129443  0.438014  3.8291  
1.60632  0.127087  0.0720654  
0.141086  2.73854  0.332882  
0.388081  1.79883  0.174741  
0.859944  0.787694  0.485202  
0.51128  1.51617  0.138935  
0.610278  0.515963  2.25152  
0.228499  2.32291  0.570238  
0.675159  1.14321  0.237394  
0.0478382  2.59927  1.67268  
0.722021  0.996727  1.02453  
0.563699  1.3237  0.384133  
0.451979  1.55543  0.684107  
1.14934  0.111755  2.51436  
0.0533805  3.71086  0.046468  
0.487992  0.726075  2.28311  
1.34915  0.057485  1.64295  
0.149188  1.85135  1.3568  
0.0732635  0.638146  4.00351  
0.704422  0.481483  1.50727  
0.274548  2.1265  0.344634  
0.580919  0.623505  1.49649  
0.685893  0.104404  3.10409  
1.91714  0.0410847  0.0651203  
0.113647  1.82064  1.50547  
0.278197  2.14071  0.287661  
0.483133  0.81624  1.67006  
0.651812  0.45784  2.29138  
0.903323  0.359214  1.29246  
1.37457  0.269479  0.0639124  
0.710244  0.387859  2.22941  
0.450449  0.892086  1.86783  
1.02792  0.61796  0.697732  
0.357029  0.0775667  3.97657  
1.83024  0.051794  0.155279  
0.238455  2.30317  0.159806  
1.90565  0.0423488  0.0378602  
0.61301  1.15338  0.472361  
0.666318  1.0779  0.863968  
0.786056  0.929131  0.309662  
0.619112  0.55365  1.72993  
1.64464  0.106163  0.448147  
0.0807762  0.767719  3.71445  
0.14458  1.71987  1.9295  
0.828134  0.853729  0.298936  
0.524803  0.671201  2.42474  
0.523968  0.743641  1.66619  
0.538991  1.42171  0.244173  
1.89692  0.0533648  0.0811087  
0.21255  0.188519  3.84443  
0.60052  0.588717  1.88986  
0.200523  1.53623  1.33338  
0.181251  2.45453  1.10349  
0.521989  1.43289  0.350923  
0.59534  0.184159  2.45768  
0.650233  1.12419  0.710309  
0.343225  1.08262  1.74089  
0.339438  1.95679  0.051266  
1.74649  0.0753523  0.0473353  
0.262154  1.48845  1.28767  
1.04951  0.206499  1.29891  
0.517631  1.41475  0.558569  
0.299973  0.111804  4.00047  
0.326744  1.11206  1.69866  
0.292463  0.118603  4.01681  
0.284447  0.546746  2.66862  
1.07494  0.155395  1.82497  
0.70133  1.10167  0.193653  
0.809071  0.843257  0.557601  
0.753747  0.944831  0.673017  
0.914967  0.703575  0.964986  
1.45678  0.192168  0.30137  
0.258326  0.645694  2.62114  
0.412643  1.67956  0.476972  
0.250142  2.16863  0.971562  
0.373994  0.949771  2.13943  
0.627954  1.258  0.303208  
0.640354  0.488363  2.14971  
0.49315  0.750773  2.19882  
0.500396  0.733789  2.03234  
1.50789  0.151995  0.836936  
0.969618  0.219086  1.80365  
0.196589  2.52534  0.0634274  
0.714636  1.04488  0.148445  
0.653576  1.12226  0.7165  
0.364816  1.83392  0.547592  
0.494431  1.43868  0.759202  
0.590924  1.33465  0.0602714  
1.03533  0.173859  1.86704  
0.730479  1.00863  0.525716  
0.866045  0.784349  0.252963  
0.271401  0.52238  3.54597  
0.307466  1.25953  1.26154  
1.57352  0.143337  0.0354205  
0.0715459  2.43116  1.29764  
1.12102  0.512751  0.214217  
0.231697  1.39825  1.79332  
1.14838  0.461782  0.242457  
0.287635  2.04011  0.88161  
0.187303  0.948839  2.60709  
0.326141  1.14484  1.4792  
0.835676  0.861391  0.10564  
0.229679  2.33397  0.520363  
1.35181  0.266179  1.09657  
0.975905  0.652066  0.881765  
0.79063  0.926506  0.109666  
0.742631  0.071879  3.80931  
0.559738  1.33766  0.688979  
1.67239  0.108653  0.146969  
0.267128  1.38837  1.50903  
0.207432  0.214024  4.08173  
0.236901  1.37667  1.72079  
1.75609  0.0682034  0.207909  
0.186702  2.57112  0.149418  
0.0591683  1.34722  3.55412  
0.366842  1.88898  0.262326  
0.636033  0.487151  2.21967  
1.07307  0.610718  0.108619  
0.895085  0.741609  0.435149  
1.05033  0.527813  1.22257  
1.00566  0.686679  0.176964  
0.811724  0.0685475  3.09492  
1.35608  0.230072  1.09069  
0.580265  1.31797  0.0608189  
0.840907  0.801606  0.129801  
0.0537005  0.621244  4.13615  
0.750077  0.371552  1.52906  
1.40007  0.220316  1.10274  
0.151366  2.69245  0.0610606  
0.164779  1.6689  1.4082  
0.348426  0.428863  3.1288  
1.75106  0.0707567  0.257235  
0.380335  0.451121  2.51867  
0.744445  0.965914  0.633588  
1.18301  0.0464313  3.81326  
0.822907  0.868451  0.0976775  
0.701654  1.09602  0.0703953  
1.32973  0.109336  1.34091  
0.968578  0.222889  1.73487  
0.173944  0.203654  4.36255  
0.173188  1.78392  1.29665  
1.59843  0.143118  0.0440214  
0.132769  1.78933  1.83724  
0.417238  1.72279  0.0458019  
0.428761  0.959293  1.28553  
1.38333  0.0500592  1.42085  
0.277033  0.14412  3.85488  
0.486043  0.222704  3.17034  
0.164388  2.62754  0.0960791  
0.188159  0.23424  3.64772  
0.505307  1.39447  1.26094  
0.414225  0.413587  2.48204  
1.1288  0.077578  3.06749  
0.443957  0.334817  2.54672  
0.055043  2.68028  1.27947  
0.568383  0.618301  1.89644  
0.0987808  1.25329  2.47495  
0.335282  1.93135  0.270676  
0.260007  2.23548  0.0444826  
1.028  0.618828  0.325624  
1.60136  0.127547  0.325409  
1.38234  0.0525077  2.67006  
0.615093  0.619019  1.76904  
0.389752  0.967355  1.38979  
0.564055  0.176057  3.06264  
0.387924  1.83026  0.0766172  
