0.0647531  3.50442  0.0488106  
0.0500098  2.83418  1.82638  
1.38538  0.0607663  1.48151  
0.0523739  3.88739  0.0574717  
0.0649307  0.0650255  6.0358  
2.02965  0.0655293  0.0660258  
0.0541487  3.63267  0.0525266  
1.95444  0.0691505  0.253628  
0.0639962  3.60973  0.788657  
0.0585293  0.493744  5.70883  
1.91008  0.069797  0.0704409  
1.97909  0.0644568  0.501218  
0.0857238  0.109566  5.82505  
0.0965847  0.110728  5.26008  
1.70198  0.11758  0.614999  
0.0863093  0.166301  5.02523  
1.56135  0.161955  0.980268  
1.53608  0.174108  0.85855  
0.258414  0.148703  4.38876  
0.582726  0.682073  1.65852  
2.00825  0.0611296  0.119933  
0.229097  0.735706  3.06777  
1.87613  0.0695019  1.10051  
0.0599791  2.33316  4.19056  
0.247197  0.179485  4.58288  
0.0933904  0.122466  5.18106  
0.195504  0.238436  4.31304  
1.19021  0.116592  1.96867  
0.0927493  0.152121  4.95157  
0.0690041  0.0684397  5.97905  
1.17142  0.460074  0.373254  
0.0695702  3.46933  0.268395  
0.103916  0.0964121  5.43551  
0.102467  0.0776379  5.83629  
0.0761539  0.490167  4.53076  
1.2024  0.426433  0.683213  
0.53133  1.42095  0.541765  
0.0801269  3.33592  0.481415  
0.632204  1.21761  0.48823  
1.84456  0.0766535  0.396523  
0.09218  1.28624  3.09925  
0.349774  0.463525  3.12737  
0.105192  3.14916  0.15816  
1.04846  0.0650943  5.63026  
0.0763664  3.28842  1.1167  
1.89414  0.0634012  1.36142  
1.6815  0.141891  0.0694761  
0.0927448  0.0639944  5.90979  
0.081566  0.117886  5.49183  
0.0929816  0.135217  5.11595  
0.0887453  3.17736  1.24092  
1.61874  0.134426  1.12439  
1.63508  0.134933  0.690605  
0.0905817  3.26732  0.0759886  
1.43965  0.238983  0.719219  
0.190966  1.59463  1.5478  
0.0729852  3.44564  0.0503399  
1.48958  0.252028  0.079099  
0.0918217  0.140601  5.30402  
0.322639  1.14677  2.35779  
0.114274  3.00819  0.709281  
0.912817  0.723371  0.766485  
1.15518  0.115002  2.38215  
0.154519  1.01183  2.75318  
1.32064  0.135702  1.43067  
1.75154  0.0993424  0.447763  
0.538047  0.749884  1.63775  
0.177672  2.54972  0.96467  
0.0615085  2.27827  4.84088  
0.304947  2.04812  0.881399  
0.406123  0.995986  1.79322  
0.348182  0.0732394  5.16572  
0.742186  0.453524  1.64528  
0.273747  0.155432  4.03498  
1.09829  0.147881  2.05067  
1.13943  0.505017  0.260455  
1.77873  0.107337  0.0662617  
0.472408  0.291945  3.19218  
0.307747  2.07489  0.8191  
0.160653  2.79821  0.0621949  
0.208369  0.812948  3.1606  
1.03903  0.573651  0.44263  
0.153202  1.66615  2.15698  
0.0629774  2.65739  1.49189  
0.404885  0.910173  2.40328  
0.105897  0.104471  5.33041  
0.103146  0.561134  3.90125  
0.79744  0.354412  1.74359  
1.21716  0.418908  0.504098  
0.0937201  3.24008  0.181546  
1.26259  0.104314  1.92141  
0.1229  2.98408  0.0509186  
0.378709  0.0866044  4.07425  
0.852142  0.345995  1.69034  
0.128574  0.421098  4.21715  
1.60293  0.188027  0.0775889  
1.30223  0.0701936  3.2383  
0.0787649  3.3617  0.0769059  
0.266324  2.21479  0.827051  
0.072933  0.208204  5.0633  
0.193502  2.62917  0.203252  
0.181291  2.57678  0.338505  
0.0765031  3.41176  0.229438  
0.809932  0.938641  0.639076  
1.32549  0.102671  2.09831  
0.617414  1.32358  0.0717302  
1.42348  0.259338  0.117706  
0.0861061  2.2628  1.78022  
0.665165  0.59775  1.57736  
0.0534864  1.30043  5.56914  
0.453199  1.55858  1.03167  
0.507115  1.46339  0.796802  
0.465965  1.58064  0.707794  
1.73867  0.103483  0.459495  
0.232955  0.225098  4.68002  
0.423037  1.68264  1.06598  
0.572536  1.39557  0.144901  
0.895563  0.785518  0.73807  
1.719  0.122137  0.315119  
0.108996  3.12899  0.198388  
0.0718545  0.0671344  5.92648  
1.37056  0.110633  1.45176  
0.330179  1.17209  2.13593  
0.54263  0.262955  2.79101  
0.282425  0.180549  3.86768  
0.105692  0.0715796  5.68295  
1.81942  0.0998863  0.0695142  
0.212552  0.21962  4.80255  
1.34382  0.296665  0.48822  
0.136628  0.404922  4.11532  
0.898616  0.365024  1.6117  
0.758736  0.961951  1.17968  
1.47088  0.223786  0.30403  
0.259479  0.142905  4.64564  
0.332551  1.15125  2.08017  
1.26709  0.334564  1.14328  
0.103336  3.04906  0.616625  
0.641577  0.164549  3.52245  
1.06842  0.0650703  5.64051  
0.883973  0.780149  0.874987  
1.65982  0.135515  0.589584  
1.3547  0.284581  1.0078  
0.0726103  0.150759  5.36888  
0.0778557  1.43922  3.27155  
0.288592  1.33086  2.21947  
0.0578817  2.36522  4.0155  
1.27289  0.392425  0.376564  
0.0737664  3.38601  0.399302  
1.59763  0.173977  0.0957515  
0.159886  2.76786  0.0635721  
0.361284  1.92158  0.42283  
0.0794635  2.28761  2.17422  
0.123569  1.90665  2.2519  
0.133799  2.89615  0.222298  
0.125588  0.467343  4.15316  
0.163906  2.73643  0.0526376  
0.269253  0.623103  2.9972  
0.347151  1.89769  1.16394  
0.140569  0.362964  4.5006  
0.174188  0.27236  4.45428  
0.142731  2.87943  0.0672528  
0.0733199  0.0665022  6.01422  
0.713696  1.06692  0.176756  
0.306053  1.24629  1.56005  
0.134112  1.94197  1.29223  
0.0616678  3.499  0.809081  
1.37614  0.269042  1.20286  
0.149981  2.8052  0.063632  
1.85843  0.0787693  0.290063  
0.153948  2.67675  0.850425  
0.180052  2.53471  0.843975  
0.251417  2.30155  0.361115  
0.0931689  3.2017  0.370809  
0.27469  2.22671  0.297897  
0.446851  1.64279  0.466872  
1.08656  0.525078  0.757875  
0.879865  0.33309  2.16228  
0.955484  0.667737  0.724203  
0.0821616  1.48206  2.4721  
0.0897644  3.30453  0.0561893  
0.358035  1.85196  0.933209  
1.23573  0.112464  2.34192  
0.496597  1.5232  1.19583  
0.199036  2.44205  1.05216  
1.62517  0.153372  0.384737  
0.338281  0.510961  3.01444  
0.0884711  2.2424  1.38815  
0.381649  1.80974  0.401946  
0.566725  0.647535  2.07778  
1.50314  0.243656  0.107128  
0.377146  0.384844  3.4971  
0.449767  0.821407  2.32354  
0.243083  2.32247  0.767199  
0.147508  0.360352  4.70047  
1.49427  0.205502  0.834338  
0.943339  0.252666  1.59864  
1.99603  0.067178  0.0815007  
0.719747  0.15273  2.72016  
0.078371  3.4216  0.105743  
0.343198  0.13971  3.6751  
0.115468  0.44086  4.28011  
0.156032  0.901533  2.95769  
1.52961  0.175097  0.998028  
1.67516  0.134211  0.51434  
0.145954  0.320317  4.71751  
1.13497  0.121531  1.96449  
0.122832  2.96567  0.727984  
0.105541  2.08169  1.90298  
0.171523  1.73988  1.43207  
0.924194  0.0741233  3.56336  
1.79583  0.0899889  0.465418  
0.787622  0.0790196  3.74266  
1.28632  0.0771816  3.36616  
1.25547  0.1187  1.53539  
0.094436  2.14611  1.84785  
0.106888  3.03198  0.306563  
0.478306  0.294381  2.87607  
0.972634  0.695272  0.324954  
0.128499  2.91154  0.559181  
0.129367  1.84066  1.59475  
0.92827  0.368509  1.38995  
0.0791267  3.32244  0.810896  
0.256673  2.19286  0.901483  
0.793279  0.376059  1.35471  
1.8071  0.099661  0.136013  
1.03095  0.615734  0.433161  
0.126539  2.92618  1.0893  
1.78826  0.101727  0.0698245  
0.366392  1.82235  0.968442  
0.0707982  0.975647  4.85696  
0.0968438  0.134894  5.08743  
0.340382  1.99624  0.60461  
1.76646  0.11413  0.0897158  
0.419987  0.394132  3.0418  
0.320317  0.137996  3.95983  
0.189661  0.255599  4.6162  
0.173378  0.887678  3.58734  
0.553657  0.760743  1.50832  
1.24368  0.400129  0.0564507  
0.354349  1.96184  0.117875  
0.0696161  1.4833  2.50124  
0.365075  0.0846301  4.14621  
0.129032  1.8665  1.51246  
0.857202  0.338458  1.93691  
1.11245  0.570624  0.0768073  
0.103026  3.07291  0.780633  
0.483299  0.797318  1.81229  
0.668729  0.135803  3.42026  
0.188881  0.249944  4.75429  
0.731358  1.07837  0.12295  
0.784004  0.0948175  2.57763  
0.249718  2.37817  0.0969026  
1.90216  0.0703634  0.294678  
0.787046  0.930518  1.0896  
0.208153  1.68835  1.37201  
0.0680747  1.54096  2.45336  
0.0629277  2.71386  1.30791  
1.02078  0.0706415  5.59796  
0.3083  0.245466  3.77946  
0.218687  2.41651  0.333991  
0.447878  1.57047  0.936079  
0.426411  1.65934  0.67665  
0.092776  0.129871  5.40608  
1.83175  0.0789826  0.0577224  
0.130842  2.94059  0.1907  
0.949445  0.721736  1.22262  
0.159526  2.72683  0.81321  
0.604006  1.30151  0.285629  
1.0051  0.66387  0.599342  
0.802961  1.02469  0.0926883  
1.33678  0.0959789  1.52349  
0.112395  1.1351  3.03872  
0.39926  1.17359  1.34572  
1.64288  0.151027  0.171928  
1.58466  0.171743  0.148941  
0.434136  0.943891  1.63206  
1.82786  0.0761784  1.01216  
0.778704  0.9643  0.10335  
0.620801  1.23069  0.869943  
0.148947  1.72135  2.42727  
0.139269  2.95447  0.185564  
0.149331  2.84258  0.11561  
0.64311  1.23861  0.127196  
1.22642  0.417804  0.14488  
0.588644  0.60234  2.26508  
1.2804  0.373685  0.0589191  
0.163924  2.64534  0.902611  
0.65734  1.20239  0.0848286  
0.328423  1.96837  0.957406  
0.626228  0.54374  2.29454  
0.102932  2.01475  2.23026  
0.110373  3.06733  0.296965  
0.225939  0.790493  2.62542  
0.626288  1.18653  1.07729  
0.308912  1.99307  1.04309  
0.0749481  2.47304  1.25855  
0.119673  2.15446  1.40987  
0.133713  2.02796  1.32092  
0.699593  0.161366  2.68486  
0.137116  1.78908  1.60905  
0.0876185  0.205662  4.88478  
0.23611  2.42673  0.154367  
0.176919  2.70168  0.235817  
1.64971  0.157633  0.0692392  
0.48637  0.91692  1.57172  
0.683505  1.10745  1.2231  
0.059546  2.61163  2.02768  
0.75025  1.03837  0.600249  
1.05982  0.168782  2.30597  
0.298928  2.1163  0.563408  
0.369417  0.438425  2.98226  
0.165443  2.68447  0.528694  
0.301896  2.19848  0.118883  
0.504945  0.32879  2.81121  
0.184934  0.28287  4.24648  
0.112811  3.08804  0.0631382  
0.362138  1.88077  0.733636  
0.0853399  3.21406  0.394098  
0.343917  1.16425  1.98586  
0.460822  1.55023  0.974709  
0.0890319  0.109141  5.64831  
0.29994  0.553979  3.39647  
0.515484  0.240345  3.58342  
0.497751  0.259968  3.64042  
0.820274  0.86177  1.06006  
0.210697  2.48877  0.541305  
0.291352  2.13079  0.405877  
0.105556  2.01701  2.06553  
0.117576  0.0745025  4.8261  
0.773387  1.05785  0.185935  
0.678951  0.549588  2.11639  
0.398508  1.77292  0.261897  
0.978668  0.634393  0.83427  
1.05382  0.608562  0.407904  
0.990026  0.223476  1.70942  
1.76266  0.118447  0.106642  
0.0926794  3.22602  0.248952  
0.335666  2.09452  0.644167  
1.25172  0.397448  0.0877213  
1.33171  0.0994568  1.76257  
0.831464  0.902589  0.239904  
0.0647185  1.80344  2.90701  
0.112181  3.02322  0.191998  
0.0860635  1.33848  3.33194  
1.46108  0.308492  0.0994154  
0.0997811  0.153288  4.93238  
0.353152  1.83087  1.18836  
1.45226  0.216346  1.2343  
0.920628  0.786177  0.181546  
0.252644  2.30919  0.27305  
0.489721  0.337678  2.7314  
0.438817  1.72888  0.0637822  
0.345662  1.97767  0.35364  
0.17751  0.282521  4.42407  
0.121984  1.89085  2.42483  
0.265109  2.16565  0.908423  
1.01751  0.608626  0.574258  
0.105556  1.10841  3.47309  
1.87032  0.075053  0.62709  
0.0625115  2.52822  1.94693  
0.0627197  2.75986  1.26277  
0.101089  3.11527  0.543766  
0.483962  0.27028  3.60838  
0.594925  1.40339  0.0818161  
0.503932  1.49477  0.516213  
1.72833  0.12577  0.0677808  
0.28989  1.26363  1.73183  
0.313743  2.03946  0.745974  
0.602637  0.66582  1.67204  
0.278597  0.704891  2.69915  
0.674607  0.189233  2.51764  
0.20652  0.830871  2.89191  
0.692549  0.145947  3.40954  
0.118939  1.05075  3.38142  
0.687753  0.163119  2.6411  
0.316091  0.518586  2.92066  
1.51117  0.228609  0.0810224  
0.9729  0.225735  1.99161  
0.402558  1.752  0.903446  
0.185928  0.874036  2.56062  
1.44612  0.233546  0.800393  
0.239891  0.71073  2.52623  
0.081317  3.37829  0.0527456  
0.067487  1.61456  3.35902  
0.314934  0.15639  3.93305  
1.52378  0.177708  0.634872  
0.242881  2.2552  0.945436  
0.205464  2.46003  0.667971  
1.4104  0.277194  0.186122  
0.399146  0.432424  2.93023  
0.849399  0.88236  0.250266  
0.868398  0.838698  0.0991538  
1.45765  0.0923128  1.46049  
1.15992  0.485954  0.141734  
0.648409  0.543098  2.20285  
0.467822  1.54265  0.558982  
0.141942  2.86308  0.658684  
1.22301  0.124314  1.62387  
0.0848983  0.632888  4.41132  
0.0981035  3.18445  0.0508948  
0.0927567  0.132453  5.38969  
0.169191  0.281561  4.74087  
0.107689  0.147513  4.91203  
1.8624  0.0753775  0.16157  
1.14824  0.165339  1.28195  
0.610822  1.34268  0.073907  
0.198184  0.248513  4.29722  
0.268518  0.269584  3.70545  
0.236349  0.225496  4.09456  
0.252681  1.37636  1.82719  
0.49456  0.0820699  3.94308  
0.546016  0.220419  3.26493  
0.0969808  0.109295  5.51336  
0.617574  0.169264  3.44757  
0.937133  0.289333  1.2727  
0.804226  0.346945  2.11846  
0.402819  0.0740051  3.98654  
0.10053  0.103529  5.54613  
0.225592  0.715103  3.24944  
0.150783  0.33919  4.26229  
0.76614  1.06042  0.0868622  
0.4172  0.981331  2.01322  
0.379238  0.410835  3.21803  
0.217648  2.45116  0.869101  
1.36408  0.280483  0.946713  
0.42472  1.76539  0.0628555  
1.74413  0.110213  0.28566  
0.0950698  0.48624  4.62234  
0.181897  0.814151  3.3401  
0.527357  1.38858  1.23508  
0.784998  0.381792  1.88213  
1.51955  0.201522  0.0553474  
0.262639  0.143355  4.47237  
0.296047  2.09863  0.800136  
1.33014  0.315697  0.582224  
0.518593  0.85023  1.48841  
0.71073  1.11185  0.149098  
0.645999  0.150468  3.48706  
0.428782  1.60828  1.02739  
0.324606  1.19984  2.0425  
0.841948  0.895791  0.0691876  
0.177735  0.301609  3.9773  
1.99724  0.0633911  0.0702095  
0.824267  0.867766  0.3039  
0.103008  3.10136  0.511071  
0.50095  1.51703  0.167799  
0.997031  0.209003  1.97858  
1.57938  0.152923  0.628671  
1.07498  0.559195  0.62902  
0.651716  0.727347  1.32091  
0.386392  1.11978  1.61845  
0.723633  0.40446  2.18508  
0.154968  0.315232  4.7809  
1.3021  0.0769472  2.31277  
0.439256  0.310556  3.29558  
1.46976  0.209206  0.413497  
0.144825  2.86329  0.62522  
1.11941  0.536465  0.254643  
0.40931  0.953786  2.27318  
0.430453  0.120404  3.72309  
0.233474  2.40476  0.349225  
0.0595187  3.62978  0.0572432  
0.961431  0.718695  0.184647  
0.753188  0.975829  1.22852  
0.621847  0.765796  1.31394  
0.100854  0.761905  3.849  
0.690078  1.08207  0.749845  
0.281805  0.576473  3.61971  
0.933385  0.296276  2.24172  
0.44476  1.60839  0.607331  
1.02548  0.636662  0.0662655  
0.190284  1.70613  1.29132  
0.168886  1.71029  1.87137  
0.856729  0.805288  1.27458  
1.4185  0.274397  0.169197  
1.12351  0.192983  1.41926  
1.00805  0.657947  0.0603357  
0.816842  0.915116  0.255213  
0.0680566  2.59713  1.36929  
0.126991  2.3466  1.33588  
0.196118  0.476993  3.75544  
1.01285  0.650969  0.200244  
0.832693  0.834908  1.13786  
0.129412  0.70614  3.83066  
0.356925  1.2582  1.28933  
0.176199  0.951188  2.85568  
0.22769  2.34173  0.381385  
0.991377  0.698817  0.207328  
0.202516  2.4842  0.966084  
0.194443  2.58506  0.0597002  
1.151  0.11703  2.34242  
1.38824  0.290217  0.278768  
0.101323  3.11039  0.520495  
0.706929  1.12573  0.119407  
0.966249  0.707334  0.346594  
0.411748  0.985399  1.87781  
1.57184  0.183085  0.0816401  
0.605728  0.198225  2.66491  
1.39308  0.28615  0.317239  
0.127221  0.436114  4.48337  
0.277273  1.39352  1.75333  
1.29116  0.340657  0.347682  
0.733875  0.149839  2.65666  
0.549449  1.3531  0.717339  
0.373057  1.79124  1.00671  
0.244729  0.655339  3.28545  
0.090458  0.110959  5.53092  
0.600105  1.27942  0.808196  
0.170754  2.60602  0.787904  
1.56865  0.18411  0.0981675  
0.475024  1.62619  0.287226  
0.389488  0.370813  3.53593  
0.395281  1.79926  0.875688  
0.606798  1.26  0.917274  
0.145806  0.446099  3.83759  
0.103165  2.18424  1.65518  
1.23787  0.101056  2.24482  
1.38404  0.310923  0.218738  
0.628178  0.667584  1.38004  
0.658489  0.56783  1.98293  
0.736157  1.09222  0.0721794  
0.736233  0.158503  2.59051  
0.0934445  1.19438  2.44131  
1.19767  0.411601  0.863539  
0.697677  0.562524  1.89674  
1.09484  0.563794  0.288523  
0.392732  0.489907  2.54275  
0.281584  2.1729  0.411132  
0.425874  0.361216  3.55098  
0.352381  0.54089  2.60934  
0.0905668  0.0922611  5.60211  
0.376855  1.93007  0.105441  
1.12686  0.527877  0.0828374  
0.212416  1.45163  2.01318  
0.131985  1.85765  1.4737  
1.42032  0.236198  0.990166  
0.373484  0.990048  1.81637  
0.607153  0.179492  3.20713  
0.845772  0.865902  0.504655  
1.36136  0.300375  0.409803  
0.197349  0.298835  3.66328  
0.459522  0.291128  3.52723  
0.277915  0.620118  3.23741  
0.724979  0.161056  2.54458  
0.865255  0.852781  0.675891  
0.16587  2.69107  0.508542  
1.40477  0.287882  0.165258  
0.463436  0.409531  2.81681  
0.609596  1.29503  0.143992  
1.39947  0.332866  0.089345  
0.51203  1.51808  0.0675  
0.547552  1.36269  0.658512  
0.181136  1.04539  2.51423  
0.952374  0.771391  0.0853156  
0.284283  2.13141  0.167327  
0.0836452  1.39457  3.31063  
0.122633  2.04697  1.83376  
0.881318  0.775418  1.0197  
0.230426  1.47405  1.86573  
0.198872  1.50498  1.52569  
0.98651  0.282572  1.291  
0.0979117  0.176645  4.89587  
0.259917  2.35562  0.0679666  
0.336401  0.163073  3.80475  
1.80187  0.095145  0.302728  
0.387111  1.0792  1.72639  
0.593998  0.593478  2.27907  
0.702327  0.588351  1.29761  
1.65808  0.154583  0.0725604  
0.839726  0.943467  0.189756  
0.865307  0.838809  0.62158  
0.429037  1.031  1.31657  
0.304301  0.550765  3.0094  
0.396731  0.970497  2.23559  
0.680139  0.147366  3.34979  
0.996768  0.593643  1.1725  
0.592565  1.37121  0.574776  
0.11358  1.97697  1.84607  
1.16602  0.135755  1.30121  
0.617754  1.19012  1.08434  
1.02965  0.632016  0.066391  
0.835021  0.867504  0.648578  
0.154256  1.01297  2.7404  
0.285831  0.576869  3.43579  
0.313533  0.536517  2.7932  
1.08468  0.151085  2.00818  
0.236222  2.50319  0.0771934  
0.166222  1.13238  2.52164  
0.721477  1.0522  0.419537  
0.224064  2.52478  0.069365  
0.264281  2.15588  1.18342  
0.476306  0.850663  1.86173  
1.51363  0.196064  0.249581  
1.1286  0.476968  1.18152  
0.493175  0.28154  3.43097  
0.242333  2.39432  0.0814019  
0.695691  0.474808  2.03942  
0.464223  0.347445  2.83274  
1.72452  0.12679  0.115675  
0.135362  2.7607  1.03341  
