1.82438  0.0489795  4.9255  
0.0368194  0.770286  3.6327  
0.734696  1.0094  0.0438902  
0.0535987  0.473228  6.04924  
2.02266  0.0495459  0.158818  
0.0499332  3.97716  0.051609  
0.0576398  3.74657  0.0620794  
0.0439227  3.91099  0.324568  
0.0461276  3.81778  0.611664  
1.98937  0.0514241  0.0516679  
0.0643278  0.146632  5.75387  
1.86805  0.0732611  0.0556288  
0.0464299  3.67854  0.0714153  
0.0512499  3.86484  0.0674569  
1.93635  0.0559042  0.104107  
0.821396  0.0834047  2.84758  
0.0602623  0.217567  5.07755  
1.17651  0.101962  1.87771  
0.0600315  0.0663243  5.90382  
0.0941905  0.0816061  5.67916  
0.275095  0.119815  4.57901  
0.481735  0.341621  2.79543  
0.0572904  0.0709294  5.97548  
0.213391  2.39867  0.166637  
1.84463  0.0718374  0.141964  
0.323934  0.0758499  5.12379  
0.08558  0.0959807  5.8151  
0.0751296  3.26193  0.802211  
0.0545264  3.59771  2.09186  
0.165674  0.784105  3.45387  
0.0520778  0.67032  4.4355  
0.244575  0.623833  3.51188  
0.104295  3.00859  0.128113  
0.0390836  0.493103  5.95356  
0.134786  0.338648  4.36927  
1.54899  0.194322  0.124716  
0.205447  2.43636  0.568955  
1.95769  0.0524783  0.0670889  
0.0994048  0.0936847  5.42022  
0.211591  0.294791  3.80656  
0.163452  2.67669  0.195278  
0.0756916  3.23797  1.01083  
0.0653407  0.137869  5.2647  
0.0697989  3.52598  0.0831669  
1.76056  0.0857815  0.638021  
1.88904  0.0660718  0.17521  
0.353777  1.90977  0.0469305  
1.19753  0.0747019  2.37767  
0.115519  2.00301  1.73044  
1.74375  0.100986  0.102529  
0.179988  0.286892  4.17335  
0.108247  2.06788  1.90053  
1.97685  0.0506919  0.187107  
1.04357  0.185156  1.6397  
1.163  0.132676  1.81268  
0.123084  2.03559  1.35492  
0.0536939  3.94821  0.0533122  
1.0628  0.154229  1.82678  
0.931163  0.699758  1.1602  
0.363103  1.11601  1.60418  
0.069771  0.173447  4.83663  
0.234882  0.180956  4.51354  
0.595578  1.26786  0.532946  
0.20295  2.45034  0.435949  
1.0264  0.576261  0.709088  
0.4553  0.890675  1.76122  
0.200787  0.202855  4.78758  
0.50593  0.739108  2.08045  
0.79384  0.0798306  3.52645  
0.129026  0.428368  3.75871  
0.19612  0.257647  3.97714  
1.4288  0.241077  0.105131  
0.467364  0.272223  3.57194  
0.162037  2.65653  0.555834  
0.455568  0.292388  3.24618  
0.702212  1.07598  0.168506  
0.516679  1.43924  0.291636  
0.347507  1.94197  0.0967569  
0.101992  3.08852  0.406533  
1.51434  0.0568514  2.00639  
0.11014  0.0882501  5.37265  
0.0713202  3.56333  0.0615688  
0.0965837  1.12821  3.35681  
0.0625817  3.64413  0.0600942  
1.92029  0.072139  0.0620748  
0.0777998  0.442118  4.0321  
0.0782653  3.2904  0.472629  
0.10913  3.05266  0.0868485  
0.054703  3.8314  0.0604744  
0.118043  2.91677  1.03282  
0.359852  0.43641  2.87535  
0.921833  0.261515  2.19284  
0.54168  0.711009  1.54448  
1.89472  0.061373  0.305609  
1.50267  0.196868  0.189228  
0.317666  1.94956  1.11385  
1.56322  0.165384  0.0601367  
0.203283  1.61304  1.7735  
0.850206  0.867326  0.543825  
0.37854  1.76859  1.18754  
0.066972  2.50022  1.92068  
0.17564  0.268137  4.60761  
0.909084  0.719543  1.04224  
0.145132  2.70813  0.890325  
0.62508  1.22409  0.279027  
1.78466  0.0848681  0.259921  
0.0920283  3.21226  0.0767442  
1.57884  0.15751  0.145858  
0.143482  1.80209  2.33698  
0.567051  1.37108  0.188135  
1.27543  0.125465  1.45982  
1.23714  0.369903  0.565622  
0.158547  0.810188  3.37486  
1.10508  0.494663  0.633781  
0.841522  0.827874  0.812271  
0.078532  3.17256  0.376244  
0.289875  1.28255  1.73694  
0.713245  1.06254  0.915145  
0.10502  2.09314  1.25497  
1.39163  0.248783  0.724293  
0.941883  0.690152  1.18221  
1.40868  0.241459  1.03293  
0.0839228  0.563767  3.93453  
1.59092  0.163737  0.117282  
0.0656772  0.179227  5.02129  
0.770993  0.0820199  3.22629  
0.273887  0.600077  3.041  
0.137363  0.299994  4.76492  
0.050942  0.6388  4.69189  
0.0491706  3.61692  0.750355  
1.21074  0.418885  0.431528  
0.14042  1.83974  2.29526  
0.0903535  3.19535  0.342478  
0.185403  0.25981  4.21425  
1.6979  0.128793  0.0619771  
0.113913  0.428761  4.13816  
0.255103  1.34241  1.82065  
1.91049  0.0607292  0.201964  
0.135172  0.105722  4.86435  
0.371353  0.361189  3.5896  
0.0647471  0.0921414  5.85182  
0.176703  1.69994  2.14675  
0.124643  0.0915735  5.3513  
0.120248  2.94244  0.0774665  
0.0549873  3.44077  0.526696  
0.285749  2.1128  0.415483  
0.152092  0.293183  4.10969  
0.0392566  1.85663  3.16816  
0.103796  0.14276  4.89413  
1.31483  0.0738887  1.85153  
0.0750811  3.34405  0.411852  
0.243826  1.4774  1.41538  
1.63521  0.123152  0.737204  
0.258369  1.42933  1.55627  
0.781954  0.936572  0.493438  
0.156417  1.75908  2.01889  
0.552575  0.670658  1.96275  
1.18428  0.389763  1.23453  
1.53367  0.174429  0.305933  
1.08034  0.53528  0.377986  
1.6563  0.117716  0.809329  
1.00851  0.188177  1.65084  
0.222875  0.0637678  5.54946  
1.57127  0.162824  0.334449  
0.187696  0.3258  3.86138  
0.532375  1.36588  1.06589  
0.177625  1.68368  2.06709  
0.0807128  0.0993328  5.62408  
0.0664088  3.46288  0.0951769  
0.681486  0.510172  1.46909  
1.96383  0.0625158  0.0670785  
0.742565  0.0904898  2.97794  
0.120078  0.118124  4.99328  
0.11208  1.38884  2.49614  
0.288877  0.505988  3.19092  
0.258266  2.1705  0.459655  
0.113429  0.464688  3.83756  
0.304984  0.117058  4.0821  
0.158702  2.63362  0.617966  
0.0984374  0.0930657  5.46303  
0.851742  0.793757  1.05643  
1.47267  0.200257  1.2025  
0.489815  0.270273  3.32236  
0.580496  0.680508  1.34633  
0.332644  1.17892  1.50404  
1.24842  0.0752104  2.05949  
0.43198  1.82178  0.0870371  
0.428527  0.909698  2.18263  
1.28612  0.364437  0.280151  
0.0929437  1.14414  3.00733  
0.52712  0.194766  3.62142  
1.79697  0.0973065  0.0787849  
1.68656  0.111743  0.209257  
0.413685  0.424746  2.71837  
0.0621629  3.51001  0.339741  
1.26557  0.0845056  1.72461  
0.731727  0.455964  1.8303  
1.14449  0.121209  2.42498  
1.60598  0.130866  0.947307  
1.77412  0.0931254  0.196294  
1.30541  0.307224  0.500789  
1.03794  0.568597  0.821466  
0.189613  2.57015  0.122507  
0.723927  1.04548  0.625632  
0.198187  2.47522  0.645138  
1.388  0.283624  0.396127  
0.107764  1.18969  2.90631  
0.0866039  2.14985  1.64082  
1.45015  0.231358  0.233304  
0.0553858  0.61758  4.72135  
0.906544  0.733457  0.961732  
0.303575  0.469252  3.12227  
1.21982  0.38814  0.782884  
0.498991  1.50888  0.31506  
1.03445  0.609021  0.601805  
0.714682  0.0949336  2.73907  
0.295964  2.17753  0.0998202  
1.12087  0.485566  0.300422  
0.171129  2.78384  0.0708422  
0.221932  2.36268  0.646344  
1.61502  0.152497  0.107721  
0.652878  1.23885  0.0738173  
1.14901  0.450793  0.936459  
0.103682  0.0780592  5.51032  
0.849174  0.858729  0.739264  
0.194703  0.820068  2.67058  
0.36925  1.78509  0.586479  
0.118482  1.03656  2.70623  
0.0619681  2.79886  1.58129  
0.199907  0.691347  3.27917  
0.124396  0.102518  5.23236  
0.234786  2.26911  0.66172  
0.235231  2.24314  0.845097  
0.0578228  3.6702  0.0562653  
0.39001  1.85445  0.0621096  
0.0637203  3.57116  0.0748006  
1.38004  0.284968  0.146187  
0.917425  0.24995  2.45117  
1.07197  0.170466  1.69556  
0.073816  2.7148  1.79305  
0.16467  0.399477  3.90393  
0.245385  2.27661  0.371218  
1.33258  0.303383  0.136721  
0.268469  2.21521  0.163551  
0.392065  1.71974  0.573069  
0.117339  2.99532  0.222517  
0.0788384  3.30086  0.243998  
1.68046  0.102812  1.10596  
0.121113  1.96093  2.03779  
1.01449  0.168011  1.94612  
0.30861  1.99322  0.858789  
0.138415  2.72859  0.587139  
1.70824  0.122999  0.0660287  
0.0571445  0.548003  4.46969  
0.0614986  1.45789  3.02256  
0.372884  1.89896  0.130053  
0.812569  0.927469  0.0854466  
0.258117  1.32318  2.27205  
0.0726216  3.47848  0.0524063  
0.238103  2.31392  0.275317  
0.766768  0.412762  1.63867  
0.855211  0.814476  0.110605  
0.863828  0.317654  1.58001  
1.34074  0.0728929  1.5771  
1.71524  0.10846  0.126562  
0.0710336  3.49259  0.0715769  
0.186296  0.209363  4.73396  
0.183667  1.63435  2.11718  
0.369428  1.01512  2.40329  
1.5985  0.134734  0.811872  
1.73528  0.0829913  1.20825  
0.0787998  0.105916  5.31551  
0.116723  3.07489  0.0563083  
0.194904  0.228457  4.34783  
1.08903  0.200759  1.28146  
0.126744  2.95691  0.0528172  
0.123  2.86156  1.22615  
0.154547  1.77513  2.24992  
1.18879  0.42926  0.0602953  
0.977619  0.277445  1.4342  
0.872379  0.270108  2.15595  
1.6461  0.131608  0.349493  
0.447415  1.64986  0.832299  
0.250833  2.20535  0.686494  
0.0657657  2.52253  1.93136  
0.0680652  2.76493  1.40186  
1.72331  0.121265  0.0633644  
0.830514  0.349803  1.37247  
0.366455  0.412074  3.09065  
1.39738  0.27359  0.0627397  
0.0973938  3.14493  0.255507  
0.305913  1.25117  1.77935  
0.824546  0.318967  2.31577  
1.34762  0.0649916  1.32456  
0.463606  1.58528  0.899925  
1.35583  0.325466  0.0701374  
0.639342  0.552602  1.68656  
0.364987  1.87851  0.217561  
1.20508  0.0894867  1.76993  
0.607887  0.70595  1.32652  
0.103484  1.08441  3.31826  
1.28031  0.375809  0.17311  
0.835189  0.850955  0.770535  
0.167438  0.407885  3.74106  
1.45312  0.206092  0.906699  
0.560562  1.34979  0.980266  
0.877677  0.767749  1.11516  
0.173787  2.61211  0.448201  
0.0739799  3.42756  0.0901824  
0.676721  0.149935  2.88204  
1.23093  0.359079  0.690301  
0.60233  1.24152  1.2167  
0.188639  2.48567  0.926475  
0.0823957  3.3225  0.0845674  
0.719891  1.03568  0.696088  
0.312549  2.12294  0.07196  
0.133953  2.81121  0.953072  
0.986344  0.652071  0.591654  
0.662731  0.131163  3.29368  
0.324767  1.97117  0.99456  
0.588529  1.26221  0.792136  
0.996223  0.169917  1.73628  
1.26158  0.128944  1.66099  
0.686425  1.1036  0.480785  
1.2955  0.371446  0.155318  
0.459943  0.298874  2.99249  
0.250094  0.169486  3.88843  
0.402091  0.0751  3.71006  
1.52118  0.1933  0.879236  
0.657624  1.19769  0.0885436  
1.76777  0.0841749  0.6911  
0.266355  2.25209  0.0866019  
0.576785  0.629167  2.03067  
0.787678  0.386218  2.45109  
0.798394  0.0819136  3.40855  
0.153873  2.74072  0.209698  
1.43248  0.225803  0.788525  
0.212617  1.59741  1.29955  
0.145457  2.7699  0.423606  
0.298512  0.130751  3.72816  
0.296486  0.555894  2.94922  
0.0524686  0.663515  4.48033  
0.0988947  0.0968437  5.45523  
0.573576  0.181079  3.20214  
0.332464  0.0977464  4.25517  
0.752665  0.445756  1.30842  
1.0957  0.520278  0.126347  
0.757302  0.979628  0.97599  
0.396544  0.986831  2.04355  
0.111191  0.135376  4.96399  
0.228324  1.57374  1.29587  
0.124291  2.89809  0.0901683  
0.343232  1.0561  2.1267  
0.183329  2.60009  0.354932  
0.194932  0.25343  4.23163  
0.935688  0.714273  0.18252  
0.297115  2.20506  0.0730404  
1.83763  0.0770516  0.24768  
0.796699  0.35352  2.35028  
1.81572  0.0830237  0.054431  
0.199242  2.5505  0.0536066  
0.965939  0.74949  0.0985073  
0.215946  0.202629  4.63466  
0.0955434  3.113  0.373605  
0.724945  1.0262  0.270777  
0.0491795  3.96311  0.0640555  
1.15655  0.137236  1.28159  
0.0828521  1.29746  3.06835  
0.836214  0.899586  0.472659  
0.894374  0.0886669  2.553  
0.206971  0.201044  4.67104  
0.903547  0.0710041  2.47256  
0.270719  1.29466  2.26166  
0.0666411  0.105118  5.59607  
0.147717  2.83547  0.0875557  
1.37188  0.265284  0.635687  
0.66627  1.12904  0.490881  
0.129245  0.338961  4.32597  
0.0965746  3.15239  0.257921  
0.411656  1.00139  1.48507  
0.356578  0.532075  2.56856  
0.991134  0.174481  2.41624  
1.12812  0.153439  1.33586  
0.670306  1.10383  0.90102  
1.80922  0.0793033  0.192087  
0.0628717  3.62279  0.0654576  
0.171244  2.6422  0.0445165  
1.36192  0.301871  1.01603  
0.0765978  3.35631  0.208484  
1.11695  0.482012  0.667794  
1.01288  0.644894  0.504765  
1.31817  0.0916077  1.3951  
0.282617  2.08383  0.948982  
0.0912967  2.07712  1.86049  
0.264242  1.31446  2.13746  
0.468266  0.294439  3.1456  
0.214481  1.45954  2.21989  
0.339597  1.97942  0.0508884  
0.589598  1.30043  0.229844  
0.298372  2.14114  0.18867  
0.291515  2.04324  1.12354  
0.441663  0.329972  3.07446  
0.960836  0.241921  1.52049  
0.342969  0.0643976  5.21126  
0.249243  2.29602  0.123347  
0.350791  1.1715  1.29773  
0.181561  2.58136  1.09469  
0.64453  1.29191  0.079698  
0.444221  0.856436  2.00282  
0.437698  1.55758  1.06229  
0.193421  1.53982  2.2379  
0.225843  2.34996  0.0586903  
0.473364  1.66397  0.0784586  
0.218943  2.37773  0.523936  
0.310874  2.04978  0.232423  
0.216202  2.37838  0.115603  
0.405388  1.63596  1.03341  
0.484789  0.286932  2.78295  
0.409891  1.76762  0.260972  
0.140545  1.0908  2.53274  
0.160747  0.0953482  5.15094  
0.0694985  3.41101  0.0905406  
0.108151  1.06788  2.94303  
0.0787872  3.31604  0.330482  
0.493887  1.52123  0.361259  
0.688167  1.09116  1.12958  
0.159969  2.75244  0.157588  
0.950568  0.67219  1.19649  
0.182173  2.54296  1.13833  
0.101994  0.52431  3.65494  
0.622925  0.605265  1.5351  
0.0766787  0.44466  4.45069  
0.883537  0.0689677  2.61006  
0.718833  0.0922662  2.75611  
0.208568  1.51861  2.17309  
0.0805147  0.112209  5.19145  
0.163788  1.74716  2.20905  
0.24825  0.169511  3.92274  
0.1501  1.8477  1.43843  
0.310935  0.0745598  5.51481  
0.956094  0.240125  1.59227  
1.49417  0.207545  0.0993434  
0.325956  1.11234  2.32989  
0.492029  1.51753  0.760097  
0.634444  0.582317  1.44897  
0.100725  0.171847  4.92312  
0.257411  0.72752  2.66116  
0.263626  2.22891  0.20477  
1.01944  0.610877  0.78083  
0.0638776  0.529113  4.28716  
1.25281  0.412447  0.0664659  
0.0635741  0.124579  5.84188  
0.584463  1.35934  0.0658432  
0.107991  0.39338  4.27246  
0.77456  0.969827  0.0934143  
0.477503  1.56498  0.0463381  
0.419937  1.73476  0.35861  
0.425019  0.949416  1.49543  
1.52948  0.174684  0.940545  
0.431953  0.310467  3.17343  
0.221071  2.3404  1.0704  
1.46112  0.22292  0.354003  
0.292786  0.105826  4.08297  
0.370117  1.81213  0.521124  
0.398278  0.994001  1.97884  
0.618363  1.25498  0.142146  
0.0878629  0.562215  4.01688  
0.192107  2.53421  0.260305  
1.62748  0.146247  0.0597651  
0.146171  1.81111  1.99108  
1.40671  0.263281  0.0963096  
0.439157  0.96512  1.36463  
0.491493  0.818839  1.66624  
0.648314  1.21619  0.213558  
0.158187  0.481604  3.69304  
0.279677  0.57093  3.39369  
1.22535  0.396366  0.114181  
0.233464  1.40021  2.46309  
0.450873  1.6417  0.394267  
1.66444  0.113398  0.930505  
0.147757  2.86912  0.08199  
0.980238  0.66075  0.805806  
0.571912  1.3445  0.8817  
0.508617  0.224187  3.11171  
0.0872009  0.0958725  5.65073  
1.44017  0.208007  1.03023  
0.212037  0.0684091  5.56478  
1.73149  0.106344  0.0544546  
0.0600267  3.40254  0.605238  
0.523058  1.4932  0.0808554  
1.80355  0.0892928  0.0570373  
0.694924  1.15679  0.0778082  
0.727796  0.421525  2.36764  
0.6921  0.466217  1.9839  
0.151787  2.81866  0.0591797  
0.197486  1.59008  1.93296  
0.545369  1.36098  1.09172  
0.741203  0.409856  2.36651  
0.288894  0.132702  4.50166  
0.363496  1.86958  1.02776  
1.6433  0.119767  0.688954  
0.237421  1.40623  2.05527  
0.285669  1.44889  1.32317  
0.961573  0.675144  1.14375  
0.0606795  0.150462  5.58294  
0.0953033  1.98463  2.2911  
1.43951  0.209519  1.21721  
0.943875  0.779058  0.0893282  
0.334953  0.123779  3.66245  
0.610454  0.25169  2.59685  
0.971846  0.236935  1.47468  
0.144877  1.89373  1.27487  
1.11443  0.159299  1.34044  
0.239671  2.3361  0.0537277  
0.229425  1.41377  2.21272  
0.67469  0.538404  1.25915  
0.545665  1.39441  0.152739  
0.1807  2.61245  0.0522369  
0.447673  0.915516  1.53052  
0.879718  0.842569  0.0925026  
0.759301  0.414742  2.32557  
0.74641  0.958961  0.998174  
0.0843147  3.36891  0.0771223  
0.637003  1.16441  0.24943  
0.102046  3.0583  0.308414  
1.09704  0.571523  0.0690579  
0.791831  0.0889747  2.92306  
0.528767  0.77428  1.27238  
0.346428  1.07735  1.71399  
0.805399  0.950219  0.075503  
0.496258  1.53064  0.342704  
0.452839  0.408799  2.63074  
0.244201  2.32588  0.0609064  
1.30759  0.368367  0.077215  
0.23869  2.2896  0.274986  
0.0620653  0.16983  5.31624  
0.117415  2.98242  0.0501093  
0.119388  2.88888  0.298927  
0.557143  0.636191  1.70979  
1.48063  0.209462  0.161298  
1.32589  0.337938  0.0627171  
0.193333  0.892412  2.90263  
1.91224  0.0582163  0.0800616  
0.527356  1.47032  0.272568  
0.225249  0.758218  2.55847  
0.755241  1.00617  0.382177  
0.232341  1.4821  1.79887  
0.113231  1.32174  2.51593  
0.448391  1.6445  0.874466  
1.13775  0.482397  0.0955765  
0.0590665  0.651974  4.00248  
0.397907  1.71236  1.21685  
0.614908  0.122568  3.41943  
0.600589  1.3498  0.0760213  
1.48996  0.204348  0.177421  
0.400624  0.397727  3.14681  
0.068554  3.38951  1.13058  
0.870262  0.143057  2.52363  
0.261308  1.44849  1.38676  
0.0572568  0.558826  4.3132  
0.188686  2.47946  1.14924  
0.214712  2.50982  0.0599239  
0.0564156  0.149312  5.66015  
0.0783673  2.24669  1.24438  
1.13472  0.140679  2.102  
0.748876  0.42591  2.27164  
0.422714  1.67313  0.978205  
0.328879  1.98732  0.1224  
0.101992  3.12813  0.106814  
0.634381  0.194133  2.48027  
0.131389  0.38297  4.0065  
0.725263  1.13782  0.110446  
0.776571  0.396699  1.52679  
0.0814689  0.107941  5.17591  
0.513715  1.50179  0.138302  
0.111216  2.96734  1.05768  
0.132762  2.8502  0.0854365  
0.430319  0.316246  3.44128  
1.13055  0.128549  2.40501  
0.21161  1.48252  2.35623  
0.478175  0.46321  2.52862  
1.01206  0.221226  1.56111  
0.101459  3.05462  1.07722  
0.185019  1.01135  2.5863  
0.210477  0.836783  2.52051  
0.558589  0.257975  2.92447  
1.11035  0.535874  0.0758963  
0.0686655  0.189701  5.02031  
0.344263  0.447835  2.77047  
0.205385  0.233018  4.30071  
0.151589  2.88285  0.0685698  
1.32602  0.330574  0.0806595  
0.994857  0.651004  0.653862  
1.48579  0.213583  0.0686877  
0.896271  0.105313  2.49386  
0.663654  0.187232  2.57683  
0.275891  1.50305  1.36985  
0.46496  1.53868  1.05186  
0.623575  1.20492  0.549972  
0.165434  1.73579  1.49321  
