0.016592  5.00185e-013  6.03777  
5.08675e-010  4.81482e-009  6.00065  
0.896427  9.12498e-005  4.40051  
0.859692  0.861529  2.61449  
0.768955  0.882978  2.97813  
0.000198559  5.00185e-013  6.05673  
0.773253  0.311308  4.2195  
0.295402  0.70216  4.6694  
0.623859  0.743922  4.3846  
0.803141  0.629611  4.01465  
0.88535  0.733686  3.16705  
0.262377  0.6327  5.14195  
0.283396  0.124223  5.35116  
0.189085  0.848022  3.93896  
0.0823539  0.27936  5.445  
0.712111  0.844605  3.30891  
0.859986  0.0967225  4.13496  
0.163923  0.18324  5.3091  
0.00533245  0.0375316  5.94456  
0.844375  0.706417  3.35171  
0.865361  0.655346  3.72343  
0.0311154  0.223394  5.54546  
0.687967  0.208848  4.77397  
0.236413  0.660174  4.95694  
0.821023  0.707568  3.40102  
0.273317  0.828787  3.92393  
0.803795  0.872596  2.74024  
0.0659196  0.00725058  5.8916  
0.744433  0.194777  4.37591  
0.248099  0.763648  4.20654  
0.168389  0.132141  5.40746  
0.853663  0.215559  3.91351  
0.00688138  0.168169  5.6628  
0.866811  0.677399  3.56398  
0.871413  0.798445  2.75908  
0.83074  0.74397  3.10071  
0.84798  0.0246711  4.28275  
0.630903  0.150444  5.282  
0.26117  0.634443  5.13236  
0.636322  0.087712  5.39232  
0.291984  5.00185e-013  5.97608  
0.646885  0.17711  5.11986  
0.0691317  0.187231  5.51859  
0.835794  0.880009  2.65328  
0.75908  0.302275  4.27116  
0.679685  0.180871  4.87735  
0.748132  0.850587  3.04313  
0.211359  0.819874  3.96291  
0.122669  0.760103  4.41912  
0.786566  0.247506  4.07648  
0.741508  0.294418  4.37871  
0.215335  0.238217  5.17581  
0.883432  0.729367  3.19477  
0.855761  0.672871  3.59632  
0.818565  0.741914  3.14617  
0.700054  0.255755  4.71737  
0.141549  0.126376  5.47842  
0.241635  0.0126816  5.5667  
0.716321  0.846483  3.27555  
0.157979  0.233263  5.26298  
0.752738  0.749872  3.45621  
0.112748  0.0406879  5.74482  
0.677461  0.661407  4.70519  
0.704914  0.0342415  5.00174  
0.790122  0.839177  2.808  
0.727832  0.816636  3.25512  
0.076819  0.766552  4.5987  
0.184659  0.828787  3.97713  
0.764128  0.803491  3.06437  
0.808821  0.696347  3.55008  
0.274259  0.803493  4.00706  
0.256624  0.842341  3.89309  
0.252712  0.169681  5.24059  
0.67099  0.287676  4.89456  
0.730203  0.816411  3.23767  
0.761276  0.302201  4.26346  
0.146511  0.126376  5.46718  
0.670723  0.111113  5.09708  
0.78712  0.21914  4.09232  
0.140294  0.688298  4.97279  
0.850334  0.25804  3.88608  
0.000186664  0.865616  4.68274  
0.639734  0.184485  5.18498  
0.813575  0.747084  3.12643  
0.636322  0.139968  5.32922  
0.129016  0.705257  4.87004  
0.734098  0.005166  4.82648  
0.823023  0.643706  3.85396  
0.807517  0.775593  2.98624  
0.19285  0.805633  4.07561  
0.723566  0.246168  4.4823  
0.88129  0.731858  3.17252  
0.233573  0.232112  5.15709  
0.789454  0.717502  3.4415  
0.101231  0.116383  5.59709  
0.101231  0.120998  5.58587  
0.841689  0.115041  4.10292  
0.236302  0.741914  4.46083  
0.0934284  0.121116  5.69252  
0.0147694  0.212828  5.58036  
0.672336  0.293743  4.89403  
0.220819  0.236477  5.16418  
0.039404  0.876023  4.26641  
0.00546053  0.692879  5.1597  
0.152048  0.136365  5.4319  
0.739747  0.26679  4.42554  
0.0541538  0.735699  4.7395  
0.822046  0.0116814  4.34836  
0.287641  0.76683  4.20601  
0.855761  0.70027  3.38982  
0.0297169  0.105168  5.77091  
0.744589  0.757386  3.4277  
0.874208  0.041521  4.2591  
0.223222  0.720567  4.52821  
0.749488  0.788042  3.21985  
0.795016  0.766546  3.07628  
0.719596  0.74025  3.72388  
0.878779  0.051157  4.24896  
0.647752  0.261789  5.0429  
0.790866  0.711651  3.48002  
0.190815  0.26007  5.19801  
0.661131  0.174899  5.03066  
0.124149  0.029933  5.72669  
0.000485613  0.0321179  5.96638  
0.133514  0.229625  5.32256  
0.67639  0.78201  3.81177  
0.118171  0.267875  5.36882  
0.834808  0.0986749  4.1956  
0.734098  0.0273149  4.79724  
0.775504  0.696347  3.67382  
0.177635  0.648491  5.10844  
0.106985  0.0902526  5.65501  
0.180077  0.0332387  5.59897  
0.039404  0.0807537  5.81191  
0.804199  0.737972  3.29954  
0.232087  0.797675  4.04537  
0.710335  0.28983  4.60079  
0.0221704  0.832787  4.30824  
0.227593  0.664926  4.93073  
0.0534202  0.0148548  5.90505  
0.00808664  0.865616  4.32952  
0.633761  0.00319444  5.5573  
0.751193  0.0547648  4.63091  
0.692976  0.821946  3.49822  
0.782879  0.669944  3.83228  
0.744692  0.715251  3.77851  
0.1268  0.778135  4.32411  
0.819126  0.863543  2.67732  
0.0890455  0.842341  4.16409  
0.106422  0.246168  5.37986  
0.232033  0.144278  5.29414  
0.707348  0.147384  4.74724  
0.0602626  0.0738793  5.78661  
0.0480208  0.697877  5.07963  
0.839204  0.818283  2.69645  
0.674599  0.711651  4.274  
0.736985  0.15305  4.50619  
0.712728  0.781162  3.52598  
0.821269  0.0913764  4.20368  
0.658126  0.035331  5.45373  
0.786343  0.680241  3.73707  
0.653173  0.128412  5.18357  
0.0873899  0.770607  4.43971  
0.0824639  0.870387  4.17194  
0.833546  0.825338  2.70271  
0.135448  0.836683  4.06242  
0.654409  0.646916  4.9165  
0.177522  0.270245  5.2254  
0.0637683  0.0667583  5.79456  
0.625975  0.792416  4.1521  
0.0503698  0.0544543  5.85696  
0.798235  0.722878  3.36685  
0.783132  0.823285  2.87739  
0.106684  0.0905258  5.68977  
0.0963438  0.0728155  5.71379  
0.810859  0.677457  3.65058  
0.800675  0.04269  4.38885  
0.666908  0.138391  5.06177  
0.844137  0.783456  2.83544  
0.0355132  0.0584739  5.8642  
0.132674  0.724617  4.66122  
0.643067  0.637998  5.03203  
0.749245  0.700692  3.80444  
0.138123  0.191629  5.35151  
0.663364  0.239602  4.93406  
0.139806  0.228686  5.30676  
0.683491  0.786684  3.71125  
0.708288  0.762934  3.6937  
0.823882  0.78201  2.89577  
0.25041  0.677794  4.83622  
0.634388  0.0195275  5.53322  
0.210388  0.794534  4.12588  
0.688353  0.138391  4.90196  
0.0593826  0.0452139  5.84646  
0.642183  0.159157  5.2059  
0.148304  0.665932  5.04633  
0.803764  0.675775  3.74902  
0.657061  0.0635895  5.30458  
0.738877  0.155774  4.48659  
0.257953  0.0150774  5.55797  
0.0459173  0.833897  4.26719  
0.153255  0.115041  5.49902  
0.00361986  0.200517  5.62646  
0.14822  0.145212  5.41927  
0.175482  0.742417  4.53093  
0.840615  0.843475  2.63812  
0.650191  0.86273  3.75841  
0.76618  0.161241  4.35871  
0.811558  0.241396  3.96882  
0.670265  0.0299044  5.27318  
0.0873899  0.188642  5.50558  
0.017742  0.173398  5.63305  
0.118192  0.680729  5.02111  
0.831518  0.798641  2.78257  
0.00129824  0.0526019  5.92197  
0.70115  0.261777  4.71083  
0.767363  0.773216  3.18465  
0.685258  0.804336  3.61827  
0.847173  0.75558  3.0287  
0.85572  0.751961  3.01526  
0.762138  0.641125  4.1529  
0.844923  0.0526019  4.23847  
0.727274  0.0765741  4.81354  
0.683491  0.255768  4.78248  
0.83074  0.790577  2.82192  
0.220809  0.814633  3.98717  
0.0311154  0.131482  5.70527  
0.131218  0.216097  5.35717  
0.0570854  0.0464885  5.85229  
0.116661  0.203182  5.41396  
0.111748  0.760103  4.44514  
0.865361  0.671058  3.61058  
0.171648  0.836683  3.98438  
0.868466  0.811099  2.70744  
0.0266439  0.0661046  5.8671  
0.796303  0.830624  2.79625  
0.695644  0.810204  3.516  
0.663364  0.162596  5.03349  
0.866811  0.681462  3.53356  
0.692342  0.870297  3.45388  
0.795698  0.802675  2.91204  
0.109159  0.0684015  5.70777  
0.816765  0.21914  3.96946  
0.0336292  0.187231  5.61163  
0.877523  0.833897  2.65243  
0.0424826  0.0705407  5.82777  
0.15149  2.19783e-012  5.7521  
0.735355  0.681462  4.05563  
0.156997  0.199264  5.29781  
0.632337  0.85511  3.87796  
0.253248  0.0485131  5.50705  
0.0327609  0.64997  5.41165  
0.799303  0.0834559  4.31852  
0.815542  0.806896  2.79173  
0.135777  0.206208  5.33649  
0.70115  0.161109  4.75391  
0.821163  0.721512  3.29277  
0.649549  0.102835  5.26788  
0.840615  0.825332  2.67288  
0.155315  0.854064  3.99881  
0.844375  0.684082  3.52091  
0.0147694  0.19944  5.59698  
0.740208  0.155774  4.4772  
0.12321  0.804263  4.18582  
0.0840318  0.272616  5.4365  
0.805691  0.802675  2.8695  
0.810716  0.807365  2.84785  
0.697591  0.673633  4.51483  
0.736512  0.731025  3.66563  
0.0777555  0.75132  4.61208  
0.673616  0.159157  4.96706  
0.76618  0.165995  4.34897  
0.698808  0.760428  3.76994  
0.067805  0.0148548  5.87602  
0.752738  0.698164  3.83332  
0.0094168  0.275119  5.57191  
0.826978  0.754324  3.03919  
0.70575  0.0477669  4.98319  
0.826134  0.790217  2.85152  
0.116661  0.206271  5.3843  
0.677258  0.774466  3.86403  
0.24008  0.68615  4.78137  
0.238643  0.185864  5.20915  
0.0948112  0.0490558  5.76252  
0.0424826  0.0676588  5.83389  
0.776981  0.812834  2.94962  
0.10806  0.714087  4.82073  
0.207894  0.731025  4.51292  
0.690585  0.26699  4.732  
0.172753  0.232616  5.23426  
0.196545  0.811389  4.01154  
0.72475  0.0549872  4.81683  
0.776981  0.276747  4.14401  
0.0840318  0.795642  4.31508  
0.813237  0.790317  2.88938  
0.231472  0.674707  4.8543  
0.708955  0.186112  4.64962  
0.802086  0.782176  2.96212  
0.00459709  0.0526019  5.91951  
0.765901  0.785631  3.2373  
