3.80897e-005  9.89534e-010  6.4597  
0.888125  0.0137824  4.32473  
0.858357  0.862171  2.61476  
6.60666e-014  4.90016e-009  6.00846  
0.0146598  0.890588  4.32932  
0.301313  0.746647  4.35212  
0.62101  0.699651  4.77657  
0.765326  0.624111  4.24551  
0.717705  0.309667  4.57994  
0.00202786  9.89534e-010  6.01136  
0.766655  0.308689  4.23462  
0.108107  0.879216  4.12334  
0.206233  0.0789324  5.46964  
0.240158  0.659296  4.96191  
6.60666e-014  0.29189  5.60495  
0.115315  0.0257425  5.75434  
0.821136  0.86556  2.67246  
0.0284437  0.0864764  5.81491  
0.290776  0.747326  4.33447  
0.664741  0.721371  4.2708  
0.884171  0.0396434  4.28591  
0.0586839  0.118374  5.69338  
0.760467  0.127388  4.40595  
0.0634109  0.773657  4.50245  
0.836952  0.768747  2.92767  
0.640291  0.254327  5.09101  
0.853357  0.812192  2.70213  
0.662463  0.250465  4.93786  
0.632091  0.187526  5.1993  
0.147238  0.272523  5.28818  
0.750673  0.73035  3.57536  
0.859753  0.78544  2.81529  
0.733461  0.15767  4.52174  
0.00868091  0.0312183  5.95167  
0.0674254  0.229641  5.47351  
0.0427824  0.0115046  5.93077  
0.797386  0.713916  3.43082  
0.0164151  0.260521  5.55604  
0.724644  0.744716  3.66229  
0.844536  0.713916  3.29559  
0.873703  0.164008  4.0002  
0.829757  0.786452  2.84422  
0.751879  0.734056  3.54072  
0.188183  0.810816  4.0257  
0.778843  0.824248  2.89755  
0.219143  0.886566  3.92441  
0.076601  0.26776  5.45064  
0.144499  0.876731  4.03377  
0.785333  0.774238  3.08062  
0.683843  0.781673  3.73554  
0.784581  0.779711  3.05405  
0.250794  0.0747307  5.45062  
0.729563  0.766639  3.47692  
0.857878  0.760699  2.95842  
0.771068  0.0872607  4.43668  
0.136212  0.0722673  5.61601  
0.663937  0.831661  3.69087  
0.0785055  0.0530886  5.79042  
0.0956937  0.0423874  5.77169  
0.224171  0.185036  5.21929  
0.823259  0.845309  2.68604  
0.0240664  0.00433726  5.96677  
0.6959  0.151646  4.84368  
0.850307  0.632146  3.88107  
0.867838  0.110633  4.10429  
0.829757  0.813119  2.72984  
0.756251  0.0396129  4.63296  
0.252617  0.124805  5.33405  
0.176515  0.858131  3.95503  
0.234072  0.139252  5.30467  
0.694312  0.843249  3.44501  
0.708566  0.177641  4.67015  
0.841801  0.650928  3.76984  
0.723239  0.805881  3.32466  
0.740222  0.764434  3.42097  
0.0130243  0.0875128  5.83488  
0.191813  0.662828  4.98452  
0.22102  0.0895252  5.43062  
0.848219  0.837848  2.63752  
0.16666  0.23697  5.24316  
0.80338  0.279659  4.01456  
0.141319  0.264568  5.31777  
0.150418  0.131794  5.44465  
0.285386  0.653059  5.02388  
0.0512172  0.278048  5.50876  
0.649493  0.820456  3.82091  
0.185521  0.247031  5.20592  
0.776694  0.855127  2.86326  
0.0893927  0.755469  4.53077  
0.275241  0.735908  4.40011  
0.0531773  0.686675  5.10856  
0.64399  0.695948  4.7045  
0.723046  0.843249  3.22877  
0.844885  0.753649  3.01118  
0.744643  0.0576447  4.75388  
0.691239  0.684215  4.54874  
0.217942  0.707039  4.68759  
0.680155  0.214067  4.8272  
0.790344  0.6679  3.8134  
0.771068  0.738127  3.38936  
0.203924  0.830896  3.94354  
0.699066  0.673028  4.37819  
0.0809489  0.759948  4.58555  
0.711307  0.149832  4.70103  
0.0848295  0.630315  5.4367  
0.0261061  0.193223  5.58869  
0.831037  0.689841  3.49966  
0.199461  0.816594  4.00479  
0.749269  0.129042  4.47519  
0.864393  0.13697  4.05014  
0.138635  0.725391  4.67759  
0.807462  0.833253  2.74622  
0.0547911  0.145642  5.63022  
0.121286  0.0941738  5.60218  
0.738312  0.711901  3.79417  
0.627963  0.652805  5.03627  
0.843011  0.792018  2.79364  
0.687254  0.0348543  5.13499  
0.259985  0.701158  4.6495  
0.867071  0.220639  3.89648  
0.781407  0.667001  3.86368  
0.171944  0.23697  5.23287  
0.1751  0.866861  3.9614  
0.20811  0.656323  5.00865  
0.728162  0.826956  3.24312  
0.774792  0.84748  2.87929  
0.718554  0.728714  3.81393  
0.809991  0.677393  3.70684  
0.860024  0.750138  3.02697  
0.214248  0.16695  5.25957  
0.132506  0.0306319  5.70934  
0.00759794  0.692805  5.18234  
0.640539  0.245135  5.09403  
0.653124  0.756666  4.15822  
0.0354945  0.0628334  5.85573  
0.848035  0.798306  2.76277  
0.754789  0.624791  4.30854  
0.138635  0.801717  4.21616  
0.279681  0.0299656  5.54713  
0.0546141  0.174208  5.63747  
0.0445955  0.783372  4.45658  
0.743638  0.869381  3.10487  
0.15637  0.26223  5.28299  
0.204945  0.647878  5.06986  
0.0646953  0.0211976  5.87536  
0.701722  0.695082  4.19273  
0.245532  0.121464  5.37057  
0.649938  0.818812  3.84619  
0.827732  0.805435  2.76456  
0.670878  0.000263852  5.30357  
0.704658  0.760134  3.70551  
0.090013  0.0682933  5.73453  
0.165621  0.0188412  5.64742  
0.752808  0.15767  4.38802  
0.76139  4.90016e-009  4.65451  
0.866697  0.113261  4.09749  
0.722098  0.822206  3.27832  
0.811801  0.671238  3.78301  
0.159727  0.196265  5.29646  
0.70789  0.766614  3.63775  
0.267592  0.10803  5.37774  
0.824979  0.703727  3.409  
0.650094  0.164008  5.15923  
0.278003  0.813807  3.97023  
0.816289  0.139792  4.10385  
0.0341114  0.71083  5.14314  
0.122035  0.750138  4.48626  
0.787131  0.0282922  4.46651  
0.257202  0.164008  5.26124  
0.790041  0.201423  4.09328  
0.191813  0.671559  4.92468  
0.0257795  0.0699476  5.85885  
0.209728  0.64048  5.11912  
0.263025  0.669204  4.8913  
0.0953529  0.704105  4.88343  
0.772459  0.218126  4.16867  
0.657536  0.286638  4.99114  
0.227837  0.680875  4.81278  
0.676468  0.796004  3.721  
0.726947  0.845446  3.19909  
0.287594  0.752784  4.29681  
0.672694  0.796004  3.74885  
0.633193  0.871872  3.87761  
0.640291  0.123072  5.28187  
0.204886  0.168205  5.34547  
0.0728675  0.138731  5.60845  
0.674101  0.851553  3.5891  
0.841585  0.282263  3.90932  
0.181677  0.270746  5.21784  
0.0913906  0.62832  5.43413  
0.799276  0.783069  2.96694  
0.714835  0.00139823  4.97219  
0.65502  0.881797  3.74415  
0.161412  0.196265  5.2929  
0.180132  0.790534  4.1298  
0.736633  0.849163  3.17516  
0.872971  0.852247  2.62653  
0.104118  0.153991  5.52349  
0.0659836  0.21298  5.49089  
0.131439  0.662825  5.18555  
0.691842  0.838706  3.47285  
0.0686537  0.153991  5.60371  
0.724644  0.679429  4.13942  
0.781983  0.639408  4.04962  
0.272307  0.102253  5.39375  
0.0956937  0.178897  5.57017  
0.214307  0.646623  5.06769  
0.647301  0.0452554  5.40712  
0.00471584  0.290912  5.59174  
0.211146  0.635231  5.15458  
0.656577  0.289584  5.00224  
0.675331  0.162382  4.94878  
0.647301  0.0650369  5.36859  
0.127077  0.868091  4.07324  
0.811574  0.742597  3.16461  
0.661023  0.869381  3.72085  
0.645134  0.240111  5.06062  
0.155338  0.698657  4.78502  
0.794521  0.784947  2.97854  
0.707545  0.845446  3.34158  
0.00971194  0.72404  4.89395  
0.0404979  0.0638982  5.84629  
0.0284573  0.223062  5.56848  
0.163435  0.77817  4.23723  
0.0151025  0.00598044  5.98229  
0.672024  0.838706  3.61821  
0.713059  0.133989  4.72693  
0.00235662  0.208695  5.597  
0.81753  0.675255  3.64546  
0.0617709  0.859853  4.21229  
0.749343  0.284086  4.3636  
0.0212665  0.0428504  5.92068  
0.869987  0.685085  3.51886  
0.635133  0.0987775  5.38078  
0.230997  0.709203  4.59398  
0.645134  0.741808  4.26126  
0.0488948  0.784947  4.44049  
0.262686  0.239898  5.15165  
0.739682  0.883626  3.12115  
0.126464  0.0235336  5.72761  
0.854138  0.689783  3.46962  
0.0318663  0.846027  4.27318  
0.194385  0.136707  5.36048  
0.28568  0.673606  4.87609  
0.104118  0.722706  4.72295  
0.756251  0.000614498  4.68639  
0.783485  0.783372  3.03755  
0.0119885  0.00250421  5.98539  
0.10022  0.705331  4.86217  
0.182853  0.0156848  5.66065  
0.79457  0.723622  3.45984  
0.690458  0.86556  3.46538  
0.738788  0.797096  3.26854  
0.7022  0.795064  3.52871  
0.144531  0.0282922  5.67856  
0.00203216  0.00383058  5.99525  
0.62464  0.691183  4.76776  
0.160447  0.734212  4.56251  
0.0305771  0.242942  5.53954  
0.817932  0.0348543  4.32745  
0.819709  0.740785  3.15065  
0.675331  0.834101  3.60464  
0.142259  0.733071  4.61367  
0.805237  0.847614  2.7851  
0.695705  0.133989  4.85635  
0.0149954  0.0551484  5.90296  
0.0352769  0.047965  5.88497  
0.747437  0.815695  3.11753  
0.151046  0.246294  5.41392  
0.195514  0.685085  4.82327  
0.838256  0.106093  4.13262  
0.77317  0.206097  4.17723  
0.754287  0.0926768  4.5282  
0.222851  0.125429  5.34424  
0.712993  0.821906  3.34689  
0.15402  0.193223  5.31446  
0.068431  0.730823  4.74457  
0.260872  0.0642716  5.4754  
0.653191  0.73162  4.28118  
0.0378862  0.80931  4.35429  
0.105994  0.749805  4.5591  
0.801912  0.784668  2.94375  
0.224501  0.828019  3.93087  
0.627963  0.650928  5.04919  
0.807462  0.0515277  4.33716  
0.658326  0.245191  4.99855  
0.0173013  0.162514  5.65553  
0.741363  0.681234  4.04246  
0.871296  0.793913  2.7795  
0.123928  0.868074  4.07553  
0.829326  0.215435  3.93841  
0.0956937  0.223549  5.41491  
0.7866  0.789067  2.99204  
0.2667  0.234491  5.15531  
0.00674115  0.751192  4.75852  
0.226909  0.00795991  5.57728  
0.714031  0.28481  4.62057  
0.0472735  0.699652  5.04279  
0.785914  0.145714  4.21757  
0.0913906  0.630514  5.42014  
