2.03327  0.039722  0.0515761  
1.74353  0.0790204  0.0360542  
0.0453375  0.40719  4.21433  
0.0493828  3.95849  0.0655111  
0.0474678  0.0477246  5.99978  
0.0499626  0.0498417  5.97536  
0.0483964  0.0526106  5.7289  
0.0531105  3.84645  0.0593769  
0.0560241  3.74449  0.122663  
1.92691  0.0434206  0.0630165  
1.96401  0.0459456  0.0468389  
0.0479295  0.0572021  5.6663  
0.0621695  0.0639468  5.31437  
1.78027  0.0618452  0.147149  
0.0477771  3.89356  0.133339  
0.1775  1.40154  1.81098  
0.0656505  0.0626907  5.41246  
0.0538481  0.0588232  5.5834  
0.432388  1.34971  0.78986  
0.0505076  0.0735344  5.50802  
0.240568  2.08574  0.648109  
1.52513  0.17135  0.21753  
1.50265  0.0975799  0.653071  
0.0581641  3.92362  0.0582989  
0.054707  0.10639  5.23252  
0.0544873  0.117886  5.16596  
0.0579151  3.56142  0.260609  
1.81548  0.0481673  0.389309  
0.137362  0.129396  4.45639  
1.05084  0.598846  0.265741  
1.10716  0.236692  1.09061  
0.0702502  3.34173  0.266301  
0.0860058  1.57706  2.26954  
0.23191  0.10742  4.14203  
0.0475057  0.0857156  5.45526  
0.0743835  3.47395  0.069314  
1.96998  0.0445384  0.0588362  
1.432  0.249348  0.243379  
0.060602  0.164696  4.93307  
0.0638322  2.68451  1.15686  
1.67915  0.0782453  0.336987  
0.0849697  1.16031  2.95619  
0.0523368  0.0676832  5.55769  
0.61703  0.818286  1.11325  
0.159241  2.21844  0.8547  
0.05946  3.7249  0.0618814  
0.518657  0.865595  1.20046  
1.99058  0.0400538  0.0667474  
1.40474  0.215249  0.331253  
1.29244  0.22909  0.399104  
0.0630165  3.51851  0.210066  
0.291222  1.78213  0.717159  
0.306478  0.0646053  4.09348  
2.01191  0.0400872  0.0403746  
1.53741  0.0635141  0.665633  
0.0560679  3.4331  0.407229  
0.212922  2.44657  0.23273  
1.89873  0.0470546  0.0440898  
0.0977298  3.18182  0.202361  
0.106549  2.90547  0.431506  
0.771632  0.357268  1.46699  
0.184698  0.0946758  4.71983  
0.0834265  0.0865792  5.02786  
0.110393  2.05619  1.22818  
0.962962  0.465478  0.58898  
0.233289  1.58832  1.17032  
0.17103  2.65917  0.126559  
0.0540817  3.51766  0.41383  
0.0720079  0.10979  4.87967  
1.70065  0.0783738  0.233149  
1.7278  0.0558148  0.351119  
0.123992  2.85015  0.378086  
1.82993  0.0660804  0.0503054  
0.528902  0.108989  3.04562  
0.0778615  2.47602  1.10574  
0.0526826  0.0526017  5.7107  
1.37491  0.0566507  0.952155  
0.0907019  0.128687  4.77309  
1.39075  0.181782  0.616011  
0.0605947  3.59699  0.228602  
1.06555  0.535132  0.368544  
1.99493  0.0410914  0.0492038  
0.0833252  0.317226  4.25385  
0.447332  0.201415  3.06616  
0.277564  2.01261  0.607624  
0.0802781  0.278712  4.35775  
1.9158  0.0445792  0.161985  
1.24512  0.188776  0.754882  
0.0992676  0.707621  3.55175  
0.839654  0.919135  0.140508  
0.119602  1.763  1.5538  
0.0740114  1.89771  1.94655  
0.0672542  3.06514  0.497824  
1.11659  0.406465  0.319403  
1.56264  0.186765  0.134976  
0.0509298  3.67217  0.35152  
0.107906  3.21033  0.112009  
1.2213  0.146493  1.01847  
0.0799065  2.1871  1.46014  
0.363323  2.11693  0.121464  
1.8045  0.0751796  0.113673  
0.50024  0.311729  2.3646  
0.109354  2.71029  0.529299  
0.151078  2.54236  0.424465  
0.0867747  0.263965  4.40366  
1.45681  0.171762  0.283002  
0.215398  0.126162  4.05537  
0.463477  0.131781  3.22169  
0.260661  0.0655355  4.31924  
1.88441  0.0476286  0.0691119  
0.257862  2.24171  0.181819  
0.0925201  2.20053  1.40469  
0.404532  0.839646  1.61928  
0.0543942  0.0689986  5.26224  
0.0793843  0.220729  4.5884  
0.537819  0.0929756  3.29271  
0.11714  2.92796  0.221343  
0.0751404  1.87415  2.02418  
1.90721  0.043999  0.187656  
0.050113  0.163449  5.13835  
1.16239  0.0932352  1.74796  
1.44497  0.0696834  0.910117  
0.0952834  1.45324  2.71723  
0.052732  3.16455  0.696734  
0.0639419  3.41599  0.322573  
0.126879  0.528824  3.68067  
0.312407  0.354153  3.27667  
0.605506  1.11039  0.489867  
0.092563  3.25139  0.0562664  
0.083032  0.24775  4.48688  
0.109426  1.27769  2.56421  
0.454675  1.0356  1.12325  
0.554126  0.616363  1.49947  
2.01102  0.041871  0.0424369  
0.183048  0.268295  3.88643  
0.0873468  3.30757  0.0728171  
0.0906679  2.4344  0.945784  
0.280156  0.115178  3.92486  
0.0980736  3.1184  0.245759  
0.0949178  1.19212  2.75443  
0.330872  0.153697  3.58202  
0.950357  0.682186  0.339762  
1.63713  0.0557679  0.595534  
0.0820142  3.13798  0.326666  
0.339159  0.279502  3.18952  
0.10992  3.0449  0.0463658  
0.161284  1.85025  1.37308  
0.0647624  3.38512  0.271077  
0.153307  1.52163  1.84725  
0.532488  0.0839888  3.32229  
0.0521655  3.69684  0.180055  
0.221781  1.61754  1.41474  
0.134053  0.144812  4.53423  
0.0702537  3.57491  0.0558689  
0.824654  0.143714  2.09966  
0.591167  0.217755  2.4405  
0.487479  1.59887  0.166734  
0.168042  1.91241  1.09863  
1.08361  0.376916  0.774169  
1.41686  0.150317  0.454653  
0.281533  0.185414  3.70659  
1.8452  0.0495516  0.20178  
0.704938  1.0409  0.367377  
0.0497728  0.12854  5.29035  
1.09033  0.568976  0.339732  
1.62219  0.0464207  0.847926  
0.0682561  2.30142  1.42  
0.0764585  2.88693  0.703595  
0.289425  1.87679  0.459365  
0.233677  0.77262  2.38708  
0.0601879  3.23315  0.438303  
0.0552583  0.134378  5.09885  
0.0787128  0.25866  4.50874  
0.146876  0.125271  4.65241  
0.0474553  0.237957  4.83302  
0.0923628  1.99723  1.83063  
0.250808  1.57204  1.27143  
0.120097  1.11272  2.81017  
1.5488  0.0597464  0.943651  
0.575838  0.452096  1.90135  
0.048971  3.65506  0.378455  
0.0612974  0.136849  4.95619  
0.710655  0.783838  0.76931  
0.105251  0.97646  2.98575  
0.211213  1.40641  1.74007  
1.47031  0.178232  0.255314  
0.140111  3.03061  0.0715602  
1.07205  0.304726  1.09938  
0.665233  0.580018  1.37052  
0.124391  2.78763  0.295349  
0.268557  0.510163  2.92868  
0.297422  0.971806  2.00161  
1.73931  0.0852026  0.131587  
0.0634327  3.61638  0.123455  
1.65827  0.104468  0.18159  
0.228689  0.656379  2.84894  
0.0572217  0.318705  4.63526  
0.16605  1.51206  1.76696  
0.543169  1.1717  0.681722  
1.34284  0.331668  0.134848  
0.253404  0.746266  2.67216  
0.0759398  3.01278  0.57851  
0.0755829  3.39821  0.178722  
1.25331  0.178439  0.791093  
0.189468  0.64522  2.87398  
0.0764199  2.63188  0.808768  
1.83651  0.0581514  0.128068  
0.750896  0.176763  2.19963  
0.440473  1.8031  0.107154  
0.919644  0.120579  1.97085  
0.207182  2.41553  0.243648  
0.176593  2.40777  0.551589  
1.39201  0.183007  0.468309  
0.133253  1.05127  2.78564  
0.131377  1.94435  1.18972  
0.183081  2.58777  0.21177  
1.31806  0.0680215  1.50766  
0.0834273  1.06127  3.3448  
0.831809  0.587614  0.803207  
0.859765  0.477313  1.04651  
0.441437  0.337532  2.50462  
0.245026  0.270585  3.4402  
1.57178  0.186355  0.17009  
1.7167  0.0874305  0.134454  
0.0701667  3.45792  0.122503  
0.152107  2.52439  0.590848  
1.12386  0.14187  1.20234  
0.730956  0.169705  2.23612  
0.119699  2.87334  0.330985  
0.456948  1.09272  1.08732  
0.180562  1.82213  1.33005  
0.932747  0.292345  1.28666  
1.64667  0.11451  0.176604  
0.0989764  0.0593912  4.98521  
0.0643893  0.0825574  5.06425  
0.0921846  3.26545  0.0533532  
1.79761  0.0590694  0.141232  
1.8739  0.0436454  0.212823  
0.350041  1.83961  0.260542  
0.158341  0.200549  4.27749  
0.155135  0.0890277  4.85518  
0.219077  0.175475  3.72829  
0.428935  1.73056  0.368978  
0.46349  0.219316  3.0139  
0.546555  1.42885  0.126649  
0.869662  0.194116  1.8884  
1.55235  0.0545605  0.73958  
0.0619207  3.64046  0.138013  
0.0817931  3.36052  0.217455  
0.275717  0.200544  3.62159  
0.866481  0.903465  0.132102  
0.320057  0.645096  2.59318  
1.17881  0.383256  0.52545  
0.912664  0.433829  1.00117  
0.317591  0.154211  3.64776  
1.33034  0.083246  1.10838  
0.73957  0.171704  2.20752  
0.317429  0.18819  3.48198  
0.12906  1.63118  1.87787  
0.112254  3.00376  0.156957  
0.813668  0.444605  1.19627  
0.151565  2.77187  0.0782904  
0.0727646  2.69535  1.00961  
1.30602  0.130981  0.858428  
0.188737  0.190376  4.00012  
0.227284  2.38415  0.172926  
1.23582  0.428724  0.178472  
0.429658  1.55572  0.316078  
0.187198  2.39189  0.509237  
0.571948  1.49246  0.0960824  
0.164469  0.662657  3.08504  
0.106794  1.73949  1.69344  
0.19694  2.5689  0.0792618  
0.098159  2.83441  0.497615  
1.47768  0.215008  0.0728021  
1.13342  0.10858  1.62969  
0.319952  0.327857  3.1381  
0.0761579  1.69714  2.32708  
1.17056  0.324531  0.540842  
1.14535  0.0945082  1.29351  
0.119821  2.95062  0.14835  
0.0533624  0.0624392  5.42531  
0.119968  2.74548  0.423592  
1.00948  0.400898  0.892043  
0.113914  1.98079  1.51982  
0.250849  2.49912  0.0914233  
0.073387  2.56168  0.97102  
0.736023  0.298405  1.82909  
1.41658  0.123337  0.537765  
0.0973326  3.14805  0.243885  
0.0875317  0.230048  4.38086  
0.241391  1.05433  2.12188  
0.849657  0.105304  2.47173  
0.103854  2.36948  0.912649  
0.937503  0.0861823  2.06221  
0.81785  0.167461  1.95634  
0.139926  1.26713  2.29581  
1.36166  0.278187  0.0613887  
0.137623  0.306327  4.07836  
0.224238  1.6605  1.03132  
0.163486  2.75928  0.107848  
0.475751  0.0844749  3.42674  
0.114387  0.371216  3.83058  
1.14078  0.490607  0.142624  
0.227872  0.897054  2.34655  
0.395109  1.11827  1.36212  
1.35272  0.122376  0.878034  
0.110256  1.3374  2.14327  
1.78872  0.0616997  0.172481  
1.33521  0.0801056  1.42906  
0.724188  0.367917  1.69977  
1.66699  0.0844794  0.346797  
0.0836866  3.36841  0.055815  
0.342368  1.32346  1.07726  
0.122201  1.7564  1.54365  
0.385074  1.42018  0.881311  
0.318274  1.43428  1.0115  
0.239397  2.32014  0.132625  
1.2126  0.474566  0.153743  
0.661286  0.546376  1.39323  
0.100516  1.34197  2.64027  
0.0746154  0.623082  3.77727  
0.408971  1.46442  0.638628  
0.0723818  2.98406  0.656793  
0.380912  0.31319  2.74256  
1.27185  0.134382  0.925672  
0.285554  0.822307  2.03732  
0.131746  1.54344  1.96637  
0.162508  2.03541  1.12842  
0.678073  0.514192  1.4357  
1.61288  0.0565387  0.62437  
0.881177  0.670852  0.582847  
1.45989  0.240001  0.0638608  
1.1306  0.295389  0.747899  
0.782956  0.0842876  2.49303  
0.0604294  0.0906515  5.11016  
1.30499  0.343086  0.233027  
0.467503  1.14677  0.923159  
0.0455443  3.29122  0.728242  
0.0541255  0.2091  4.70941  
0.645601  1.24632  0.193878  
0.150546  2.61511  0.3403  
1.04555  0.213091  1.20496  
1.35092  0.140263  0.822401  
0.512545  0.485639  1.91668  
0.478883  1.53388  0.364106  
0.304585  1.16195  1.57908  
0.172793  2.04972  0.988099  
1.85162  0.054304  0.183603  
0.262681  2.35098  0.0971688  
0.0605291  3.62722  0.152414  
0.800744  0.332663  1.60781  
0.186989  1.68417  1.66161  
0.127372  1.71513  1.5458  
0.566011  0.473751  2.00675  
0.150887  2.1486  0.954764  
0.658325  0.459153  1.48085  
1.02825  0.626961  0.191316  
0.0598533  2.80767  0.812722  
1.59848  0.0766984  0.535282  
1.48879  0.0706666  0.879408  
0.401573  1.02377  1.31476  
0.741869  0.605222  0.940142  
0.200223  2.27225  0.50527  
0.176787  2.48176  0.33089  
0.201662  2.33604  0.315933  
0.0850668  0.794611  3.40242  
1.857  0.0453172  0.383543  
0.373531  0.25745  3.15755  
0.501718  0.716622  1.6414  
0.161912  0.872238  2.69443  
1.28693  0.211245  0.571825  
0.335805  0.307773  3.11156  
0.275046  0.93814  2.10599  
0.688796  1.01465  0.440365  
0.67279  0.991905  0.455879  
0.163421  2.02827  1.07904  
1.57667  0.193291  0.0710671  
0.905934  0.723653  0.244994  
0.222909  1.47619  1.51933  
0.898434  0.10428  2.05094  
0.0613418  2.79853  1.02899  
0.691674  1.00858  0.441969  
0.49654  0.10613  3.18333  
0.746499  0.384592  1.58627  
0.360907  0.378062  2.61647  
0.324244  0.755766  2.11513  
0.792354  0.523484  1.06149  
0.0583203  3.69321  0.0643788  
1.17471  0.129971  1.24531  
0.121947  2.28752  0.849219  
0.292804  1.17485  1.72353  
0.730426  1.13275  0.0817432  
0.67513  1.19804  0.300147  
0.445214  0.0846205  3.50591  
1.36697  0.137295  0.753047  
0.208887  0.419507  3.08033  
1.02138  0.0949599  1.76327  
0.0650775  2.99029  0.776581  
0.7675  0.237535  1.84143  
0.279555  0.208245  3.57872  
0.127406  2.9326  0.148642  
0.198809  2.50753  0.259086  
0.04669  0.254814  4.78426  
0.194708  2.16208  0.673864  
0.346159  0.193978  3.3877  
0.810312  0.567931  0.870071  
0.355702  0.519345  2.47543  
0.274557  2.13051  0.103846  
0.338302  0.290831  3.23505  
0.437705  0.965493  1.21546  
0.661699  0.129713  2.5332  
0.429741  0.552935  2.30782  
0.0809438  0.118468  4.805  
0.579258  0.26699  2.30671  
1.23009  0.234385  0.693288  
1.26646  0.152861  0.798297  
0.0830552  0.490977  4.02814  
0.578954  0.370816  2.23757  
1.32199  0.343862  0.160112  
0.143501  2.82496  0.120598  
0.0885778  1.48761  2.08189  
0.0913893  3.08373  0.350983  
0.175641  2.7282  0.0614216  
0.890648  0.638836  0.515294  
0.985108  0.255459  1.25274  
0.095096  2.96626  0.322044  
0.138469  0.488187  3.76242  
0.0830931  1.51299  2.70486  
1.25985  0.175259  0.96195  
0.990205  0.216508  1.57367  
1.86492  0.0457833  0.231582  
0.17622  2.25481  0.601992  
0.493577  1.10313  1.05059  
0.374269  1.62286  0.840037  
0.53986  1.08722  0.688079  
1.18609  0.279286  0.559591  
0.204556  2.26944  0.574424  
0.982059  0.168268  1.73589  
0.257043  2.25737  0.191427  
1.15385  0.46016  0.160696  
0.0952211  0.0494731  5.0547  
0.106074  2.59773  0.557727  
0.299148  1.45991  1.06517  
0.251813  2.36496  0.076036  
0.184252  0.240558  3.85748  
0.39147  0.708307  2.02763  
0.0899989  0.986344  2.84896  
1.60214  0.0479579  0.897386  
0.0705798  2.6477  1.05554  
0.523318  1.30847  0.623947  
0.19691  0.159223  3.94603  
0.47178  0.207275  2.92599  
1.8791  0.0538297  0.125999  
1.58983  0.173282  0.0717919  
0.149068  0.283092  3.97095  
1.65088  0.0454085  0.525844  
0.560599  0.0993001  3.24689  
0.707405  0.881416  0.54328  
1.00252  0.226692  1.25924  
0.386426  1.22058  1.03668  
0.884629  0.766825  0.341649  
0.789397  0.43809  1.38032  
0.754235  0.949509  0.339459  
0.0464882  3.28398  0.763898  
0.191898  0.235795  3.87929  
0.127641  1.0742  2.63259  
1.08631  0.360872  0.545004  
0.42545  1.29872  0.803936  
0.737836  0.807447  0.714296  
0.101483  2.16766  1.34001  
0.641506  0.357709  1.80042  
1.19487  0.24464  0.959054  
0.567446  0.274559  2.48977  
0.309879  0.363005  2.88462  
0.131786  2.17193  0.960561  
0.295254  1.97876  0.436405  
0.214266  0.150051  4.20286  
0.0709629  3.27899  0.317346  
0.352435  1.9344  0.129179  
0.236893  1.43248  1.35048  
0.632339  0.832567  1.00589  
0.321531  0.277569  3.34139  
0.297259  0.248511  3.45574  
0.234944  1.95989  0.658116  
0.295198  0.1093  3.9859  
0.140836  0.928439  2.55861  
0.588087  0.113556  2.83389  
0.443923  0.144515  3.26063  
1.6293  0.0645575  0.45171  
0.105828  3.10215  0.203269  
0.524287  1.12815  0.980343  
1.27912  0.263481  0.48606  
0.107003  3.08255  0.29873  
1.20387  0.324237  0.368065  
0.601194  0.0793194  2.77303  
0.13394  0.138965  4.56521  
1.784  0.0490482  0.252385  
0.945663  0.473568  0.804057  
0.228014  1.63709  1.13351  
0.0584733  3.21976  0.611325  
0.756851  0.374898  1.68796  
0.0877002  0.171311  4.68148  
0.158027  0.0958506  4.67823  
0.145876  2.88193  0.120442  
0.0668268  0.54263  4.16166  
0.0828148  2.29198  1.29879  
0.388118  1.47057  0.691343  
0.508665  0.693855  1.6242  
0.178147  0.212925  4.18701  
0.0889187  0.495129  3.84911  
1.67131  0.0707861  0.379804  
0.327307  0.685626  2.05602  
0.188989  0.0957956  4.56021  
1.26231  0.38699  0.308974  
0.978552  0.0781061  2.16915  
0.695589  0.380136  1.78321  
0.649363  1.23701  0.353246  
0.070028  3.30722  0.38079  
0.289696  1.4216  1.53099  
1.0356  0.570072  0.362524  
0.45955  0.344592  2.42961  
0.223101  0.330149  3.41082  
0.261372  0.562836  2.67741  
0.892575  0.632366  0.626999  
0.104614  0.0612121  4.98197  
0.173076  2.51747  0.68575  
0.184496  1.02683  2.46304  
0.376123  0.174069  3.37383  
0.292838  0.0914571  4.0231  
0.191071  1.95031  0.845978  
0.165831  0.288982  3.79446  
0.843556  0.801436  0.418105  
1.28073  0.345974  0.0600219  
0.21478  1.92253  0.895205  
0.115326  0.875347  2.90219  
0.419842  0.42867  2.46377  
0.236507  0.236117  3.62296  
0.282349  0.673866  2.4004  
0.397355  0.757005  1.8703  
0.12121  1.69276  1.71056  
0.132882  2.81958  0.193502  
0.585831  0.902239  1.12639  
0.0619122  3.46459  0.357256  
0.698571  1.28659  0.146262  
1.01609  0.206644  1.42677  
0.41448  1.48705  0.470775  
0.095984  2.60852  0.907419  
0.089023  0.503758  3.81461  
0.620846  0.453443  1.72531  
0.873736  0.270267  1.64301  
1.04053  0.115436  1.56835  
1.49432  0.089393  0.782447  
0.36672  1.91812  0.0775552  
0.642715  0.248378  2.34129  
0.30777  0.942893  1.79375  
0.586204  1.0042  0.693163  
0.503403  1.64843  0.0994295  
0.328254  1.96575  0.233615  
0.242706  0.171025  3.74768  
0.798392  0.606527  0.92061  
0.0982393  3.10591  0.235089  
0.36304  0.152686  3.46788  
0.53085  0.397772  2.0412  
0.697721  0.203087  2.07298  
1.18996  0.145562  1.14181  
0.138892  2.73362  0.204297  
1.15184  0.534068  0.0916894  
1.23201  0.442444  0.293591  
1.19724  0.284785  0.461714  
0.383673  0.238163  3.1214  
0.847467  0.197548  1.77739  
0.2336  1.70194  0.934705  
0.248648  2.11902  0.444274  
0.358236  1.29097  1.01493  
0.261605  1.80916  0.863547  
0.975439  0.399989  0.920516  
0.787958  0.807255  0.478082  
0.920327  0.516898  0.791405  
0.826896  0.273724  1.65179  
0.104558  2.96156  0.332521  
0.887514  0.833126  0.278056  
1.43956  0.111292  0.614184  
0.315207  0.74443  2.16605  
0.135051  1.22908  2.46823  
0.382186  1.25683  0.976352  
0.334  1.63524  0.738289  
0.504757  1.31513  0.500535  
0.37623  0.116614  3.74812  
0.297924  0.562025  2.75705  
0.0720402  2.64221  1.06049  
0.801233  0.787997  0.66363  
0.0659141  0.238372  4.61402  
0.0704415  2.34529  1.37421  
0.947594  0.798728  0.0866675  
0.516123  0.9246  1.21139  
0.483659  1.2514  0.65123  
0.395271  0.43794  2.51997  
0.0626242  2.15902  1.75273  
0.121162  0.825267  2.89504  
