7.89613e-013  0.323351  5.65069  
0.00012709  5.37531e-012  6.22372  
0.858711  0.857194  2.61456  
0.120317  0.883095  4.10238  
0.956409  9.44652e-008  5.06827  
7.52412e-010  9.44652e-008  6.65174  
0.659649  0.625211  5.00011  
0.62781  0.133375  5.33734  
0.303607  0.780657  4.14746  
7.52412e-010  7.14429e-007  6.48943  
7.89613e-013  5.12857e-006  6.2938  
0.932253  1.81465e-007  4.51363  
0.000343516  0.292561  5.88914  
0.912921  5.12857e-006  4.57059  
0.139093  0.867493  4.04386  
0.776108  0.878195  2.88874  
0.734171  0.84588  3.20867  
0.871002  0.730839  3.16838  
0.27638  0.123769  5.34569  
7.89613e-013  0.000168511  6.15472  
0.896099  0.0103678  4.35037  
0.0434713  0.0671617  5.83481  
0.818802  0.718738  3.41861  
0.00870244  0.0222492  5.96728  
0.77111  0.804994  3.00661  
0.852599  0.81717  2.68506  
0.0688086  0.0529124  5.81398  
0.888714  0.772593  2.9326  
0.263264  0.805954  3.99067  
0.225789  0.145921  5.34186  
0.215477  0.161459  5.29163  
0.802142  0.0965442  4.25791  
0.182885  0.271874  5.2167  
0.721137  0.728459  3.79644  
0.835727  0.64167  3.8509  
0.670143  0.79867  3.7555  
0.776108  0.726706  3.45147  
0.000906523  5.37531e-012  6.19692  
0.64128  0.852534  3.81986  
0.678218  0.20008  4.85926  
0.811559  0.810875  2.79632  
0.000263373  0.0010329  6.02567  
0.834622  0.775634  2.89683  
0.675292  0.823351  3.68926  
0.634527  0.833568  3.88789  
0.764102  0.286173  4.23229  
0.76001  0.138616  4.39907  
7.52412e-010  0.0209915  6.10517  
0.751589  0.880826  3.03549  
0.856213  0.667905  3.63326  
0.784847  0.70204  3.64576  
0.881983  0.690454  3.57941  
0.00141664  0.11641  5.79231  
0.74148  0.84977  3.09842  
0.63877  0.249284  5.10072  
0.246783  0.156194  5.26317  
0.203229  0.25905  5.20509  
0.745145  0.276331  4.34048  
0.0527769  0.686378  5.34951  
0.0419686  5.37531e-012  6.11528  
0.0746309  0.244841  5.45147  
0.777726  0.862367  2.85728  
0.115069  0.671572  5.08117  
0.831307  0.695583  3.54605  
0.797884  0.723488  3.37851  
0.808426  0.85983  2.72052  
0.158528  0.819251  4.10929  
0.145297  0.717913  4.72222  
0.80488  0.698451  3.51806  
0.70433  0.0453944  4.9879  
0.676806  0.852159  3.56842  
0.649016  0.642791  4.96201  
0.792759  0.822944  2.83784  
0.686045  0.185864  4.86106  
0.163717  0.756159  4.4244  
0.730687  0.745004  3.61246  
0.23434  0.234562  5.15581  
0.770394  0.864205  2.9746  
0.848773  0.825416  2.66553  
0.063533  0.176275  5.56755  
0.193764  0.010823  5.60794  
0.785977  0.732962  3.35177  
0.706344  0.20854  4.68677  
0.293567  0.188409  5.22985  
0.663518  0.792891  3.82818  
0.233939  5.37531e-012  5.66434  
0.0167601  0.720203  5.03689  
0.281181  0.167861  5.25073  
0.243957  0.109196  5.37327  
0.788703  0.763513  3.1274  
0.884074  0.704644  3.38406  
0.148027  0.214847  5.32625  
0.858268  0.83107  2.65307  
0.814166  0.822252  2.74969  
0.844804  0.279264  3.90034  
0.814056  0.758596  3.05132  
0.0112146  0.057489  5.90277  
0.25904  0.195622  5.19337  
0.153961  0.0364288  5.6459  
0.302415  0.739028  4.40912  
0.868558  0.125641  4.07098  
0.76001  0.830034  3.09053  
0.80702  0.779765  2.96321  
0.220518  0.14244  5.35367  
0.0148829  0.0318733  5.9523  
0.712929  0.240775  4.56148  
0.03481  0.0247153  5.9242  
0.128046  0.750775  4.46718  
0.00554451  0.0928298  5.83109  
0.0929505  0.807668  4.24409  
0.849713  0.816797  2.70917  
0.731621  0.800279  3.29526  
0.806349  0.700855  3.49237  
0.291265  0.764523  4.22338  
0.873423  0.266558  3.89181  
0.748912  0.276331  4.31234  
0.71053  0.75185  3.71461  
0.138738  0.0885723  5.57428  
0.864086  0.0163118  4.30036  
0.866842  0.635444  3.87041  
0.177636  0.252056  5.21969  
0.0376903  0.0791867  5.85097  
0.102578  0.0477627  5.74541  
0.725239  0.828304  3.24074  
0.142716  0.224277  5.30375  
0.693608  0.196468  4.75142  
0.699092  0.120175  4.8937  
0.687386  0.651356  4.6266  
0.0551759  0.823645  4.2759  
0.738867  0.792891  3.46866  
0.0281988  0.720203  4.97089  
0.856213  0.766051  2.934  
0.719589  0.113182  4.78523  
0.700778  0.252807  4.65271  
0.00387806  0.0529124  5.92862  
0.000161206  1.60841e-011  6.06355  
0.296135  0.0856472  5.45595  
0.77295  0.791556  3.24414  
0.186864  0.123377  5.39575  
0.846091  0.734212  3.15415  
0.238808  0.0606715  5.48374  
0.0393354  0.0292884  5.9103  
0.843489  0.708619  3.48362  
0.0580923  0.0914146  5.75157  
0.65241  0.261532  5.01133  
0.784847  0.705696  3.58243  
0.0538944  0.157548  5.63519  
0.642819  0.741145  4.2824  
0.190292  5.37531e-012  5.70975  
0.858974  0.837968  2.63902  
0.82786  0.112163  4.13834  
0.155167  0.654319  5.11659  
0.000345877  0.292561  5.59806  
0.75115  0.0063414  4.71508  
0.872979  0.125197  4.07608  
0.029108  0.838776  4.28893  
0.749673  0.237398  4.38286  
0.671364  0.20008  4.9101  
0.727778  0.204974  4.65077  
0.799752  0.00861208  4.50049  
0.1979  0.858866  3.92362  
0.691308  0.167328  4.81535  
0.749673  0.881154  3.06834  
0.667749  0.778415  3.87941  
0.695306  0.0244592  5.14481  
0.753697  0.766067  3.31349  
0.200061  0.0455144  5.54557  
0.773913  0.718738  3.51334  
0.102578  0.0431095  5.75421  
0.8237  0.171243  4.0173  
0.0833322  0.244841  5.43656  
0.0010763  0.0804501  5.86681  
0.0832985  0.163776  5.53119  
0.710517  0.842171  3.32357  
0.723976  0.229753  4.4943  
0.0876464  0.637834  5.41819  
0.0395278  0.768702  4.54822  
0.689228  0.753177  4.06422  
0.251498  0.675245  4.93717  
0.253888  0.694157  4.70789  
0.847879  0.0131214  4.36375  
0.0802891  0.661144  5.23954  
0.841483  0.711079  3.39325  
0.803533  0.684825  3.6699  
0.2433  0.190907  5.1985  
0.118041  0.815037  4.16787  
0.83331  0.266683  3.91238  
0.634743  0.248278  5.12701  
0.836896  0.75554  3.0547  
0.112549  0.178567  5.43445  
0.156267  0.101323  5.50538  
0.296135  0.678353  4.85127  
0.808189  0.753788  3.14067  
0.755933  0.864205  3.06327  
0.0312155  0.101323  5.77688  
0.737979  0.821048  3.27218  
0.861038  0.0827487  4.16932  
0.225157  0.631243  5.16072  
0.208278  0.630473  5.1817  
0.240202  0.0551631  5.49344  
0.698076  0.647899  4.59652  
0.0317034  0.206841  5.56223  
0.728367  0.0397568  4.8177  
0.76907  0.283015  4.18699  
0.138738  0.709898  4.73704  
0.0220095  0.664462  5.45763  
0.175576  0.858707  3.95824  
0.174707  0.16872  5.36046  
0.0891616  0.843178  4.1656  
0.289224  0.0260843  5.56749  
0.891768  0.783522  2.86772  
0.0948639  0.160853  5.51397  
0.723635  0.660628  4.41142  
0.715828  0.170965  4.65923  
0.743331  0.683657  3.9747  
0.216815  0.272394  5.17065  
0.151977  0.211902  5.29412  
0.0194878  0.184557  5.61329  
0.768634  0.758295  3.53729  
0.737979  0.820553  3.27375  
0.893425  0.0022438  4.43157  
0.735442  0.170965  4.48902  
0.822532  0.0749929  4.23776  
0.205327  0.0750673  5.4808  
0.040475  0.231357  5.53419  
0.0298781  0.136857  5.6965  
0.817092  0.812811  2.7657  
0.0632632  0.155531  5.69198  
0.0996874  0.0614729  5.7251  
0.155167  0.687131  4.87614  
0.0802891  0.676003  5.13068  
0.208284  0.819838  4.00661  
0.657337  0.79467  3.97772  
0.802142  0.262842  4.00583  
0.142716  0.216822  5.31018  
0.824889  0.744661  3.11304  
0.024055  0.110394  5.76566  
0.154152  0.780433  4.32679  
0.0890313  0.076836  5.72902  
0.795865  0.721302  3.38678  
0.670745  0.649662  4.80941  
0.848773  0.863985  2.62373  
0.822532  0.714243  3.33754  
0.107232  0.727521  4.86854  
0.241101  0.774002  4.14839  
0.0375808  0.232792  5.53105  
0.698076  0.786007  3.63564  
0.204122  0.11708  5.38387  
0.0137027  0.207685  5.58533  
0.0607778  0.656557  5.31261  
0.650145  0.0494767  5.40045  
0.224925  0.837553  3.91253  
0.0600385  0.714243  4.94535  
0.743331  0.0626772  4.67  
0.767859  0.790624  3.30218  
0.846586  0.788047  2.80884  
0.21749  0.132634  5.37763  
0.829619  0.680026  3.72201  
0.655113  0.0715795  5.30082  
0.225789  0.713114  4.61479  
0.696664  0.791556  3.66063  
0.891768  0.783573  2.8672  
0.654809  0.0715795  5.30284  
0.840204  0.72418  3.22452  
0.779184  0.700855  3.89095  
0.686045  0.181402  4.86861  
0.185893  0.675967  4.89724  
0.761966  0.10462  4.45234  
0.248903  0.13372  5.31363  
0.125171  0.0181797  5.74157  
0.00373996  1.60841e-011  6.05983  
0.792759  0.78744  2.97282  
0.28595  0.0927524  5.45215  
0.166377  0.802962  4.09654  
0.135083  0.0214397  5.71233  
0.834368  0.151567  4.03501  
0.728367  0.728459  3.74306  
0.000263373  4.24689e-006  6.03065  
0.726022  0.646983  4.36233  
0.76751  0.0327107  4.6496  
0.815229  0.219039  3.9924  
0.840204  0.190298  3.94711  
0.0965336  0.153643  5.52176  
0.730464  0.749196  3.58183  
0.663518  0.770192  3.9492  
0.262495  0.796129  4.03979  
0.13424  0.212497  5.3334  
0.20001  0.0411528  5.55335  
0.670143  0.728975  4.17772  
0.659649  0.129959  5.1806  
0.765404  0.266242  4.1977  
0.255701  0.690143  4.76143  
0.717008  0.240732  4.53096  
0.165739  0.677982  4.92001  
0.238808  0.066829  5.47075  
0.129569  0.688297  4.92668  
0.0876464  0.816659  4.30488  
0.708141  0.753177  3.72747  
0.0890313  0.746518  4.58922  
0.0207417  0.016548  5.96094  
