1.85136  0.0349897  0.316801  
0.0356835  3.56349  0.457429  
1.6915  0.106107  0.0440098  
0.04127  0.0412618  6.01317  
0.0433555  3.9699  0.0573465  
2.04044  0.0441371  0.0481097  
0.0474297  0.0445013  5.80562  
0.0446642  3.80825  0.0460045  
0.0624613  0.0527564  5.55017  
0.0529187  0.0632166  5.67199  
2.01399  0.0469963  0.046478  
1.98989  0.0446574  0.0957209  
0.0496994  0.0875004  5.48439  
0.0541651  0.0560787  5.40765  
0.0439134  3.7256  0.213777  
0.0462873  0.057818  5.72711  
0.3126  0.123844  3.69677  
1.86338  0.0540267  0.0983253  
1.97304  0.0459867  0.0534814  
0.0400432  3.59189  0.450103  
0.146758  0.362859  3.75721  
0.953874  0.103068  2.07759  
0.048347  1.25866  2.77257  
0.0939374  0.241916  4.37037  
0.870695  0.833741  0.0832207  
0.0654451  2.89578  0.805527  
0.155662  0.967204  2.79607  
0.189264  2.61534  0.20728  
1.52893  0.136902  0.298906  
0.0762268  0.125555  4.95358  
0.174974  0.351899  3.66336  
1.33475  0.279048  0.284282  
0.0433399  3.61811  0.35274  
1.60152  0.0442921  0.892433  
0.128124  0.0765464  4.90949  
0.0505704  2.94622  1.11163  
0.243943  0.202169  3.62026  
0.205726  0.0847936  4.21346  
0.284461  0.441464  2.9922  
0.662183  0.742236  1.22475  
0.148514  0.0883472  4.71981  
1.22285  0.137559  1.03519  
0.0745269  0.804689  3.3923  
0.122468  1.98466  1.38252  
0.0946874  0.411398  4.13102  
0.0568471  2.79913  1.24393  
0.518008  0.149229  2.74562  
0.0468971  3.76166  0.140378  
1.05662  0.064752  1.90738  
1.01032  0.238231  1.35934  
0.0802136  2.09534  1.85764  
0.0463013  3.69675  0.236379  
0.0512666  0.0854159  5.51195  
0.204771  2.38929  0.358229  
0.0563794  0.115039  5.23525  
1.48588  0.060408  0.844487  
0.460938  0.110954  3.10228  
0.079572  0.0649103  5.2049  
0.0841244  2.3488  1.18311  
1.41162  0.155924  0.507505  
0.0943102  2.65673  0.878959  
0.0553229  2.59765  1.44312  
0.127215  2.83333  0.228438  
0.0715595  0.108054  5.14017  
1.39744  0.0573231  1.13707  
0.223451  0.107238  4.17771  
1.35077  0.316078  0.185162  
0.34304  1.34841  1.20181  
0.861196  0.302343  1.39676  
0.541325  0.0885832  3.14153  
1.59009  0.0998172  0.379854  
1.54302  0.168255  0.267677  
0.0489863  1.68315  2.2558  
1.08084  0.337101  0.689664  
0.0617629  3.5455  0.0826085  
0.121246  0.0564579  5.0356  
0.17098  0.267736  3.83742  
0.112662  2.7157  0.611654  
0.161199  0.145362  4.42626  
0.941698  0.442963  0.683238  
0.20823  1.51467  1.34295  
0.108633  0.0968012  4.78944  
0.171428  2.85569  0.156875  
1.18792  0.471085  0.134775  
0.505359  1.61815  0.208696  
0.354733  0.793581  1.82493  
0.0527549  2.92922  0.846336  
0.140667  1.71038  1.69227  
0.233702  0.535125  2.95956  
1.70333  0.0496605  0.458855  
0.584614  0.300979  2.39688  
0.0862227  0.690162  3.52405  
0.0496113  3.67312  0.0661755  
0.76812  0.708324  0.904381  
0.251527  0.874858  2.42791  
0.11542  2.97735  0.0582194  
0.413855  1.22191  0.977372  
1.02833  0.578235  0.330632  
1.72504  0.0484341  0.471067  
0.178777  2.55157  0.393188  
0.0852733  2.53438  0.919768  
1.06423  0.158299  1.49379  
0.0739664  0.36347  4.30834  
0.699236  0.265782  1.95098  
0.374879  1.63596  0.55028  
0.0503735  3.29053  0.432129  
0.737858  0.269738  1.76873  
0.149526  1.2755  2.15458  
0.0564849  1.09492  3.15795  
0.0533205  0.286162  4.67382  
0.238617  0.128142  3.85976  
1.0974  0.134676  1.52064  
0.0562653  3.06228  0.529102  
0.0463227  2.37637  1.57939  
0.102515  3.32884  0.0697106  
0.56565  0.655664  1.46349  
0.538886  0.23285  2.64145  
0.0671485  3.14845  0.454452  
0.330248  0.541188  2.52377  
1.65999  0.0513468  0.509309  
0.075112  0.373822  4.24858  
0.616312  0.902257  0.689355  
0.0432027  3.79659  0.101576  
0.134877  2.07324  0.998119  
0.300826  0.536229  2.68277  
0.180916  0.139268  4.15648  
0.228994  1.85856  0.740754  
0.672848  0.218395  2.1054  
0.107267  0.134775  4.82133  
0.0619938  3.20782  0.360951  
0.687751  0.365841  1.66757  
0.296154  0.185689  3.35551  
0.924217  0.139142  1.79525  
0.216866  1.76639  1.02266  
1.61463  0.145131  0.122545  
1.88108  0.0487556  0.167312  
1.42653  0.0742357  0.901588  
0.167449  1.43763  1.96327  
1.04476  0.607853  0.0584544  
1.4938  0.0796099  0.578397  
0.0537678  0.0971402  5.33619  
0.0517376  0.0654565  5.70843  
0.0650741  3.2609  0.312085  
0.317306  1.34075  1.32208  
1.14691  0.51018  0.0748432  
0.322618  1.94891  0.221927  
0.238731  2.22312  0.365005  
0.499073  1.52041  0.417923  
1.15941  0.322169  0.628942  
0.446967  1.17246  1.00421  
1.75124  0.0446448  0.568889  
0.0743114  0.0986339  5.0636  
0.0457931  0.359386  4.45513  
0.042507  3.64408  0.41619  
0.0522368  3.77051  0.0643591  
0.114148  3.10499  0.0615584  
1.47137  0.151674  0.400212  
0.287283  2.0178  0.470055  
1.17222  0.0688254  1.71749  
1.81222  0.0453139  0.482984  
1.46451  0.203111  0.195128  
0.209484  1.58882  1.33273  
0.756639  0.146241  2.04085  
0.628167  1.30385  0.0946147  
0.279456  2.30305  0.0750861  
0.0914746  2.03341  1.56504  
0.162157  0.604673  2.89383  
0.281973  1.87195  0.636876  
0.0620975  2.49844  1.17139  
0.500858  1.57065  0.322157  
1.202  0.0684918  1.73124  
1.62758  0.0686088  0.604696  
0.09918  0.212052  4.28776  
0.67747  0.17123  2.44099  
0.573145  1.02327  0.643941  
0.103044  2.33196  0.947064  
0.821957  0.132156  2.19279  
0.24941  2.04012  0.448489  
0.0724492  2.47392  1.41211  
1.32843  0.195685  0.491904  
0.105401  0.218719  4.09472  
1.74062  0.067319  0.330683  
0.136885  1.8883  1.23514  
0.0550373  3.23682  0.383904  
0.354066  1.33443  1.19391  
0.261706  1.36356  1.29467  
0.126635  2.90635  0.11219  
0.226362  0.168841  3.88114  
0.955745  0.0982851  2.13447  
1.54921  0.111048  0.396741  
1.25117  0.19272  0.87694  
0.0664542  0.079141  5.31038  
0.176113  2.36741  0.586866  
0.0441379  3.52189  0.426819  
0.125248  0.357211  3.7689  
0.184499  1.91229  1.16384  
0.708478  1.00495  0.310392  
1.57248  0.045816  0.814211  
1.50784  0.116586  0.434297  
0.509695  0.164027  2.82117  
0.912155  0.631276  0.41086  
0.0637174  0.0771719  5.36531  
0.514984  0.137191  3.04293  
0.140406  0.0510164  4.88116  
0.346315  2.00363  0.0728197  
0.189675  0.396897  3.49006  
0.577535  1.32021  0.163759  
1.5025  0.144489  0.413297  
0.515448  1.29129  0.667736  
0.324614  0.325559  3.18634  
1.25883  0.306452  0.27284  
0.481165  0.472533  2.22454  
0.0873747  0.169333  4.58445  
0.0568749  0.104841  5.27021  
0.377704  0.120359  3.58963  
0.23088  1.47893  1.60727  
1.00218  0.600056  0.164372  
0.0493932  3.40287  0.329931  
0.0702476  3.34964  0.28326  
0.482968  1.15935  0.8695  
0.306401  1.9693  0.438926  
0.613136  0.0753705  3.20578  
1.37481  0.0846091  1.08023  
0.0529808  2.51052  1.53921  
0.794463  0.610637  0.800059  
0.0766025  0.342226  4.49462  
0.443674  1.54029  0.505315  
0.0582903  0.0774178  5.38636  
0.110582  0.580655  3.50356  
1.55988  0.218812  0.100399  
1.83079  0.0547991  0.179545  
0.0805533  0.0760371  5.10536  
0.0806184  1.24221  2.72436  
1.63537  0.0655538  0.550365  
0.122001  2.77191  0.335394  
0.270648  1.75406  1.01938  
0.0570562  0.129123  4.98595  
0.540617  0.774979  1.12768  
0.801457  0.973518  0.160706  
0.111269  0.347486  4.00506  
0.408098  1.04891  1.10218  
0.077828  0.48297  3.98431  
0.327572  1.78733  0.630624  
0.0562009  2.57646  1.49363  
0.0834972  2.68672  0.863768  
0.292283  2.18479  0.109109  
0.305169  2.04961  0.168737  
1.23797  0.402127  0.168289  
0.846116  0.310356  1.43696  
0.224839  2.41474  0.21448  
0.0607522  3.38644  0.246063  
0.993169  0.693573  0.0861403  
0.0872568  3.00713  0.3689  
0.102058  3.04658  0.157028  
0.107941  2.68708  0.757788  
1.10846  0.424976  0.42505  
1.16365  0.478172  0.117278  
1.43551  0.0696995  1.10639  
0.402916  1.07963  1.14829  
1.28348  0.38152  0.101684  
0.72193  0.887197  0.541747  
0.206633  2.52336  0.27978  
0.0929753  2.66275  0.797608  
0.142812  0.201782  4.04405  
0.420372  0.501243  2.34378  
0.0731668  3.12672  0.346481  
0.0449127  3.41877  0.426381  
0.0667566  2.47758  1.4323  
0.0446245  3.57187  0.387299  
1.65131  0.0402699  0.62678  
0.340061  0.47083  2.48749  
0.202028  0.126656  4.027  
1.76733  0.0698462  0.184149  
0.623751  0.747511  1.26089  
0.310634  0.0713283  3.80122  
0.888254  0.334685  1.27699  
0.109865  2.43479  0.880146  
0.491344  0.456384  2.29165  
0.893335  0.622076  0.593865  
0.0979964  0.424788  3.9147  
0.160107  0.625889  2.86336  
0.390846  1.67477  0.254254  
0.789601  0.634012  0.757429  
0.373376  1.15189  1.30155  
0.0815098  3.27359  0.107994  
0.0488082  3.44001  0.345756  
1.94828  0.0496195  0.0493091  
0.169501  2.1025  0.82146  
0.982626  0.507089  0.414594  
0.140988  0.506298  3.54132  
0.239324  2.31848  0.0442031  
1.23241  0.469897  0.0896549  
0.131857  0.850143  3.02456  
0.591083  0.0793944  3.22513  
0.852893  0.0909345  2.62064  
0.126611  2.23456  0.966457  
0.200535  2.5665  0.180963  
0.261769  2.20077  0.213475  
0.195317  0.0898945  4.52603  
0.776712  0.179217  2.03255  
1.18144  0.304249  0.651829  
0.701912  0.424998  1.65589  
0.214866  2.06356  0.789639  
0.0645251  0.0949554  5.28574  
0.293243  0.676776  2.59455  
0.923068  0.760201  0.137574  
0.179866  2.08243  0.818524  
1.07163  0.485601  0.42825  
0.0800357  2.29394  1.25702  
1.73561  0.0913658  0.0927938  
0.136129  1.92372  1.35496  
0.13003  2.45549  0.762264  
1.03913  0.617277  0.0653529  
1.67093  0.0583316  0.41658  
1.81711  0.06023  0.152222  
0.141714  1.77878  1.55885  
0.532788  0.189214  2.66445  
0.105882  0.15919  4.61765  
1.67876  0.0391412  0.615118  
1.90392  0.0496998  0.0499945  
0.979607  0.520666  0.650466  
0.057635  0.123595  5.09005  
0.346804  1.80691  0.508097  
0.426485  0.920862  1.70936  
1.09039  0.587549  0.250429  
0.0678044  2.76055  0.792782  
0.930673  0.111757  2.16582  
1.30768  0.388136  0.0802335  
0.107065  0.144712  4.7582  
0.367801  0.264643  2.91977  
0.742368  0.368615  1.54692  
0.15096  0.0794759  4.66231  
0.334745  1.73767  0.559758  
0.0825093  3.02151  0.401562  
1.96153  0.0391986  0.126019  
0.0788697  2.25789  1.54594  
0.191524  1.64905  1.23281  
1.61985  0.0475486  0.786921  
0.0474985  3.03262  0.608575  
0.816797  0.694601  0.72743  
0.877435  0.175691  1.81764  
1.45714  0.190593  0.237407  
0.224988  0.703259  2.70557  
0.558149  0.640189  1.48874  
0.0442949  3.48516  0.404908  
0.409717  0.406972  2.60891  
0.140097  0.166337  4.34615  
0.0910725  0.275033  4.26531  
1.84028  0.0468963  0.336397  
1.13244  0.0902997  1.35957  
1.89431  0.0476242  0.311656  
0.301941  1.60223  0.792704  
0.109395  3.07515  0.148253  
1.44006  0.112969  0.895896  
0.158904  0.160215  4.07646  
1.27495  0.31317  0.251118  
1.79028  0.0710903  0.0970396  
0.769889  0.781101  0.697744  
1.88166  0.0501811  0.131895  
0.221591  1.48404  1.63031  
0.488475  1.1293  1.05682  
0.139611  0.338695  3.90126  
0.0485958  3.36694  0.464601  
0.11141  2.99221  0.14868  
0.0892104  2.78827  0.50989  
0.85778  0.248492  1.67631  
0.0710164  0.903293  3.44587  
0.330657  0.696905  2.37707  
0.748483  0.984016  0.202653  
0.0664853  3.49621  0.0598273  
0.265005  2.1572  0.4219  
1.71484  0.0759837  0.172687  
1.82482  0.065197  0.118406  
0.0871891  3.19189  0.198939  
0.107716  0.120246  4.63503  
0.959713  0.292633  1.16748  
0.286812  1.14064  1.71332  
1.08931  0.0886176  1.86523  
0.596817  1.1997  0.502254  
0.386342  1.55634  0.605685  
1.95862  0.0427254  0.126319  
0.043213  3.64017  0.421962  
0.339712  0.523594  2.36484  
1.94316  0.040368  0.139907  
1.11845  0.474864  0.229984  
0.658948  0.344764  2.02005  
0.124166  0.765418  3.24629  
0.283675  0.798157  2.3504  
1.09928  0.214745  1.11056  
0.271382  2.11262  0.291296  
0.806016  0.575033  1.04162  
0.0569986  3.51133  0.11542  
0.398579  1.31605  0.921308  
0.0977469  0.487685  3.94526  
0.424402  0.419049  2.46632  
0.963964  0.393743  0.843223  
1.31825  0.174052  0.879117  
0.495448  0.383107  2.27202  
1.21438  0.323257  0.492785  
0.906399  0.454234  0.890785  
0.0713259  3.3102  0.220735  
0.0708677  0.16755  4.7444  
0.0928902  0.718909  3.40583  
1.36497  0.318796  0.123885  
0.838508  0.531027  0.765625  
1.5189  0.185391  0.143872  
1.24376  0.180527  0.883351  
0.275885  2.12402  0.281262  
1.55868  0.0540336  0.70251  
1.58256  0.0719745  0.622621  
1.78567  0.0514249  0.44971  
1.7774  0.0578695  0.275483  
0.143681  1.7253  1.41391  
0.067615  0.104268  5.16842  
1.68579  0.101931  0.18555  
0.0926265  3.12152  0.174281  
0.393779  0.449587  2.40818  
0.437213  0.999117  1.48062  
0.262337  0.123369  3.794  
0.0842151  1.90231  1.95348  
0.0652483  3.23953  0.328798  
0.881822  0.700076  0.576574  
0.128547  2.2452  0.923528  
0.170491  1.39944  2.088  
0.0913215  3.46976  0.0791213  
0.0446299  3.43272  0.554628  
0.21991  1.37396  1.72925  
1.92621  0.0485594  0.0715223  
1.30171  0.27349  0.537215  
0.40111  1.07094  1.4173  
1.44631  0.252651  0.13351  
0.683746  0.80378  0.951011  
0.589021  0.552828  1.75374  
0.602493  1.41517  0.124626  
0.141633  0.727683  3.08543  
0.0804566  2.84022  0.56527  
0.597756  0.231126  2.56414  
0.139644  0.0605029  4.85924  
0.149816  2.45202  0.4203  
1.80157  0.0649758  0.125541  
0.151989  1.0632  2.54114  
0.997527  0.365528  0.840094  
0.0488995  3.31222  0.476173  
0.17342  2.74644  0.100079  
0.553371  1.28717  0.303713  
0.453902  0.246115  2.9462  
0.842231  0.0984181  2.32225  
1.4523  0.253235  0.0636519  
0.547633  0.517641  1.81677  
0.322628  1.71983  0.660295  
0.153196  1.21695  2.2504  
0.0487076  3.68318  0.155123  
0.538375  1.49517  0.11935  
0.636997  1.26593  0.258578  
0.171314  2.13911  0.781184  
0.47872  1.66097  0.40904  
1.11447  0.343505  0.619544  
0.442434  0.722367  1.88087  
0.239965  1.65497  1.07838  
1.9098  0.0479124  0.159711  
0.661333  0.209141  2.46986  
1.93538  0.0431721  0.141587  
1.3115  0.117243  1.04486  
1.6432  0.0913902  0.307212  
0.371417  0.239303  3.18968  
0.30817  0.665159  2.41442  
0.129268  1.97569  1.33123  
0.934083  0.165444  1.62551  
0.483907  0.562597  1.87034  
1.69548  0.0817859  0.172846  
0.297201  0.319412  3.3071  
0.833642  0.124238  2.17429  
0.118727  0.615439  3.45088  
1.03276  0.169379  1.47627  
1.28938  0.284821  0.326866  
0.272615  0.351479  3.2693  
0.106997  3.17862  0.104249  
0.783525  1.03672  0.0896216  
1.41717  0.0814258  1.06824  
1.75798  0.0646964  0.272482  
1.79931  0.0561541  0.19236  
0.26299  2.01049  0.514387  
0.120241  1.82437  1.64868  
0.972719  0.311537  1.05833  
0.429567  0.115892  3.46672  
0.752625  1.09659  0.0877787  
0.387568  0.172564  3.31706  
0.045408  3.37878  0.43559  
0.141387  0.409704  3.56124  
0.594352  0.485812  1.93759  
0.15735  2.14515  0.899942  
0.527783  0.107132  2.87939  
0.567797  0.97677  0.831473  
0.718536  1.17565  0.0952571  
0.0752598  0.0770038  5.00364  
0.90288  0.165136  1.70066  
0.0790062  0.498137  3.93996  
1.41852  0.0728015  0.926267  
0.0689792  0.0658169  5.16816  
0.897179  0.302334  1.2383  
0.386558  1.39658  1.11702  
0.0629453  3.45754  0.126632  
0.493688  0.428058  2.26206  
0.327772  1.94015  0.357489  
0.462893  0.499237  1.99946  
0.213558  0.553598  2.71075  
0.426878  1.54535  0.558574  
0.474874  1.46036  0.510397  
0.258959  0.0834813  4.43296  
0.761995  0.949196  0.306858  
1.71675  0.0821686  0.135463  
0.0892083  1.06183  2.94621  
0.721246  1.11426  0.125278  
0.101261  0.183599  4.34791  
0.970775  0.763073  0.115665  
0.347694  1.74496  0.491256  
1.1377  0.261518  0.721152  
1.84216  0.0494116  0.1921  
0.938568  0.120264  2.02587  
1.91936  0.0489978  0.0562131  
0.714286  0.736816  0.961201  
0.550399  0.864745  0.937895  
0.104708  0.719485  3.25751  
0.831923  0.251735  1.61761  
0.813481  0.255364  1.97914  
0.0859782  0.252776  4.49707  
0.0933685  1.46007  2.11808  
0.074422  0.996109  3.33296  
1.39358  0.271631  0.154565  
0.85448  0.131246  1.91802  
0.0898811  3.3579  0.105937  
0.134535  0.941958  2.82886  
0.364825  0.214905  3.28362  
0.576894  1.38646  0.274475  
0.807497  0.950226  0.11022  
1.89593  0.0478899  0.188005  
0.141449  0.732733  3.07873  
0.654009  0.157507  2.57062  
0.190725  0.380396  3.28714  
0.0981105  1.08601  2.71978  
0.374614  0.568518  2.30646  
0.823341  0.391789  1.3859  
0.27678  0.981506  1.99173  
0.054324  1.4076  2.46158  
1.12446  0.47484  0.370325  
0.137391  0.0690746  4.84417  
0.0646795  0.350171  4.54548  
1.51978  0.178225  0.100795  
0.14136  1.00773  2.72197  
1.91567  0.0431937  0.257426  
0.811292  0.821381  0.358994  
0.562172  0.591841  1.59595  
0.0921293  2.16762  1.24212  
0.449671  1.18416  0.930765  
0.827079  0.214901  1.92897  
1.20517  0.434163  0.0939683  
0.714361  0.635635  1.08266  
0.420548  0.298701  2.61777  
1.93175  0.0466862  0.170247  
0.402615  1.43198  0.748404  
0.229908  2.27955  0.455875  
0.176904  0.210207  3.96636  
0.732525  0.533074  1.28456  
1.2653  0.283354  0.350128  
0.117789  0.646292  3.32883  
0.335225  1.45605  1.05317  
0.726359  0.459247  1.35538  
0.735173  0.352572  1.69674  
0.0863811  3.08867  0.302223  
1.21317  0.199077  0.771662  
0.394024  1.43039  0.858115  
1.3805  0.13386  0.956552  
0.30984  1.22907  1.49305  
0.570324  0.668049  1.42691  
1.47063  0.225158  0.0874397  
0.474121  0.109107  3.42394  
1.38543  0.275886  0.0927471  
0.384507  0.280615  2.85148  
1.6458  0.0439601  0.635075  
1.75698  0.0524886  0.378002  
0.0889885  3.1716  0.147318  
1.12604  0.189637  1.0633  
0.810724  0.144743  2.50835  
1.14107  0.244447  0.782405  
0.170641  1.42417  1.89405  
0.528537  0.464779  2.011  
0.232725  1.24009  1.74091  
0.0738121  3.09144  0.363474  
0.0967597  0.225282  4.44792  
1.17736  0.443565  0.258099  
0.0949382  3.20115  0.10953  
0.544439  0.291247  2.46818  
0.440456  0.128731  3.34363  
0.368996  0.781565  1.72942  
0.218329  0.393533  3.01449  
0.450598  1.42313  0.706331  
0.631182  0.144693  2.59095  
0.0684095  0.672882  3.60657  
0.338242  1.1954  1.63778  
0.186046  1.94436  1.01657  
