1.54646  0.149872  0.030962  
1.92568  0.0346768  0.216621  
0.0411603  2.97212  1.01352  
0.0492752  0.0501883  5.941  
2.03477  0.0422632  0.0428315  
0.0538207  3.97365  0.0610074  
0.0692971  3.51191  0.0574673  
0.0680229  3.62599  0.0593613  
0.0514845  0.0498538  5.86998  
0.061379  0.0652703  5.67194  
0.045021  3.82288  0.207531  
0.0557948  0.0778401  5.61725  
0.0654965  0.0682924  5.50895  
0.0453058  3.88774  0.191688  
0.057113  3.69616  0.104458  
0.0583731  3.63664  0.152048  
0.0593535  3.76567  0.0569256  
0.0526562  0.0589639  5.78085  
1.79693  0.0476049  0.451427  
0.0836862  3.37374  0.0585243  
0.0730674  3.41624  0.0797319  
1.15695  0.0725574  1.62577  
0.143971  0.960492  2.48379  
0.0776022  2.41195  1.32472  
0.0622018  3.21901  0.632249  
0.0469348  3.0525  0.97329  
0.0675466  0.0836958  5.32922  
1.77678  0.0583878  0.222805  
0.0645436  0.0583681  5.74901  
0.704661  0.752186  0.81482  
0.0843156  2.37628  1.36222  
0.249931  1.48426  1.37152  
0.0539818  3.81268  0.0965131  
0.0688348  3.11383  0.57862  
1.88009  0.0450683  0.194945  
0.655062  1.024  0.519628  
0.0685624  0.0588466  5.46362  
0.0977671  0.11957  4.87116  
0.0574868  3.19332  0.637486  
1.86283  0.0442755  0.297775  
0.104455  0.0772583  4.84219  
1.38929  0.277077  0.351796  
0.0565161  3.94771  0.0573087  
0.142923  0.088014  4.57456  
0.0951256  3.24841  0.0971842  
0.0953879  0.0668202  5.08762  
0.0604715  0.0921332  5.37466  
0.168553  1.21818  2.19986  
1.56884  0.0653212  0.650325  
0.0617838  3.0746  0.668179  
0.191679  2.32861  0.553542  
0.294907  0.0924844  4.04654  
0.0513345  0.0531768  5.92501  
1.62822  0.0913727  0.368693  
1.5016  0.0852371  0.586252  
0.406885  1.07293  1.34015  
0.0921928  0.733361  3.40393  
1.73728  0.0399725  0.578003  
0.195457  1.84471  1.19141  
1.17273  0.412323  0.292158  
0.105923  0.980154  3.16557  
0.231411  2.29132  0.218038  
0.125658  0.153828  4.717  
1.43496  0.221048  0.21478  
0.276997  1.19839  1.73425  
1.55653  0.115412  0.340295  
0.726574  1.15818  0.0926944  
1.91101  0.0460752  0.0888769  
0.16493  1.92846  1.44079  
1.90132  0.0369443  0.229113  
0.686167  0.937226  0.682421  
0.603495  1.42643  0.174831  
1.3338  0.301939  0.319534  
1.05379  0.0607943  1.87353  
0.0627539  3.73906  0.059515  
0.268974  1.50154  1.17013  
0.644652  0.27213  2.02407  
0.944039  0.57812  0.642337  
1.88894  0.046685  0.186072  
1.9942  0.0376426  0.0886076  
0.155125  2.35913  0.535956  
1.74962  0.0804559  0.167564  
0.0984061  3.32893  0.068071  
0.478055  0.503886  2.14986  
0.106239  2.99851  0.215509  
0.0761188  3.16868  0.423905  
0.0752415  3.01827  0.79532  
1.40776  0.276051  0.0858805  
0.0951435  1.87105  1.78663  
0.133917  0.512298  3.60849  
0.145348  0.17553  4.27121  
0.13594  3.03045  0.0711451  
0.092431  0.26598  4.43066  
1.70176  0.0914578  0.327969  
0.422004  1.72013  0.199946  
1.93716  0.0378722  0.175882  
1.06902  0.195822  1.18466  
1.75739  0.0437078  0.534073  
0.0541411  0.097694  5.28731  
0.341495  0.0623235  3.7939  
0.063135  2.58988  1.39991  
0.0662489  0.111086  5.04505  
1.57999  0.142673  0.117684  
0.664612  0.859516  0.768185  
1.71374  0.0561009  0.283194  
0.149323  0.494418  3.48375  
1.34696  0.248969  0.382342  
0.323185  1.90854  0.291061  
1.76996  0.0411091  0.464776  
0.345482  0.110101  3.69739  
0.0662315  0.0663002  5.42204  
0.0439341  2.9584  1.02267  
1.31383  0.180121  0.576736  
0.099414  0.0893957  4.79966  
0.119615  0.463278  3.71914  
0.16584  0.300493  3.88344  
0.185282  0.0704269  4.38726  
1.00262  0.0492165  2.06304  
1.41913  0.0706834  1.06916  
0.783736  0.547712  0.913186  
1.38387  0.292024  0.0942515  
0.182263  0.366905  3.75405  
0.138383  0.111856  4.65922  
1.58943  0.137263  0.287405  
0.1081  0.169919  4.68247  
0.0589944  0.243153  4.53659  
0.139682  0.0950654  4.60628  
0.130757  1.35509  2.44887  
0.0709396  1.75301  2.38397  
0.0604798  3.29836  0.570863  
0.512097  1.37877  0.411149  
0.261138  1.33824  1.2001  
0.330411  0.338886  2.87571  
0.594318  0.232732  2.57146  
0.430902  1.67805  0.337044  
0.285158  0.086036  4.18369  
1.60664  0.105669  0.257371  
0.0523326  3.92249  0.0891925  
0.082826  0.118547  4.95524  
0.105704  1.96383  1.74652  
0.539366  1.45577  0.0863649  
0.119232  0.0614412  4.91896  
0.150528  0.0662889  4.62994  
1.51719  0.054799  1.09416  
0.410596  0.157539  3.45249  
1.23281  0.163186  0.875608  
0.070855  2.64112  0.930207  
0.890648  0.162296  1.91566  
0.21602  2.21548  0.461722  
0.253346  1.53222  1.08956  
0.210213  0.607058  2.8994  
1.5983  0.0714005  0.422074  
0.0963268  1.1887  2.72847  
0.737628  0.887217  0.655  
0.152017  1.36636  2.27737  
0.541779  0.148593  2.79107  
0.101913  2.87258  0.246933  
1.98338  0.0376308  0.109573  
0.107123  2.84791  0.347817  
1.53259  0.084523  0.606112  
0.719886  1.0887  0.375733  
0.22489  0.135368  4.01575  
0.0627409  0.0676191  5.62363  
1.37094  0.052361  1.2773  
0.0672709  2.53557  1.38088  
1.81096  0.0715103  0.201797  
0.658389  0.736601  1.05171  
0.056533  3.35536  0.373073  
1.94725  0.0406617  0.175383  
1.11226  0.157662  1.30244  
0.0706356  1.81817  2.04474  
0.0635404  3.46244  0.138047  
0.899693  0.174891  1.84117  
0.354496  1.8325  0.245247  
2.02368  0.0380126  0.0598543  
0.125188  2.69957  0.404885  
0.521828  0.189877  2.82476  
1.64314  0.0535394  0.464326  
0.926451  0.797768  0.183158  
0.113616  1.04138  3.13708  
0.385109  0.18017  3.35395  
0.0889158  0.846453  3.3266  
0.0766247  0.0801981  5.11941  
1.01647  0.620996  0.228025  
0.0759744  2.10208  1.64735  
0.235685  0.798741  2.43279  
0.0616042  2.68017  0.927778  
0.536301  0.554166  1.93358  
0.0702038  3.43034  0.121153  
0.109273  1.65909  1.95123  
1.52398  0.151405  0.264395  
0.214136  2.50416  0.172486  
0.392829  0.233398  2.94236  
0.0853781  0.714537  3.63956  
0.95678  0.742553  0.202542  
0.299045  0.585799  2.538  
0.0618978  3.34043  0.499372  
0.172868  0.137357  4.44322  
0.397201  0.12332  3.55248  
1.22415  0.141753  1.12385  
0.994256  0.479276  0.548213  
0.0530781  2.94683  1.03093  
0.0531838  0.187729  5.00555  
0.429008  1.59503  0.591304  
1.21425  0.44512  0.158279  
0.669727  1.24057  0.0946594  
0.857857  0.517851  0.787022  
1.14838  0.121564  1.46449  
0.0853269  2.82963  0.68549  
0.613076  1.10063  0.583983  
0.315444  1.70183  0.706556  
1.97038  0.0379596  0.0951801  
0.14503  2.51573  0.544389  
0.177841  2.43733  0.379775  
0.920366  0.300168  1.38699  
0.0566136  0.111745  5.18396  
0.18236  0.130039  4.37406  
0.121969  2.74084  0.47719  
0.770965  0.188409  2.08806  
2.00537  0.0434737  0.0434283  
0.0667627  0.12269  4.9778  
0.31221  0.0628975  4.0792  
1.85366  0.0471204  0.146589  
0.822452  0.818297  0.432523  
0.279563  2.15858  0.106911  
0.133292  2.56277  0.474329  
0.0654103  0.074146  5.5042  
0.141917  2.88925  0.124308  
0.090619  2.91865  0.341014  
0.176875  2.72186  0.0634583  
0.851227  0.897332  0.113474  
0.258996  1.94775  0.694888  
1.36716  0.285606  0.266235  
0.4898  1.51682  0.269437  
0.0638797  3.26546  0.211966  
0.606444  1.11212  0.659731  
0.236135  0.208797  3.67718  
0.0809285  0.18394  4.78406  
0.216828  0.174621  3.81529  
0.586625  0.247551  2.58693  
1.83117  0.0506225  0.329041  
1.27679  0.0568468  1.42835  
0.0507777  3.91057  0.156981  
0.0625098  0.0760797  5.40365  
0.185239  0.117538  4.47716  
0.236469  0.529603  2.93678  
0.791707  0.42328  1.57632  
0.0689201  0.0636455  5.15845  
0.112086  2.19574  1.13904  
0.747552  0.18975  2.00058  
0.0549897  3.15725  0.755322  
1.10427  0.314046  0.86353  
0.0593554  2.90211  0.918817  
0.0720208  3.44785  0.0569363  
1.35803  0.0510032  1.32745  
0.272191  2.05354  0.40748  
1.61668  0.104857  0.231649  
0.149521  0.948711  2.67763  
1.82419  0.04301  0.343964  
0.107933  0.675565  3.3642  
0.0685362  2.34277  1.47849  
0.444738  1.54219  0.449669  
0.152039  1.5822  1.7171  
0.250434  1.28216  1.30513  
0.298097  0.354389  2.97731  
0.179338  2.03997  0.828011  
0.87746  0.844282  0.191607  
1.12282  0.170874  1.06186  
0.741511  0.098151  2.8568  
0.127956  1.64451  2.11958  
0.794595  0.122769  2.50501  
0.38188  0.330645  2.77369  
0.370488  0.22676  3.17853  
0.105443  0.297143  4.21496  
0.37824  1.53776  0.729197  
0.315262  0.108035  3.85856  
0.381251  0.703279  2.17051  
0.199423  2.02972  0.750315  
0.472513  0.996505  1.22136  
1.95961  0.0406611  0.166037  
0.116851  0.143905  4.76156  
0.399484  1.31258  1.16321  
0.211969  2.70871  0.104678  
0.45559  1.73298  0.124904  
0.360189  0.452489  2.70565  
0.333537  1.15275  1.70924  
0.151689  1.39878  2.21061  
0.128833  0.295558  4.31031  
0.974165  0.217026  1.2619  
1.26123  0.310858  0.463705  
0.240001  0.119609  3.90996  
0.281596  2.0881  0.253039  
0.278656  0.112004  4.16981  
0.761443  0.160149  2.35522  
1.45201  0.268753  0.129048  
0.123722  0.203085  4.49518  
1.13847  0.516535  0.0912589  
1.8469  0.0524852  0.0354965  
0.0888623  2.4216  1.1009  
0.304897  0.272598  3.45508  
1.67043  0.104743  0.257125  
1.08641  0.492204  0.298656  
0.146125  1.60121  1.80059  
0.282644  1.56002  1.04102  
0.108238  2.93106  0.150682  
0.169933  1.61679  1.49968  
1.92408  0.0438309  0.147613  
1.5405  0.0697247  0.607828  
0.97145  0.637244  0.611808  
0.319569  1.4223  1.12632  
0.859492  0.611006  0.725613  
1.29835  0.371177  0.228394  
0.24354  0.385464  3.1261  
0.818742  0.173799  1.88845  
0.0718757  0.20274  4.74228  
0.0793332  2.80168  0.721506  
2.03349  0.0396359  0.0490066  
1.02497  0.529971  0.500996  
0.12764  2.54587  0.602476  
0.500203  1.30358  0.531686  
0.159959  2.46993  0.295343  
0.248075  1.63357  1.0973  
0.0578235  3.27837  0.609639  
0.0646164  3.72105  0.0650109  
0.288528  0.484124  2.65111  
0.0694153  0.119694  5.02721  
0.453336  0.232086  2.99146  
1.24427  0.0678817  1.67438  
0.726376  1.17695  0.18327  
0.2049  1.69167  1.13052  
0.294202  0.764491  2.26649  
0.492123  0.0965299  3.2349  
1.26956  0.23294  0.542357  
0.339627  0.0802662  3.94227  
1.11839  0.168023  1.24524  
1.65219  0.0760601  0.390138  
1.09583  0.254894  0.942327  
0.275342  0.540326  2.69902  
0.588165  1.11467  0.488589  
0.128505  1.44905  2.13637  
0.110763  2.12514  1.23714  
0.301995  0.898262  1.81069  
0.86479  0.746506  0.385342  
0.0591286  2.44831  1.58671  
0.884268  0.868967  0.160329  
0.624379  0.372791  1.86792  
0.0887129  0.887381  3.58768  
0.41244  0.727892  1.90123  
0.533538  0.354849  2.31129  
1.65795  0.140852  0.0666864  
0.51806  0.727644  1.52794  
0.0928866  1.12907  2.84513  
0.0847459  0.0697572  5.13659  
0.120006  2.76265  0.38607  
0.401957  1.31728  0.963031  
0.983075  0.760257  0.110387  
0.263845  1.23028  1.69563  
0.0917673  2.97692  0.31182  
0.244264  2.17261  0.311349  
0.0980791  2.60358  0.700147  
0.148759  2.66832  0.367082  
0.067622  3.4761  0.117568  
0.0824698  2.14595  1.49354  
1.29096  0.0639803  1.21976  
1.20617  0.0891212  1.21268  
0.0985615  2.49086  0.803831  
0.05588  3.8955  0.0767684  
0.10037  3.1481  0.0690095  
0.35537  1.22319  1.23152  
0.872622  0.17757  1.81775  
0.0633578  3.07351  0.735789  
0.10767  2.61997  0.610288  
0.16417  1.33832  2.29669  
0.200891  0.0796949  4.3211  
0.0958186  3.13434  0.237237  
0.958872  0.224521  1.35571  
0.0703365  3.13108  0.511145  
0.722105  0.91905  0.405423  
0.181101  0.416217  3.53555  
0.54811  0.0659099  3.04507  
1.46109  0.126927  0.702953  
0.300102  1.98752  0.394854  
2.01622  0.0357381  0.065699  
1.04759  0.571839  0.454992  
0.307401  1.8824  0.48143  
0.0907679  0.852481  3.29954  
0.102609  0.744096  3.25471  
0.529606  0.425612  1.99466  
0.188814  1.56545  1.50863  
0.630745  0.929546  0.945628  
0.912574  0.0825611  2.3295  
0.984841  0.493923  0.628244  
0.717509  0.774266  0.711094  
1.72592  0.0362034  0.627694  
1.00916  0.672718  0.073804  
0.41875  0.532008  2.03612  
0.191311  0.521802  3.21079  
0.935745  0.210888  1.44566  
0.200736  0.258647  3.65921  
1.08132  0.345151  0.740169  
0.0806981  2.86104  0.687067  
1.62037  0.0413218  0.659682  
1.72058  0.0926562  0.102117  
0.0642387  0.134943  4.92209  
1.23888  0.371218  0.259462  
0.515921  1.14069  0.774886  
0.113073  0.362678  4.14845  
0.715882  0.509761  1.14964  
0.411141  0.338539  2.56251  
0.372378  1.35286  0.984271  
1.97658  0.0378899  0.112059  
0.0543267  0.100503  5.23851  
0.155947  1.74474  1.53581  
0.245916  1.80906  0.822214  
0.19759  0.18541  4.2306  
0.108473  2.34478  0.882495  
0.266658  1.31772  1.24879  
0.324618  1.79849  0.617063  
0.483116  0.124715  3.10066  
1.67864  0.0954242  0.17684  
0.439494  0.957552  1.48773  
0.915993  0.715885  0.302063  
1.04411  0.450953  0.567522  
0.0830113  2.23858  1.38102  
0.358189  1.83081  0.448387  
0.2083  0.177006  4.0912  
0.382543  1.89058  0.140697  
0.105076  2.73678  0.501747  
0.265913  2.01896  0.485017  
1.44234  0.169075  0.416773  
0.12611  0.658645  3.50297  
0.835662  0.985328  0.111982  
0.577385  1.44364  0.187372  
0.435335  1.52011  0.582673  
0.0666143  3.49267  0.0870768  
0.0666546  0.0900833  5.26604  
0.115985  2.77635  0.367962  
0.50631  0.871618  1.25633  
1.66503  0.0778736  0.351025  
0.157533  0.160178  4.34656  
0.996389  0.331719  0.894071  
1.44507  0.14869  0.938372  
0.0501097  3.48717  0.30452  
1.95534  0.0430209  0.0692103  
0.0637911  3.71202  0.0887415  
0.672344  0.249616  2.0101  
0.844441  0.952187  0.0923745  
0.484501  0.599417  1.78041  
0.409172  1.14943  1.17082  
2.01088  0.0397067  0.0443986  
0.459434  0.620553  1.67069  
0.908663  0.738273  0.275746  
0.188618  0.257433  3.83758  
1.19556  0.472922  0.111092  
0.162909  1.94794  1.26619  
0.106803  0.459362  3.76589  
0.442811  1.34836  0.822072  
0.568604  0.417151  1.85629  
0.925568  0.100444  1.98538  
1.03998  0.133871  1.64083  
0.316304  0.786691  1.96129  
0.219654  1.99942  0.704523  
1.00089  0.686444  0.189462  
0.311134  0.212636  3.64931  
0.174501  2.47701  0.284354  
1.48704  0.0713467  0.860379  
0.117239  2.27372  0.939441  
0.554549  0.0660776  3.02355  
0.149303  2.06341  0.917215  
0.552406  0.838733  1.11771  
0.282724  0.833138  2.24934  
0.0721037  0.387149  4.33815  
0.557457  0.39306  2.11123  
0.0871929  1.78668  1.95811  
1.41748  0.247898  0.173469  
1.17864  0.144996  1.20895  
0.0545918  0.0598577  5.76092  
0.276738  0.534263  2.74997  
0.460909  0.447778  2.31952  
1.69432  0.097506  0.120572  
0.05668  0.108034  5.20907  
0.678761  0.925774  0.748409  
0.172491  2.45841  0.464604  
0.071665  1.41243  2.7405  
0.642022  0.0514011  2.89801  
0.468791  1.05405  0.958308  
1.45595  0.177296  0.32186  
1.22834  0.136314  0.984297  
1.28556  0.263199  0.395311  
0.291055  0.359843  3.06349  
0.758377  0.074922  2.59976  
0.560115  1.27316  0.52241  
1.35243  0.0582159  1.194  
1.30401  0.397472  0.0936856  
0.257457  1.21953  1.85302  
0.70892  0.639461  1.00371  
0.799121  0.946715  0.36213  
0.581686  0.0974162  2.86343  
1.15003  0.483726  0.284701  
1.12749  0.324395  0.609135  
1.84238  0.0621873  0.054719  
0.775828  0.598386  1.13773  
1.46575  0.083182  0.908698  
0.518784  0.406433  2.21852  
0.129059  1.5818  1.83947  
1.19837  0.457757  0.0870977  
0.335916  1.4136  0.801162  
0.423829  0.0783455  3.76439  
0.497764  0.214763  2.63266  
0.157268  0.876541  2.95763  
1.32642  0.0627312  1.27432  
0.360811  1.76465  0.50905  
0.257814  0.910089  2.09753  
0.267372  2.11398  0.227764  
0.180073  0.061925  4.51785  
0.149657  0.211128  4.11501  
1.83775  0.051047  0.214568  
0.171707  2.27637  0.626268  
0.61302  0.813322  1.23664  
0.384921  1.06517  1.41035  
1.4826  0.202208  0.196455  
1.24913  0.0749902  1.40415  
0.684702  1.00823  0.469293  
0.248983  1.17723  1.94425  
0.248908  0.925388  2.17208  
0.207129  2.2552  0.368217  
1.07013  0.535673  0.398942  
0.629118  1.36174  0.0968568  
0.316338  1.6366  0.844323  
0.146495  0.293253  3.96136  
1.27328  0.343697  0.350827  
0.13143  2.65643  0.374549  
0.809191  0.176736  1.95309  
0.208769  2.22588  0.621568  
1.28248  0.324179  0.276019  
0.838868  0.123705  2.10274  
0.156846  2.79107  0.119347  
1.25751  0.381801  0.103047  
0.563697  0.931482  0.888179  
1.40811  0.219229  0.315428  
0.130054  2.61565  0.375735  
0.0805814  2.17753  1.41696  
1.46959  0.159843  0.444282  
0.222642  0.0756816  4.24803  
0.242776  2.28775  0.163808  
0.714254  0.681482  0.977134  
0.286251  1.13649  1.76107  
0.290341  1.12249  1.79546  
0.827218  0.936994  0.262542  
0.0916728  2.00562  1.56386  
0.0638532  0.0982617  5.21787  
1.09359  0.192336  1.0709  
0.591955  0.447554  1.6074  
0.327178  2.1369  0.0860441  
0.292778  1.77907  0.648512  
1.81674  0.0641164  0.0702517  
0.232131  1.65031  1.27127  
0.187567  0.647818  3.07932  
0.0703749  1.89943  1.97247  
1.32145  0.122438  1.01236  
1.19048  0.268648  0.771754  
0.368442  0.640799  2.2439  
0.200816  2.18452  0.65514  
0.0613703  0.0947511  5.25177  
1.47585  0.240866  0.148681  
0.091942  0.742925  3.38928  
1.14389  0.103686  1.51914  
0.887476  0.312144  1.54492  
0.610697  0.160868  2.40509  
0.225543  0.430322  3.31709  
0.968709  0.710372  0.204298  
0.173442  0.905699  2.24284  
0.58304  0.149076  2.69087  
0.142338  0.757407  3.05345  
1.09311  0.321801  0.860221  
0.937121  0.564514  0.67474  
1.18368  0.270398  0.850114  
0.636229  0.139918  2.72916  
1.21029  0.329507  0.551844  
1.64559  0.14268  0.0986634  
1.10354  0.60864  0.213842  
0.429025  1.06325  1.28066  
0.122098  1.87825  1.51414  
0.0606241  2.78262  1.02688  
0.111509  0.906796  3.14504  
0.0599913  0.466843  4.22295  
0.537312  0.115021  3.03793  
0.55574  0.195986  2.64108  
0.141185  0.5919  3.51138  
0.0609841  2.23167  1.83317  
0.0887781  3.29312  0.081915  
0.138777  0.306293  3.97689  
0.0784885  0.372402  4.14167  
0.347059  0.15908  3.58141  
0.0868664  2.48703  0.827545  
0.641036  1.04619  0.618645  
0.15749  2.32885  0.530061  
0.291912  1.61364  1.0113  
1.18824  0.475868  0.165479  
0.388744  0.104878  3.57294  
