0.0397424  1.72797  2.25775  
1.87613  0.0385731  0.339307  
1.63691  0.125147  0.043573  
0.0453874  3.82009  0.0614241  
2.01421  0.0449282  0.0720434  
0.0499659  0.0499862  6.03728  
0.0498924  0.0504982  5.972  
0.0479269  0.0523754  5.86512  
0.0475973  3.67735  0.132192  
0.0653344  0.0785362  5.37823  
1.84199  0.0540359  0.312466  
0.0959609  2.66241  0.871385  
1.96605  0.045822  0.136076  
0.0445231  3.57323  0.387358  
1.94208  0.0505654  0.0463493  
1.29427  0.0957754  1.51538  
0.0478876  3.62575  0.324896  
0.149063  2.60583  0.617521  
0.0628401  3.01846  0.844044  
0.0457649  3.72059  0.348501  
0.0658558  0.346263  4.49287  
0.17446  0.268621  3.97606  
1.26995  0.0855245  1.59317  
0.379999  0.104542  3.92212  
0.638282  0.673239  1.29649  
0.278879  1.99027  0.629053  
0.457922  1.03085  1.04059  
0.204248  2.45875  0.290329  
0.0515959  3.36538  0.569042  
0.104256  0.19098  4.54797  
0.0606239  3.32531  0.559449  
0.0573795  3.49181  0.177374  
0.0490507  3.77214  0.0707697  
0.0822826  3.05346  0.296226  
0.0619103  3.40184  0.217784  
0.0547941  0.0858629  5.30922  
0.0867685  0.160367  4.76123  
0.0524628  3.80775  0.0517242  
1.82069  0.0641732  0.0601064  
1.33974  0.0720029  1.19472  
0.054037  3.64278  0.068446  
0.371775  0.642315  2.20185  
0.0664846  0.0692745  5.50285  
0.32559  0.478858  2.86416  
0.118449  0.0619664  4.97277  
1.31596  0.327166  0.169962  
0.129017  2.27348  1.01146  
0.0829315  1.29773  2.81132  
0.253296  0.0947356  4.17457  
0.312607  1.61319  0.860422  
0.0841502  1.95939  1.75178  
1.48528  0.195691  0.221345  
1.61136  0.114367  0.374666  
0.219042  2.40636  0.259629  
1.29996  0.236328  0.419743  
0.0602669  3.52322  0.0562014  
1.7592  0.077702  0.178973  
0.0706992  3.43824  0.0525125  
0.309353  0.69626  2.45708  
0.0444361  3.75846  0.100636  
0.543503  1.48734  0.0769444  
0.960575  0.129127  1.99826  
0.0973156  0.101925  5.02339  
0.0695704  0.399187  4.07591  
0.160184  1.73995  1.42097  
1.32574  0.317411  0.269162  
1.51003  0.0928415  0.522188  
0.655054  0.660831  1.19518  
1.91088  0.0562701  0.0472498  
0.228928  1.59018  1.43922  
0.115747  2.49006  0.876744  
0.0576553  0.0608866  5.6619  
1.13412  0.277621  0.812431  
0.0511006  0.065547  5.70757  
2.00117  0.0431333  0.105128  
1.59377  0.0790677  0.592818  
0.0623667  0.0770248  5.43106  
0.0609502  2.11868  1.97725  
0.077197  0.0743652  5.26111  
1.74317  0.0803097  0.186357  
1.56381  0.0514545  0.981929  
1.52408  0.0429983  1.04363  
0.0507163  0.0559951  5.79664  
1.92019  0.0474142  0.132662  
1.14922  0.447232  0.415805  
0.0625052  0.179599  4.80262  
0.08298  0.155073  5.07612  
0.54853  1.31326  0.33963  
0.123998  0.0627015  4.91408  
1.85706  0.044577  0.297709  
0.78222  0.124936  2.50486  
1.05173  0.299395  0.900745  
0.0513827  3.53753  0.33998  
0.0455154  0.0567628  5.74555  
1.69933  0.0515407  0.481508  
1.93179  0.0528924  0.0465178  
1.80891  0.0761104  0.080152  
0.112092  2.75009  0.710301  
1.49704  0.0806594  0.700969  
0.0406373  0.115042  5.23932  
0.437313  1.76264  0.0760368  
0.574606  0.835193  1.10349  
0.071  2.19833  1.72819  
0.0824529  3.3548  0.0662278  
0.0532639  3.72993  0.0568387  
0.0494206  3.56202  0.155395  
0.101634  0.192495  4.46309  
1.15911  0.526841  0.13528  
0.118003  1.36073  2.42018  
0.98609  0.103844  1.88909  
0.0871601  0.0528622  5.20695  
0.105494  0.0956993  4.87345  
0.11176  1.3386  2.6929  
0.0528814  3.29084  0.617284  
0.0896883  3.15176  0.220681  
1.11955  0.409229  0.533911  
0.0430782  0.111102  5.17903  
1.24169  0.193458  0.923494  
0.0476354  3.46904  0.437717  
0.172415  1.52272  1.71865  
0.185573  2.43076  0.367496  
0.12301  0.0609059  4.93546  
0.327431  0.464156  2.89194  
0.997564  0.294286  1.06947  
0.115633  2.83122  0.501754  
0.262959  0.589435  2.48884  
0.425447  1.64891  0.394511  
1.3488  0.109544  1.17962  
0.0548939  0.0682917  5.5594  
0.0609843  2.0787  2.02196  
0.0544643  3.11868  0.888381  
0.0869249  0.266893  4.43491  
0.0613988  3.16771  0.710875  
0.0697307  3.3095  0.10592  
0.776506  0.924249  0.305015  
0.121601  0.127603  4.70265  
1.3661  0.223501  0.463349  
0.112359  2.71942  0.770557  
1.18876  0.409737  0.330758  
0.180662  1.06726  2.30868  
0.196754  1.85173  0.976258  
0.122274  0.840847  3.02721  
0.866208  0.549993  0.966422  
1.01577  0.0860288  1.92626  
0.343087  0.654194  2.29598  
0.0792425  0.163586  4.8221  
0.178912  1.00121  2.60319  
0.0586276  2.86445  1.12433  
1.3748  0.133718  0.651143  
0.0939872  2.44377  1.02154  
0.134049  0.229714  4.13314  
0.0956088  0.91133  3.20293  
0.198177  1.71083  1.26248  
0.162398  2.78658  0.125309  
1.17674  0.184306  1.0933  
1.47083  0.0950464  0.675115  
0.491  0.490473  2.01298  
0.343082  1.79839  0.588298  
0.146189  0.876273  2.91604  
0.0724972  3.222  0.362542  
0.30171  0.239895  3.57958  
0.82872  0.103997  2.24354  
1.13993  0.403312  0.48347  
0.58514  1.05192  0.739311  
1.97722  0.0488321  0.116374  
1.73337  0.0726804  0.218171  
1.22242  0.100905  1.26716  
0.599841  1.11712  0.545087  
0.0801709  0.185272  4.59054  
0.0927253  2.51581  1.10697  
0.117122  0.0835172  5.01089  
1.00924  0.213355  1.40189  
0.336361  0.101839  4.03618  
0.841841  0.597804  0.662632  
0.088526  2.38122  1.11633  
0.239542  0.791515  2.58641  
0.712704  0.821908  0.717437  
0.680888  0.251762  2.32252  
1.99334  0.0477451  0.0896761  
1.6255  0.132443  0.0626947  
0.367932  0.298822  2.99444  
0.0824933  1.66388  2.06762  
1.09877  0.192467  1.10406  
1.07185  0.154533  1.38078  
0.280771  2.10045  0.242095  
0.768552  0.681746  0.761765  
0.627759  0.782584  1.04609  
0.296851  0.43861  3.07254  
0.334316  1.6418  0.683494  
0.288295  0.332267  3.16967  
0.0670939  2.9339  0.758426  
1.64397  0.0579543  0.574774  
0.325119  0.463434  3.03515  
0.051696  0.053774  5.8448  
0.151509  2.35185  0.920442  
0.109178  3.06368  0.254849  
0.233274  0.0759561  4.38796  
0.0611205  3.18787  0.625104  
1.44217  0.141677  0.525079  
1.4276  0.216424  0.268176  
0.704616  0.936193  0.445344  
0.493787  1.19065  0.806187  
1.38224  0.185277  0.533123  
0.284713  0.394904  3.13067  
0.206877  0.112952  4.29806  
0.0653864  2.97889  0.83282  
0.0672396  2.17414  1.90691  
0.130916  3.00051  0.121628  
0.111938  3.08185  0.0766716  
0.612056  0.542924  1.48732  
0.857752  0.091945  2.2748  
0.310542  2.13748  0.218599  
0.41016  1.57586  0.493211  
0.0689686  2.55013  1.2587  
0.67481  0.598403  1.22921  
1.02385  0.277956  1.13219  
1.89746  0.0613777  0.0498602  
0.137129  1.35362  2.17614  
0.274358  2.18491  0.195189  
0.177147  1.5085  1.58882  
0.0499153  2.80358  1.22726  
0.121783  1.20206  2.66877  
0.544977  0.113597  2.83512  
0.40474  0.804964  1.67268  
0.852056  0.942785  0.181914  
1.406  0.110875  0.774844  
0.0519809  0.0544845  5.81117  
0.0815643  1.90377  2.09138  
0.432457  1.77404  0.109345  
0.0596438  2.81451  1.21986  
0.568762  0.779765  1.30007  
0.616473  0.202021  2.38519  
0.394399  1.08883  1.37211  
1.53734  0.185211  0.0576913  
0.49799  0.105764  3.59981  
0.665872  0.752258  0.970398  
0.970043  0.568399  0.416019  
0.105574  0.306598  4.34143  
1.44979  0.0622861  1.03635  
0.0877399  0.0795491  5.15756  
0.58301  1.2564  0.466321  
0.70139  1.12311  0.286344  
1.10607  0.600721  0.0868385  
1.79533  0.0571343  0.404926  
0.107168  2.77266  0.520127  
1.41749  0.173755  0.432574  
1.98379  0.0485022  0.0468044  
0.163277  2.53141  0.54955  
0.131983  0.763258  3.24549  
0.132787  0.118229  4.62511  
0.123101  2.16179  1.07882  
0.0751681  0.0714979  5.30007  
0.471667  0.129849  3.62112  
0.595627  1.00595  0.81965  
0.178293  0.284904  3.64128  
0.20545  1.91225  0.869663  
0.29863  0.740908  2.44125  
0.316786  1.17561  1.50064  
0.259095  2.24071  0.207729  
0.435842  0.357575  2.72668  
0.237921  1.43046  1.55119  
0.474998  1.24041  0.728555  
1.65249  0.0501688  0.672817  
0.138785  1.37663  2.07367  
0.231318  0.4334  3.15632  
0.522932  0.88431  1.17152  
0.304043  2.05837  0.221406  
0.0879717  0.145179  4.72795  
1.71366  0.0574377  0.418635  
0.216717  2.2137  0.400631  
0.88259  0.18142  1.69997  
0.907348  0.207985  1.6162  
1.08077  0.124588  1.6352  
0.0998492  0.459767  3.90246  
0.0879968  0.142198  5.09911  
0.18421  1.10074  2.22114  
0.934534  0.445075  0.742393  
0.947956  0.243201  1.59472  
0.348324  0.220845  3.23495  
1.00204  0.670055  0.209472  
0.918437  0.535664  0.628841  
0.0761395  2.67545  0.919153  
0.268838  0.190628  3.7751  
0.603944  0.110878  3.09885  
1.78106  0.0532134  0.408631  
1.20507  0.356849  0.344937  
0.154673  0.291929  3.81037  
1.03275  0.101188  1.65272  
0.130967  2.69789  0.37977  
0.448444  0.744621  1.84541  
1.51849  0.199246  0.199936  
0.146278  0.389382  3.61571  
1.11276  0.161091  1.33632  
0.36242  1.95018  0.275692  
0.554723  0.277249  2.52911  
0.355787  1.69522  0.489102  
0.367934  0.449442  2.7816  
1.67597  0.0532999  0.662656  
0.752425  0.619731  0.948249  
0.407088  0.0990927  3.66999  
0.212755  0.113213  4.26951  
1.55163  0.0925149  0.657658  
1.02571  0.325782  0.999097  
0.532202  1.53079  0.212751  
0.0647998  3.23807  0.558706  
0.374265  0.412946  2.62028  
0.105792  0.165065  4.63565  
0.15042  0.724011  2.98259  
0.2892  0.115361  3.83158  
0.230292  0.373978  3.5122  
1.70769  0.0818542  0.326358  
0.144335  1.01391  2.55754  
0.271896  0.220245  3.70469  
0.383969  1.86518  0.374718  
0.901533  0.455593  0.93266  
0.0585374  3.42411  0.485014  
0.552033  0.185034  2.69853  
1.03762  0.208363  1.41446  
1.08949  0.532045  0.249834  
0.160832  2.28573  0.706751  
0.136642  2.94882  0.221167  
0.938719  0.322934  1.21026  
1.19857  0.509337  0.091076  
0.278612  0.118534  4.00044  
1.04574  0.474702  0.505086  
0.0747945  2.91714  0.692542  
0.344964  0.0872716  4.12606  
0.788673  0.798202  0.30111  
0.51431  1.40399  0.465664  
0.0579268  2.5288  1.53447  
0.247977  2.39588  0.249063  
1.23108  0.272059  0.569989  
1.53998  0.0538591  0.737781  
0.0524214  0.0642371  5.60079  
1.79639  0.0778795  0.0540581  
0.116795  1.89677  1.56523  
0.976573  0.627509  0.264213  
1.25873  0.135564  1.03811  
0.173389  2.32242  0.516757  
0.398999  1.93127  0.11096  
0.299476  2.25299  0.109014  
0.164216  0.330898  3.69475  
0.0624667  0.0553597  5.58805  
0.965202  0.714351  0.172588  
0.222498  1.61818  1.42537  
0.244243  0.227245  3.79434  
0.13531  1.42145  2.13091  
1.35724  0.204423  0.64828  
1.58047  0.144439  0.109998  
0.208026  0.233851  3.84931  
0.0485127  0.0690192  5.62944  
0.108576  2.90645  0.308234  
1.45502  0.0628765  0.88384  
0.538785  0.508224  1.81615  
1.05896  0.0716567  1.94001  
0.161403  2.57308  0.452797  
0.50627  1.68362  0.100879  
1.88244  0.0505555  0.145313  
0.224811  2.29618  0.366681  
0.0844133  1.94271  1.6899  
1.57102  0.0794143  0.637373  
0.695727  0.264955  1.95086  
0.911592  0.149391  1.77352  
0.815312  0.7311  0.530791  
0.204219  1.22373  2.08128  
1.68799  0.0715162  0.327126  
0.0815787  0.18485  4.66417  
0.515405  0.75533  1.48176  
0.1306  2.88502  0.309403  
0.519726  1.14208  0.792347  
0.646936  0.467544  1.73409  
0.0986689  2.75801  0.648491  
0.145816  1.37007  2.13913  
0.130272  0.287237  4.19805  
0.0973601  0.911134  3.12063  
0.665059  0.505796  1.38267  
0.0895241  3.20661  0.109874  
0.234655  0.192919  3.85714  
0.223777  0.133341  4.20833  
1.21453  0.436281  0.248093  
0.0994636  2.96734  0.508067  
0.338997  0.203527  3.56266  
1.68643  0.0754182  0.422229  
0.473303  0.31216  2.74531  
0.23873  2.22319  0.36256  
1.55097  0.158115  0.249576  
0.0536897  2.98996  1.01396  
0.218068  0.70286  2.59704  
0.816677  0.8555  0.261235  
0.0741474  3.13127  0.404592  
0.0737105  0.0694007  5.44588  
0.187899  0.610834  3.34215  
0.0616989  0.0770644  5.48429  
0.503789  0.557523  1.9146  
0.0669165  0.0755323  5.46429  
0.565673  1.07567  0.693472  
0.727928  1.17256  0.151214  
1.74079  0.048066  0.579359  
0.185824  0.687818  2.9615  
0.761213  0.172846  1.99314  
0.229096  0.121889  4.09733  
0.0778065  1.44188  2.22387  
0.717607  0.582016  1.23069  
0.462793  1.67306  0.178605  
0.533887  0.0940422  3.46128  
0.0810616  1.15434  2.82811  
0.213707  0.424715  3.31262  
1.63531  0.0773678  0.664534  
0.0526749  0.0619059  5.73134  
0.28378  2.04822  0.233119  
0.397234  0.34937  2.79675  
0.0471887  0.0678347  5.64019  
0.304325  0.582167  2.64409  
0.381031  0.107069  3.87591  
1.24876  0.455955  0.0933309  
0.416798  0.389593  2.55326  
0.226937  1.81118  1.19813  
0.395116  1.18222  1.26817  
0.158822  1.30911  2.15301  
0.258454  1.21202  1.76105  
1.49287  0.0951504  0.601066  
1.38894  0.0673848  1.27403  
0.64841  0.25597  2.1582  
0.979134  0.797172  0.110794  
0.200078  2.50188  0.138957  
0.222923  1.28133  1.88784  
0.44583  0.258836  3.07646  
1.23089  0.176687  0.939414  
0.439936  0.0936469  3.73245  
0.403431  1.47359  0.719843  
0.424521  1.92348  0.216287  
0.833751  0.355476  1.36713  
0.0571363  3.41363  0.533827  
0.086312  1.86487  2.05711  
0.819851  0.429103  1.24937  
0.530781  1.54498  0.203535  
0.322144  0.631306  2.39462  
0.419111  0.0949926  3.88518  
0.451288  0.468418  2.14538  
0.285486  0.256478  3.53783  
0.710819  0.420783  1.70985  
0.146668  1.47268  2.01249  
0.723451  0.743825  1.1606  
0.871  0.248615  1.58501  
0.0604114  3.47241  0.32598  
0.479542  0.106961  3.42201  
0.736759  0.505126  1.38485  
0.52226  1.12792  0.914469  
0.272691  2.00604  0.468408  
1.76635  0.0871575  0.0542425  
0.262768  0.887942  2.10754  
0.207466  2.33572  0.355297  
0.940502  0.0821969  2.32388  
0.389928  1.88598  0.267387  
0.779091  0.812351  0.380652  
0.43266  0.658613  1.86546  
0.104694  2.02321  1.47374  
0.200822  1.67535  1.35666  
0.466339  1.01079  1.2763  
0.274719  1.80407  0.967775  
1.86191  0.0530017  0.207466  
0.0882499  3.1003  0.220916  
0.341653  0.8671  2.03391  
0.0905157  0.0984316  5.12988  
0.119508  0.217142  4.40879  
0.11977  2.58668  0.73885  
0.591461  0.0959243  3.33242  
0.0684695  0.0667813  5.55957  
0.0858896  1.2737  2.7624  
0.0745008  2.31506  1.57975  
0.147088  1.3412  2.21101  
1.01272  0.774081  0.114448  
0.168377  0.802229  2.63197  
0.888559  0.451388  0.939679  
0.337925  0.458529  2.68599  
0.130913  2.88301  0.311341  
0.140706  0.19883  4.31697  
0.351986  0.210087  3.49452  
0.0981626  2.71467  0.849071  
0.197874  2.36855  0.434155  
0.798915  0.948218  0.272612  
0.186288  0.684691  3.21063  
0.50923  1.56001  0.158058  
0.134704  1.07934  2.53095  
1.39851  0.294246  0.0660924  
0.114266  1.83911  1.78375  
0.766869  0.852731  0.447834  
0.199401  0.147962  4.23925  
0.509051  0.954576  1.14358  
1.18337  0.270693  0.800879  
0.0926044  0.624159  3.44184  
0.428938  1.42749  0.750061  
0.87425  0.477462  1.06122  
0.305249  2.30871  0.096008  
0.526693  0.139665  2.93672  
0.610907  0.690149  1.28755  
0.177663  0.429464  3.5222  
0.0481973  2.68587  1.27932  
0.148865  0.88996  2.88517  
0.181468  2.57535  0.40893  
0.779805  0.200642  1.97212  
1.7234  0.0759073  0.30429  
0.500685  1.63489  0.232859  
0.20261  0.146054  4.23272  
0.743537  0.896393  0.63899  
0.137799  0.0961876  4.66371  
1.02985  0.49917  0.690734  
0.0666174  3.251  0.51236  
1.17265  0.49716  0.249254  
0.390547  0.566692  2.04434  
0.295669  1.39198  1.19772  
1.32029  0.153052  0.772981  
0.149282  2.95903  0.0750445  
1.77537  0.0810842  0.0447483  
0.322858  1.45603  1.02686  
0.291967  0.318465  3.30083  
1.00534  0.552635  0.325797  
0.557698  0.100024  3.29616  
0.200904  2.10344  0.663403  
0.429321  0.0916628  3.74301  
1.41343  0.06556  1.06965  
0.245598  0.83053  2.3715  
0.164262  2.15224  0.95782  
0.624113  0.439639  1.79706  
0.0706081  2.21961  1.60804  
0.709625  0.560895  1.34032  
0.835155  0.620485  0.801518  
0.372595  0.905527  1.67814  
0.0557371  2.84478  1.17854  
0.106862  3.09645  0.0944495  
0.496721  1.21477  0.791916  
1.58815  0.145938  0.0979176  
1.86775  0.0595867  0.164648  
0.446364  1.16547  0.960334  
0.380354  1.38883  0.778568  
0.757513  0.538102  1.15376  
0.0743764  0.33268  4.36097  
1.61846  0.128128  0.162738  
0.0725704  3.27596  0.108908  
0.194143  0.964099  2.35702  
0.393088  1.46046  0.768719  
0.807635  0.233485  1.63077  
0.149213  0.583475  3.47639  
0.163523  0.0937921  4.84979  
0.418467  0.768221  1.74339  
0.284338  0.337007  3.40563  
0.0861095  2.34172  1.15773  
0.744278  1.0218  0.0973697  
1.11815  0.0763682  1.87336  
1.18389  0.205543  0.989537  
0.0596318  2.59469  1.24313  
0.0516966  3.63101  0.116735  
0.142665  0.635713  3.26659  
0.36671  2.14463  0.125598  
0.0915368  0.847518  3.50724  
0.294087  0.274492  3.326  
0.108446  1.05927  2.74079  
0.803318  0.502007  1.21411  
0.126695  1.22888  2.40755  
0.687228  1.26377  0.0983589  
0.741038  0.739575  0.773489  
0.422171  1.4521  0.670804  
0.365804  1.69725  0.442047  
1.16417  0.364326  0.422915  
1.81677  0.0571157  0.368039  
0.725423  0.144938  2.16591  
0.879586  0.516201  0.757678  
0.552347  0.288609  2.27964  
0.464559  1.19878  0.940921  
0.4868  0.903981  1.22102  
0.928331  0.0855206  2.11482  
0.358324  1.01486  1.50387  
1.35904  0.292341  0.0959944  
0.692465  0.22148  2.3756  
1.72215  0.0937653  0.0990163  
0.487229  0.522281  2.02646  
0.443931  1.27789  0.744285  
0.0860376  2.85285  0.871956  
1.88936  0.0614127  0.0657411  
0.526431  1.62657  0.144616  
0.363637  0.919792  1.64947  
0.30752  0.331637  3.26487  
0.58853  0.753194  1.31834  
0.167146  1.41156  1.82679  
0.190667  1.15982  2.14327  
0.338488  0.113523  3.72583  
1.66405  0.117591  0.0482544  
0.483469  0.42547  2.03488  
0.50577  1.58394  0.172758  
0.731406  0.359474  1.63307  
1.46169  0.134505  0.605399  
1.08663  0.286149  0.814576  
0.198486  0.14574  4.26003  
0.92767  0.136021  1.64788  
0.0781786  0.158871  4.85384  
0.0915559  3.26308  0.0739202  
0.109526  2.52757  0.792544  
0.165491  2.01981  0.872734  
0.623064  0.867427  0.943141  
0.508159  0.575936  1.7767  
