1.75268  0.0426481  5.90815  
0.0860606  3.13673  0.0358668  
0.0383971  2.88908  1.69206  
0.0413967  3.9061  0.407679  
2.01134  0.0484327  0.0481063  
0.0556191  0.0731213  6.00422  
0.0455754  3.78525  0.0776798  
0.0451462  3.72711  0.138536  
0.645577  0.0501596  5.60007  
0.0436081  3.61604  0.224809  
0.0458293  3.6776  0.0390623  
0.0881398  0.0996524  5.2964  
0.0555386  3.52359  0.0405363  
1.72186  0.0828148  0.185219  
0.094392  0.0857245  5.37925  
0.079443  0.116101  5.50238  
1.6802  0.0427199  5.82181  
0.0597119  3.47123  0.0404765  
0.0547972  3.55775  0.0859524  
1.37703  0.254089  0.882683  
1.78079  0.0458395  4.38531  
1.17782  0.104975  2.07962  
0.215487  2.42789  0.118806  
0.0535582  3.63878  0.103797  
0.0562432  0.0535104  5.93239  
0.0800999  0.0703211  5.77794  
0.245062  0.578894  3.59138  
1.74501  0.0973258  0.123417  
0.0876123  0.119986  5.20887  
0.0392519  2.14061  5.85083  
0.0859371  0.144341  5.17139  
0.122095  2.93431  0.0444276  
0.0816034  0.152174  5.26154  
0.0659695  0.116669  5.48521  
0.668722  1.15126  0.509842  
0.191093  2.47434  0.23738  
0.19774  2.3824  0.300294  
0.0960422  2.89934  0.853407  
1.81722  0.0700437  0.524465  
0.0486433  1.51155  3.45911  
0.175789  1.59043  1.89538  
1.59489  0.147503  0.11688  
0.109229  1.97545  2.20029  
1.95239  0.0504384  0.0661931  
0.139513  1.11512  2.83848  
1.35667  0.289247  0.230899  
1.19807  0.049286  4.45675  
1.63886  0.108838  0.975132  
0.478435  1.50309  0.889046  
1.97268  0.0469995  0.610826  
0.27386  0.523633  3.51523  
0.196103  0.211199  4.20132  
0.917771  0.723397  0.330102  
0.126964  0.0690058  5.41248  
1.83428  0.0733325  0.103343  
0.674751  1.1289  0.1518  
1.795  0.0825218  0.0573088  
1.31776  0.0519675  1.60088  
0.597197  0.146104  3.47972  
1.90321  0.0657073  0.0575883  
0.139197  0.344741  4.42361  
0.283868  0.140937  3.87536  
0.120807  0.364153  4.33769  
0.0688389  3.31167  0.0472691  
1.05308  0.526646  1.11633  
0.872797  0.750611  1.16037  
0.112373  2.01998  1.73838  
0.302052  0.0480384  5.72513  
0.185452  2.45023  0.347683  
0.0898637  1.28576  2.52732  
1.41376  0.219993  1.15362  
1.40293  0.238432  0.4394  
0.0654538  3.33337  0.0475301  
0.0903523  3.068  0.925053  
1.10587  0.133553  1.73951  
1.04301  0.558499  0.845178  
0.755915  0.399372  2.15396  
0.141051  0.325812  4.52326  
0.473642  0.241707  2.79236  
1.9103  0.0652206  0.0695547  
1.99196  0.0478328  0.170751  
0.0526625  1.42493  3.56786  
0.634753  0.222791  2.69556  
0.770539  1.01724  0.0713732  
0.696298  0.452611  2.03119  
0.334058  0.515994  2.7309  
0.093881  3.0063  0.384676  
0.375656  1.01344  1.53825  
0.115043  0.357793  4.67806  
1.8571  0.0483714  3.32652  
0.10707  2.04079  1.46912  
0.0547245  2.29358  2.57047  
0.971099  0.203812  2.31498  
0.309798  1.24388  1.3236  
0.16458  0.0599991  4.98914  
0.0589944  3.45332  0.315894  
0.421878  0.885224  2.00069  
0.0841098  2.07283  2.38112  
1.88477  0.0548162  0.0966735  
0.101076  2.98688  0.325025  
1.62358  0.128277  0.079778  
0.142251  0.355392  3.64554  
0.0440863  0.614331  5.1219  
0.898335  0.277288  1.91809  
0.241595  2.27599  0.424042  
0.166923  2.58373  0.191769  
0.63982  1.2227  0.81951  
0.215313  1.39474  2.17647  
1.80673  0.0813935  0.0924599  
0.12976  0.350123  4.71172  
1.30911  0.365869  0.700549  
1.20972  0.415396  0.288957  
0.0581863  3.41349  0.335451  
0.679977  0.466078  1.81701  
0.326592  0.0839178  4.49771  
0.0732988  2.55973  1.27067  
0.0594985  3.43511  0.30491  
1.70624  0.0951502  0.617018  
0.0917525  3.12352  0.157061  
0.865436  0.256283  1.96909  
0.559314  1.36934  0.139731  
0.072868  2.36614  1.35866  
0.208648  0.170922  4.31711  
0.0959158  0.0793205  4.90086  
0.0666016  1.5479  2.56466  
1.5843  0.137788  1.02926  
0.0544029  3.54849  0.747084  
0.932304  0.792607  0.0766777  
0.0767392  0.116597  5.64024  
0.736708  1.04145  0.260269  
1.60962  0.143443  0.060349  
0.0865984  0.169931  4.94012  
0.150455  1.62483  2.3381  
0.220017  2.35381  0.997436  
1.6626  0.105812  0.876088  
0.0749434  3.28431  0.0853542  
0.0488459  2.66913  1.48626  
1.55193  0.163072  0.555101  
0.495233  0.0542038  5.66274  
0.714157  0.464644  1.63356  
0.439039  0.828903  2.42707  
1.24643  0.341418  1.21642  
0.0501753  2.34029  2.02015  
0.138939  2.76683  0.155929  
0.0798382  3.15459  0.244164  
0.266809  1.3245  1.7503  
0.264671  2.16872  0.685126  
1.76577  0.0710167  0.345175  
0.810045  0.338174  1.88595  
0.358852  1.9501  0.166253  
0.14345  2.78692  0.0431316  
0.511086  0.820486  1.40153  
0.0995671  2.96703  0.564914  
0.8258  0.844004  0.576401  
0.118195  2.81141  0.540755  
0.0954613  0.096195  5.06683  
0.0669242  3.22905  0.757494  
1.16988  0.0813463  2.29107  
1.42811  0.215502  0.907507  
0.468312  1.61629  0.281061  
0.0520899  1.65111  3.25151  
0.912339  0.0503412  3.4075  
0.239616  1.34775  1.93691  
1.99995  0.0509816  0.0595853  
0.336952  1.90493  0.213224  
0.286465  1.22517  1.5251  
0.0822579  2.2241  1.67759  
0.23148  0.645922  3.22741  
1.65077  0.132985  0.0530373  
0.84911  0.895726  0.109624  
1.97663  0.0523942  0.054788  
0.0745972  3.25405  0.325904  
0.0753099  3.20467  0.234801  
0.725204  0.444607  1.83573  
0.883045  0.81355  0.22153  
1.92669  0.0589056  0.0533826  
0.834787  0.347321  1.7605  
0.799771  0.859841  1.10085  
0.184795  0.0559094  5.11393  
0.178857  0.215415  4.73256  
0.0628728  3.36005  0.521416  
1.2532  0.406856  0.446155  
0.0663063  3.27075  0.565529  
1.93754  0.0483287  0.71401  
0.662814  0.510607  2.21878  
0.43665  0.840705  2.1364  
1.86455  0.0622519  0.120223  
0.616167  1.26823  0.0522808  
0.590047  1.30917  0.163571  
0.444126  1.58112  0.786669  
0.571769  0.275501  2.6263  
0.506084  0.23351  3.15022  
1.21306  0.0738686  1.78106  
0.688521  1.06824  0.963273  
1.28413  0.315543  1.09482  
0.311278  2.11758  0.0824485  
0.551392  1.28545  1.19909  
1.56114  0.155193  0.396375  
0.451724  0.997333  1.34277  
1.16196  0.450215  0.679071  
0.0653761  0.718179  4.37044  
1.46121  0.207031  0.810792  
1.1225  0.460753  1.04549  
0.055848  1.46509  3.3885  
0.124414  1.83329  2.39249  
0.0544358  2.83691  1.41429  
1.2392  0.387275  0.606406  
0.408509  1.70517  0.246437  
0.150259  0.0727275  4.95831  
0.275928  0.151318  4.76201  
0.732295  0.96131  1.17687  
0.309242  0.495934  3.26871  
1.45032  0.225262  0.510931  
0.564687  0.693623  1.3363  
1.34891  0.266636  0.254589  
0.173065  0.920076  2.93011  
1.88039  0.0548984  0.800155  
0.702798  0.458102  1.78342  
0.0440017  1.0784  5.68537  
1.5365  0.194129  0.421538  
0.498969  0.83201  1.62718  
0.482022  1.55999  0.538183  
0.186599  0.236677  4.16685  
0.136902  1.80903  1.85511  
0.473712  1.56698  0.670672  
1.51568  0.176562  0.639574  
0.547265  0.639149  2.12015  
0.204781  1.57843  1.24756  
0.146565  1.74337  1.55979  
1.39238  0.263826  0.391598  
0.0707892  3.39719  0.0472431  
0.302452  0.11092  3.91516  
0.214662  2.4957  0.0689873  
0.156074  0.305269  4.23744  
0.739626  0.433385  1.65845  
0.117044  2.95416  0.0429529  
0.0797165  2.15509  2.031  
0.343306  0.415155  3.13934  
0.322119  2.09616  0.0870635  
0.710834  1.10132  0.309137  
1.2766  0.322146  1.06281  
0.350879  1.19394  1.42715  
0.101226  1.98577  2.25035  
0.198792  0.206898  3.94242  
0.0522073  1.43623  3.74341  
0.595471  0.621798  1.80523  
1.84652  0.064105  0.207607  
1.54499  0.155067  1.08499  
0.362497  1.94151  0.0865524  
0.257943  2.19123  0.0381752  
0.889884  0.775523  0.390457  
1.04091  0.56125  0.651064  
0.525866  1.44978  0.525803  
1.4368  0.21855  0.857095  
0.247468  1.47978  1.50378  
0.106615  1.05533  3.53671  
0.0779858  0.196239  5.05718  
0.268853  2.0582  0.950303  
0.432729  1.71867  0.0954434  
0.426153  0.307567  3.17366  
0.102123  0.0882337  4.88015  
0.721063  1.08688  0.161296  
0.565893  0.250364  2.65792  
0.961005  0.216946  1.57931  
0.0767256  2.25096  1.55542  
0.158644  2.64694  0.456653  
0.0931974  0.553692  4.64931  
0.385999  0.940923  2.09659  
0.0912588  3.05791  1.03965  
0.13547  2.71908  0.56059  
0.14626  0.3521  4.29132  
0.2812  0.124372  4.2713  
0.11462  3.02468  0.0486273  
0.53155  1.43892  0.520288  
1.00611  0.177962  1.95124  
1.00101  0.608238  0.708229  
0.428867  0.303557  3.54977  
1.19404  0.0855559  2.24076  
0.99687  0.156477  2.25809  
0.791695  0.385006  1.31132  
1.1881  0.111062  1.29654  
0.0651013  3.38484  0.16996  
1.57456  0.138896  0.292406  
0.0925643  3.09624  0.21514  
0.05695  1.7269  2.44784  
1.29561  0.404259  0.0907638  
0.755488  0.0775258  2.68298  
1.8744  0.0664297  0.0512472  
0.353797  1.84578  0.371146  
0.389773  1.86435  0.102771  
1.38658  0.264361  0.138361  
0.542728  0.744282  1.53961  
0.288534  0.126001  3.99423  
0.589153  1.3151  0.438681  
1.56857  0.153187  0.27724  
0.706649  0.0934737  3.06452  
0.331887  1.06211  1.99066  
0.334666  0.489183  2.75648  
1.25836  0.374949  0.740265  
0.0495005  2.64054  1.47526  
1.48328  0.213644  0.647897  
1.52053  0.172665  1.23354  
1.09788  0.142911  2.44862  
0.0837907  0.589289  4.13242  
0.183885  2.54203  0.153204  
1.94656  0.0531111  0.125979  
0.371024  1.77192  0.607134  
0.626874  0.642913  1.28338  
0.203961  2.51514  0.123239  
0.251932  2.2088  0.729907  
0.237918  2.23224  0.524714  
0.509306  1.41037  1.0739  
0.620204  0.120783  3.34848  
0.886911  0.73627  0.868769  
0.182216  0.0934453  4.86248  
0.784856  0.447636  1.31482  
0.463821  0.811366  1.95957  
0.0746666  3.19673  0.362706  
0.360913  1.82496  0.454359  
0.0617903  0.649014  4.61715  
1.64334  0.123294  0.675741  
0.0840692  2.25879  1.25513  
0.581532  1.26838  0.737511  
1.8432  0.0582181  0.752117  
0.672582  0.468836  2.27028  
0.36834  1.88498  0.194213  
0.357172  0.369042  3.43669  
0.459254  0.870959  1.72053  
0.601519  1.23848  0.88021  
0.0558227  1.52764  3.2881  
0.448116  0.284229  3.3686  
0.189975  0.26086  3.72267  
1.02309  0.625545  0.410162  
0.393109  0.429342  2.61261  
0.299299  0.111241  3.97149  
1.46672  0.219534  0.49415  
0.47115  1.53295  1.01104  
0.0899356  0.538711  4.65686  
0.134662  0.341886  4.54411  
1.32454  0.31201  0.914684  
1.50652  0.17361  1.18708  
0.651451  0.11231  3.07138  
0.151263  0.967467  3.08247  
1.49644  0.183605  1.00692  
0.977005  0.626934  0.810955  
0.0888267  1.48025  2.47332  
0.858326  0.907593  0.0814539  
0.356057  0.131405  3.68899  
1.77899  0.0938904  0.0557677  
0.633717  1.20825  0.909623  
0.655639  1.18155  0.266823  
1.08461  0.514044  1.13078  
0.103512  3.04078  0.0877648  
0.106182  2.85176  0.698693  
0.955591  0.233376  1.85163  
0.0803621  0.616644  4.17171  
0.172094  0.905232  2.93957  
1.00821  0.603297  1.03902  
0.659923  1.17851  0.0733163  
1.06822  0.579466  0.142875  
1.47375  0.194951  0.902707  
0.108873  1.21636  3.04352  
0.153784  2.7066  0.127125  
1.07671  0.546672  0.660715  
1.12975  0.170802  1.34595  
0.291345  0.110199  4.03586  
1.47573  0.186761  1.1619  
0.291277  1.15895  2.0161  
1.23114  0.38105  1.25889  
0.839761  0.837401  0.728993  
0.175791  0.226417  4.46265  
0.404541  0.366956  2.95704  
1.92922  0.0470601  1.19623  
0.539407  1.41792  0.691476  
1.24015  0.423078  0.06766  
1.26379  0.367603  0.619627  
0.800529  0.972348  0.336043  
1.69054  0.116505  0.0602374  
0.221344  0.670856  2.90312  
0.685635  0.083771  3.30969  
0.318232  0.58835  2.89905  
0.148603  0.0665834  5.02412  
0.241099  2.30825  0.104475  
0.0788387  3.23651  0.0405485  
0.0642226  3.36858  0.272975  
0.417361  0.850865  2.28301  
1.02817  0.571403  1.22727  
1.29534  0.314655  0.726224  
0.180437  2.50463  0.477112  
0.578437  1.35599  0.0566416  
0.197944  1.63737  1.27203  
1.18208  0.473321  0.199099  
0.945284  0.711037  0.54581  
0.165981  2.62798  0.0769587  
0.40981  1.67211  0.576473  
0.321932  0.528111  2.77954  
1.76089  0.0727976  0.304556  
0.592725  0.688494  1.38208  
0.135567  1.79462  1.87717  
0.726571  1.04959  0.766219  
0.490472  0.754705  1.92187  
0.092968  3.0978  0.0439364  
0.692511  1.09186  0.713313  
0.22981  2.32625  0.0624698  
0.401013  0.117447  3.77914  
0.0927067  1.10555  3.11767  
1.22126  0.0987671  1.36371  
1.33511  0.297273  0.391775  
0.818011  0.848776  1.07941  
0.993124  0.624603  0.478796  
0.98104  0.660806  0.48635  
0.570967  1.33507  0.662462  
0.0597368  2.53342  1.45627  
0.936488  0.266796  1.46327  
0.131429  0.341209  4.60207  
0.751555  1.05143  0.0799041  
1.1167  0.529855  0.438203  
1.41866  0.260896  0.108889  
1.27237  0.393758  0.448689  
0.22733  0.0555666  5.87658  
0.518547  1.46459  0.0462951  
0.173909  1.87583  1.54308  
0.126477  2.80403  0.270102  
0.169894  2.52604  0.431566  
0.812677  0.315808  1.86754  
0.175358  0.219704  4.79625  
0.237277  1.55397  1.66877  
0.301674  1.10946  2.4111  
0.171351  0.316412  4.0806  
0.117514  1.16332  2.52592  
0.380992  0.366536  2.99311  
0.068694  0.592525  4.25145  
0.0828204  1.23969  3.20326  
0.152436  2.69484  0.141274  
0.622778  0.133293  3.10206  
1.14573  0.569794  0.0998445  
0.194715  0.16797  4.81272  
0.328441  1.99762  0.220449  
0.0625462  2.67929  1.37582  
1.03519  0.610542  0.469021  
0.145081  1.69848  2.1139  
0.255153  2.20564  0.615168  
1.6682  0.0979152  0.643883  
0.83219  0.0845642  2.48036  
0.109111  1.0827  3.027  
0.0672805  1.40285  2.58584  
0.96385  0.715834  0.438118  
0.156675  2.73552  0.0489572  
0.410527  1.78646  0.0579062  
0.90467  0.27872  1.26316  
0.0654904  2.31623  1.98141  
0.3254  0.114586  3.83346  
0.211132  0.722101  3.20512  
0.641976  0.12615  3.01517  
0.241398  1.47622  1.56783  
0.844661  0.84198  0.590349  
0.431305  0.30002  3.17151  
1.26971  0.0679191  1.44619  
1.61565  0.0445443  4.61331  
0.984998  0.764035  0.0970803  
0.444607  1.66103  0.400325  
1.69484  0.103893  0.184013  
0.198447  1.69174  1.26441  
0.698313  0.548811  1.70744  
0.340371  2.00412  0.171964  
1.67358  0.106266  0.541027  
0.345037  0.0661468  4.12365  
0.776376  0.949396  0.908426  
0.761671  0.480847  1.28336  
1.014  0.632509  0.164861  
0.145001  0.982154  3.23695  
1.08681  0.551695  0.368365  
0.067669  0.573047  4.77232  
1.08116  0.504652  1.16998  
0.346184  0.534702  2.49106  
0.314618  2.10391  0.385993  
0.411507  0.102743  3.85542  
0.631571  1.23498  0.205314  
0.9872  0.705595  0.0782972  
0.25337  0.16044  4.10197  
0.0678916  0.582387  4.57972  
0.0826215  3.1724  0.214467  
0.147143  2.68436  0.773444  
0.0632529  0.0621449  5.90495  
0.76429  0.126764  2.51765  
0.127289  2.74296  0.411792  
0.426403  0.929432  1.96638  
1.15254  0.439354  1.12831  
1.52908  0.172177  1.17348  
0.608877  1.27954  0.450516  
0.145809  1.66837  2.44144  
0.293316  2.06659  0.426599  
0.249106  0.754512  2.76355  
0.950574  0.672888  0.739388  
0.323933  1.89726  0.963335  
0.0796277  0.161098  5.40999  
1.22791  0.0667651  1.95622  
0.280695  2.1764  0.0543877  
0.52129  0.701304  2.28673  
1.05798  0.521686  1.23491  
0.19945  0.822995  2.96959  
1.4168  0.225713  0.936377  
0.306435  2.17484  0.216858  
0.386518  1.75426  0.775866  
1.03321  0.575664  0.866211  
0.559722  0.651999  1.69819  
0.647213  0.128656  2.86342  
0.0605705  1.35695  2.86875  
1.44622  0.189556  1.08972  
0.115924  0.494974  4.05489  
0.151856  2.6569  0.420347  
0.742628  1.09138  0.0896254  
0.942483  0.212092  2.36905  
1.61657  0.115948  1.22392  
0.853215  0.88139  0.114192  
1.50913  0.201299  0.0963399  
0.0983026  3.03445  0.132829  
0.225707  1.38402  2.35696  
0.134829  0.59599  3.71355  
0.459826  1.55459  0.985371  
1.70198  0.116905  0.0558953  
0.126149  2.86928  0.0393055  
1.50145  0.195162  0.582099  
0.467647  0.310676  2.45773  
1.13994  0.463398  0.408286  
0.064425  0.24008  4.83426  
0.956727  0.731844  0.187365  
0.805312  0.871107  0.407981  
0.21946  0.875331  2.64284  
0.74258  0.405578  2.19205  
0.0798787  0.0741923  5.70412  
1.48927  0.188956  0.628898  
0.501007  0.823935  1.54861  
0.0734885  0.68207  3.65013  
0.300351  0.635601  2.88748  
0.333615  1.85658  0.946226  
0.294357  0.527062  2.97822  
0.382119  0.0973156  3.98255  
0.157406  0.352952  3.9248  
0.13664  1.92304  1.26949  
0.116766  2.8381  0.547169  
0.372027  0.36636  3.29095  
0.128934  2.86295  0.0772714  
1.07412  0.236198  1.42254  
0.496551  1.53689  0.0518565  
0.154758  0.93386  3.42831  
0.0463566  0.883117  3.76109  
0.222403  2.32028  0.375356  
0.0895951  0.140982  5.00413  
1.32819  0.316859  0.184851  
0.385127  1.92184  0.0733719  
0.227391  0.0514382  5.86761  
1.1562  0.490952  0.132635  
0.227383  2.38173  0.341824  
0.155083  2.61105  0.76388  
0.413704  1.7618  0.174293  
0.222232  0.803265  2.46761  
0.0730496  0.107326  5.83876  
0.0765182  3.18654  0.185213  
0.515338  0.783078  1.37969  
0.142067  0.982996  2.87672  
0.773223  0.992723  0.331879  
1.11685  0.5017  0.646719  
0.259696  1.28441  2.27801  
0.257746  0.584251  3.3637  
0.211674  0.787736  3.00112  
0.110364  0.989724  3.10862  
0.478827  0.87802  1.42979  
0.0680932  2.60055  1.27871  
0.644535  0.118897  3.3084  
1.28015  0.320621  1.00865  
0.068487  0.573935  4.55687  
0.969144  0.70255  0.394318  
0.224138  1.55476  1.2984  
0.537435  0.773991  1.26904  
0.115927  1.38324  2.49943  
0.296639  0.663682  2.50585  
1.35516  0.0561757  1.27303  
1.09331  0.493011  1.08362  
1.06065  0.67726  0.0981961  
0.352067  1.05035  2.29854  
0.102229  0.440639  4.57153  
0.384727  1.8943  0.113875  
0.248957  1.33512  2.22257  
0.06094  0.227214  5.01788  
1.22126  0.404807  0.923741  
0.329863  0.506849  2.85299  
0.902733  0.793911  0.263291  
0.10271  2.05457  1.25881  
0.297553  0.465527  3.32728  
0.177572  2.59532  0.0433707  
0.397116  1.69437  0.628451  
0.123974  2.88288  0.115737  
0.0847712  1.27553  2.63322  
0.348809  1.85396  0.194552  
0.486309  1.55141  0.129897  
0.454725  0.283548  3.24865  
1.53026  0.167956  0.491934  
0.392377  1.76399  0.199972  
0.173744  0.281973  4.10125  
