0.10068  3.13651  0.0485941  
0.727812  0.0422904  2.70892  
0.047123  2.38478  1.61375  
0.047546  0.0447155  5.70441  
0.0479426  3.97147  0.0844821  
1.98416  0.0516314  0.0501931  
1.94177  0.0546245  0.19356  
1.89792  0.0666279  0.0561686  
0.0542136  3.83688  0.054181  
0.0529143  3.87505  0.134832  
1.94747  0.0516807  0.0963236  
0.0503776  3.65883  0.411347  
1.98333  0.0561252  0.0559789  
0.0649779  0.0583154  5.58161  
0.077618  3.3514  0.125261  
0.0649139  0.0583418  5.50865  
0.0813213  0.0581534  5.21228  
0.0574375  3.78817  0.05697  
0.0638884  3.29852  0.435618  
0.0534686  3.77285  0.0642437  
0.0656013  3.20614  0.544966  
0.0553573  3.72399  0.0732479  
0.0555946  3.48936  0.27485  
0.332709  0.0922067  3.71483  
0.0948877  0.145236  4.75416  
0.0507873  3.9201  0.146608  
0.0615277  3.60191  0.0491182  
0.0643127  3.43652  0.300318  
0.210795  0.15942  4.03977  
0.0700221  3.16832  0.37245  
0.0708111  0.0669684  5.35748  
1.10096  0.0870301  1.68459  
0.0602714  3.46063  0.0588649  
0.0553322  3.51988  0.294578  
0.0784598  0.0575364  5.24289  
0.887403  0.447357  0.878909  
1.48574  0.249648  0.0896663  
0.133193  0.0902842  4.79611  
0.262996  1.48833  1.13497  
0.49778  1.10392  0.965272  
1.70977  0.086952  0.228882  
0.112735  0.0644909  5.02386  
0.0936583  0.0467486  5.04553  
0.0537083  3.93175  0.0562132  
0.0585126  0.0962429  5.29004  
0.42739  0.0912688  3.49132  
1.68514  0.0747914  0.309751  
0.075378  0.0733587  5.10815  
1.42233  0.201691  0.333032  
0.188439  2.4884  0.315961  
1.65339  0.0909896  0.381406  
0.0657301  0.0564368  5.61585  
0.0870784  0.0583481  5.14412  
0.0624474  0.0534474  5.65308  
0.0940142  0.185656  4.71305  
0.216264  0.267894  3.5376  
0.0477387  3.6785  0.185642  
1.66869  0.0820225  0.558458  
0.109601  0.0803806  4.82881  
0.11787  2.98475  0.219664  
0.0591373  3.70779  0.0600713  
0.0892793  0.0545057  5.31415  
0.386084  1.59756  0.417407  
1.43373  0.0608154  1.17943  
0.131496  0.760539  3.06121  
0.113901  0.0622011  4.96941  
0.985657  0.0572893  2.08492  
1.47291  0.0841125  0.777161  
0.491931  0.118492  3.17254  
0.124726  2.95804  0.0738419  
0.0736234  3.40347  0.159526  
0.108763  0.725379  3.34204  
1.85003  0.0521933  0.438722  
0.0789848  0.228703  4.62708  
1.17297  0.0791223  1.37409  
0.994574  0.154203  1.56931  
1.73441  0.0903747  0.222907  
0.0529727  3.57629  0.275836  
1.28461  0.335334  0.236761  
1.63087  0.0828376  0.39851  
0.0665342  0.0529552  5.45127  
1.50456  0.132742  0.572866  
0.189065  0.0628827  4.61103  
0.220945  1.55726  1.38722  
0.0797622  2.5244  0.995287  
1.89176  0.0567178  0.058788  
0.770824  0.293048  1.65267  
0.570155  0.109995  2.85324  
1.79291  0.0597761  0.341744  
0.514761  0.476879  1.93073  
0.119782  3.1119  0.0672582  
1.03839  0.613683  0.138663  
0.613217  1.16574  0.498105  
0.204411  0.074558  4.42951  
0.0793781  0.0565812  5.3943  
0.200423  1.56721  1.48142  
0.784441  0.142857  2.16526  
0.186077  1.24039  1.84622  
1.49733  0.199482  0.15356  
1.56916  0.0708841  0.764171  
0.2552  1.01746  1.99483  
1.39506  0.181456  0.418909  
0.0577062  0.064664  5.41725  
0.799582  0.650051  0.898776  
1.08375  0.180933  1.10169  
0.578193  0.276294  2.63939  
0.0914868  0.900333  3.02018  
1.53223  0.060699  0.848353  
0.694057  0.202106  2.15191  
0.0639302  0.0613079  5.47886  
0.714878  0.416025  1.51445  
1.62035  0.123651  0.203843  
0.436945  1.50976  0.523731  
1.74878  0.0690414  0.456517  
0.0516611  3.55611  0.379686  
0.130942  2.70497  0.265589  
0.973624  0.282629  1.26219  
0.874632  0.868694  0.20477  
0.088084  2.36579  1.07874  
1.44542  0.129543  0.591346  
1.37265  0.278434  0.254226  
1.57519  0.0947754  0.438989  
0.746153  1.03435  0.155672  
0.939504  0.581745  0.587241  
0.145185  0.215473  4.07736  
0.675635  1.13551  0.30176  
0.31801  0.800648  2.11729  
0.958981  0.153156  1.65813  
1.38397  0.261469  0.450097  
0.443579  1.46524  0.673213  
0.322209  2.05155  0.173934  
1.23732  0.20994  0.782848  
0.114  3.04903  0.0707856  
1.40837  0.252505  0.261914  
1.87655  0.0714496  0.0577256  
1.83415  0.0653105  0.185337  
0.0669786  3.54312  0.0508096  
0.380929  0.622752  2.26516  
1.67598  0.115803  0.260342  
0.374385  1.71245  0.36693  
0.0696429  2.67722  1.06292  
0.0636686  0.243158  4.5722  
0.0912276  2.69201  0.900155  
0.928892  0.281342  1.42825  
0.0610779  0.0520037  5.68394  
1.30594  0.199807  0.768659  
0.286615  1.22739  1.89202  
0.428606  0.529604  2.46585  
0.0622423  2.4285  1.47398  
0.16081  2.77402  0.0554125  
0.352466  1.4057  1.02511  
0.237498  1.7819  1.09203  
1.31639  0.208206  0.638112  
0.261384  0.174338  3.73888  
0.963892  0.446549  0.70864  
0.433098  1.29806  0.82357  
0.454558  1.17552  1.01093  
1.8569  0.0782458  0.156579  
1.45057  0.0678026  0.895704  
0.0825261  0.82282  3.67727  
0.319656  1.12698  1.63887  
0.151325  2.79658  0.142734  
1.29706  0.376181  0.081516  
1.11076  0.33791  0.73555  
1.18077  0.389662  0.37173  
0.243572  2.34598  0.207708  
0.507116  0.236111  2.80769  
1.24621  0.312053  0.358343  
0.215648  0.57132  3.01395  
1.09274  0.438585  0.470845  
1.51725  0.233122  0.105711  
0.082061  3.28609  0.072411  
0.403611  0.284707  2.82984  
1.64516  0.0604794  0.813933  
1.80315  0.093428  0.186712  
0.14435  0.145529  4.47259  
0.718748  0.192057  2.33269  
1.15993  0.38744  0.403234  
0.0779407  1.85249  2.03611  
0.271374  0.518245  2.94848  
0.123334  0.169206  4.4518  
0.191489  2.72415  0.0758931  
1.0042  0.52676  0.315696  
0.848839  0.120614  2.35698  
1.58717  0.149743  0.154778  
0.684203  0.985076  0.410732  
0.903575  0.693906  0.556659  
1.61137  0.0643368  0.643934  
0.336207  0.503529  2.65141  
0.522957  0.0879297  3.42665  
0.891928  0.0915131  2.50547  
0.198361  0.31515  3.56662  
0.199052  2.25407  0.549579  
0.412698  0.358093  2.72551  
0.0787893  3.06728  0.469907  
0.670358  0.1576  2.60178  
0.158497  2.64391  0.511362  
1.26411  0.246808  0.697863  
0.0741653  3.26434  0.139804  
0.163908  0.159913  4.22266  
1.029  0.0992372  2.05017  
0.0675768  2.94533  0.666859  
0.158416  0.193854  4.09387  
0.233161  1.44241  1.53755  
0.26885  0.40293  3.19378  
1.86642  0.0612672  0.251033  
0.297333  1.06743  1.8032  
0.459223  1.62081  0.197179  
0.132365  0.658635  3.20981  
1.04615  0.40205  0.732629  
0.147513  0.05241  4.85991  
0.912385  0.0923872  2.3227  
0.247583  0.0748345  4.39507  
0.0689337  3.03138  0.535657  
0.314439  1.89946  0.594007  
1.15079  0.392571  0.521637  
0.0900693  2.87889  0.707925  
0.271586  1.25611  1.72021  
0.294535  0.618881  2.43282  
0.182584  0.274689  3.60078  
0.291345  0.472374  2.90858  
0.216703  1.73945  1.1915  
0.0645799  3.08193  0.800199  
0.0819213  3.36919  0.10697  
0.0921507  3.15402  0.114464  
1.06903  0.606883  0.10034  
0.648515  0.563924  1.39859  
0.227139  0.635298  2.97724  
0.10837  3.09726  0.109946  
0.176695  1.04482  2.1331  
0.121114  2.29121  0.860954  
0.594017  0.433726  1.74416  
0.19408  2.27725  0.541081  
0.168953  0.15586  4.19772  
0.727  0.757701  0.746267  
0.862695  0.556235  0.912689  
0.166936  1.69067  1.35084  
1.0116  0.125109  1.85804  
0.182242  0.55496  3.64018  
1.22317  0.0725815  1.4418  
0.135864  0.0861783  4.6675  
0.589032  1.09373  0.654796  
0.171217  2.01874  1.11678  
0.176335  0.584076  3.28113  
0.138053  1.51645  1.87422  
0.544137  1.00267  1.0432  
0.249467  0.892112  2.19341  
0.346819  0.0758031  3.84712  
0.149284  0.459959  3.76333  
0.233875  0.174102  3.77168  
1.05968  0.119691  1.81742  
1.59628  0.141946  0.215876  
1.32561  0.113087  0.99837  
1.64077  0.0728212  0.560308  
1.82202  0.0901824  0.129063  
1.78445  0.0567299  0.560075  
0.185446  0.14109  4.16325  
0.152319  1.37205  1.81961  
0.136849  0.0793182  4.68979  
0.126408  2.89679  0.281577  
0.605575  0.768398  1.27185  
0.1417  0.272371  4.00279  
0.397488  1.21607  0.987433  
1.5611  0.063809  0.839867  
0.213454  0.703786  2.78282  
0.472599  0.358792  2.5527  
0.273031  0.853014  2.25428  
0.4139  0.172187  3.2633  
0.400998  0.133156  3.30727  
0.0493397  3.25539  0.594999  
0.13045  0.366056  3.82376  
0.318361  0.105888  3.80589  
0.369866  1.37332  1.17034  
0.451109  0.213139  2.88662  
1.77777  0.0584164  0.431586  
0.127507  2.9221  0.243464  
1.33566  0.216638  0.580856  
0.397244  0.925825  1.5764  
0.528722  0.187219  2.87296  
0.191422  2.58853  0.272888  
0.809685  0.705357  0.622908  
0.0927709  0.216266  4.49748  
0.234075  0.0796002  4.34508  
0.61738  0.364939  2.10483  
0.0682177  2.6667  1.42642  
0.131912  2.01208  1.23665  
0.476653  1.35164  0.703423  
0.684253  0.781021  1.06  
0.199395  2.40659  0.450708  
0.0931114  0.272322  4.29526  
0.828269  0.548442  1.14028  
0.793163  0.708485  0.735074  
0.618885  0.796341  0.945942  
0.25515  2.21536  0.292296  
1.39142  0.0857574  0.868164  
0.134839  2.84574  0.114418  
0.0692822  2.75029  0.809439  
0.160356  1.61254  1.62601  
0.699542  0.763097  0.83405  
1.52573  0.242757  0.101342  
0.051781  3.59922  0.151759  
0.257898  2.0495  0.430725  
0.0858704  1.63414  2.03107  
0.395048  1.05484  1.40956  
0.0850974  2.76089  0.767474  
1.54324  0.19702  0.321135  
0.73338  0.845589  0.499577  
0.855212  0.877555  0.222516  
0.230111  0.28908  3.46005  
1.05193  0.379482  0.671859  
0.114018  1.08641  2.57802  
0.114464  2.90382  0.319271  
0.748693  0.26855  1.88006  
0.362085  0.538956  2.52022  
0.100849  3.0211  0.181934  
1.01867  0.369233  0.792868  
0.0880942  0.909822  2.98382  
0.359805  1.81541  0.491292  
1.83265  0.0549658  0.255291  
0.165391  2.73531  0.0536684  
0.111443  2.62592  0.726145  
0.978016  0.636988  0.251382  
0.642689  1.19685  0.334613  
0.22874  1.71717  1.25289  
0.485966  0.466271  2.35018  
0.391406  0.697686  2.07213  
0.707474  0.95792  0.455506  
0.762857  0.115363  2.61538  
0.821485  0.373218  1.47874  
0.842729  0.108047  2.58829  
0.756701  0.6522  0.972722  
0.2101  2.18603  0.506562  
1.14535  0.247974  0.887257  
0.351139  1.86314  0.464386  
1.27589  0.0908834  1.33457  
1.75599  0.0611346  0.523783  
0.653462  1.23331  0.116054  
0.273268  0.362366  3.22783  
0.183194  2.03216  0.927401  
0.302422  0.152013  3.55797  
0.424049  0.833464  1.70277  
0.483023  1.3908  0.441877  
0.111029  1.79701  1.85353  
0.363749  1.40044  0.87216  
0.924659  0.0798647  2.28307  
0.141179  2.86555  0.0605988  
0.813413  0.67506  0.675739  
1.41073  0.290326  0.0818716  
0.208782  0.934551  2.56621  
0.174062  1.92783  1.02648  
0.12662  1.98681  1.50521  
0.837932  0.795448  0.385378  
1.05752  0.0980664  2.01884  
0.0806448  0.25184  4.38547  
1.77113  0.0680016  0.346234  
0.688155  0.8647  0.566779  
0.104864  3.00185  0.17355  
1.21021  0.444683  0.0957097  
0.0991456  0.100055  4.90307  
1.34291  0.374272  0.0870754  
0.463081  0.170451  3.14676  
0.245712  2.43894  0.157835  
0.84288  0.549543  1.08412  
0.205639  0.124815  4.17803  
0.354399  1.88262  0.422504  
0.0716327  2.10316  1.96738  
0.0873372  3.22815  0.0588618  
0.555221  1.34107  0.427468  
0.151204  1.75347  1.3765  
0.759468  0.306049  1.7437  
0.241943  1.36546  1.59394  
0.252156  1.32581  1.54831  
0.534854  0.408586  2.21347  
0.281433  0.688263  2.38678  
1.4596  0.27501  0.0892518  
1.51931  0.0582077  0.984475  
0.337422  0.298639  3.11049  
1.11457  0.134204  1.50154  
0.248636  0.591656  2.66348  
0.458978  0.128269  3.47507  
0.741  0.546512  1.20083  
0.629582  0.679577  1.23006  
0.115641  2.23487  1.04005  
1.25004  0.402645  0.122995  
0.571499  0.717097  1.37067  
1.26966  0.187065  0.804938  
0.102113  0.484832  3.98459  
0.448712  0.527871  2.17548  
1.19861  0.071765  1.77854  
0.468265  0.385071  2.41664  
1.33038  0.250331  0.525481  
1.34733  0.349873  0.129089  
0.662142  1.07931  0.45501  
1.02367  0.521594  0.38862  
0.157465  0.153878  4.31708  
0.0810936  1.83734  2.07337  
0.168493  2.62195  0.296221  
0.14785  2.19861  1.03598  
0.243998  0.790218  2.45204  
0.100072  1.45537  2.19996  
0.0524654  3.3938  0.490496  
0.121366  2.16195  1.14718  
1.13684  0.457499  0.438638  
0.597748  0.289216  2.48537  
0.10078  1.42281  2.68531  
0.218177  2.44801  0.0996035  
0.0800035  3.38228  0.053835  
1.31657  0.123  0.851849  
0.137827  1.33489  2.22385  
0.395458  0.123528  3.619  
0.184695  1.01001  2.63097  
1.23226  0.0798861  1.36021  
0.870088  0.127631  2.31663  
1.81773  0.060991  0.262623  
0.0827272  0.0881571  4.95613  
0.0666884  3.2399  0.486839  
0.667441  0.224386  2.40162  
0.644988  0.279229  2.30188  
0.345216  1.38778  1.03855  
0.224683  0.351022  3.44392  
0.0893427  0.0595907  5.11771  
0.0882424  3.00811  0.517577  
0.417436  1.76646  0.286711  
0.70466  0.814841  0.605251  
1.35175  0.369602  0.0960442  
0.406723  0.556205  2.36542  
1.07112  0.082909  1.95008  
0.30042  1.06033  1.75953  
1.76436  0.0565415  0.568536  
0.445347  0.946096  1.28466  
1.13093  0.116403  1.64365  
0.945684  0.639494  0.468923  
0.25255  2.07194  0.497128  
0.58464  0.222908  2.75176  
1.19201  0.317775  0.577226  
0.419191  1.83375  0.0770467  
0.540982  0.466177  2.05918  
0.831798  0.383794  1.13425  
0.0905346  2.82451  0.448804  
0.341098  1.29507  1.28717  
0.373191  0.26105  3.12854  
1.25694  0.197069  0.829942  
0.249315  1.99756  0.615554  
0.409864  1.86848  0.0869638  
0.346423  1.14439  1.4475  
0.100656  0.0791052  4.923  
0.16405  1.27509  2.0935  
1.87316  0.0500714  0.388377  
0.0946468  0.073132  4.93651  
0.0743729  0.323604  4.27229  
0.919491  0.162987  1.771  
0.898149  0.779894  0.234715  
0.101645  2.54114  0.797585  
1.72413  0.186612  0.11847  
0.0767437  2.52883  1.16625  
0.560563  1.34669  0.225867  
0.0966621  2.86797  0.327911  
0.736276  0.167748  2.34538  
0.481141  0.275455  2.76378  
0.104531  0.135666  4.87569  
0.549741  0.919554  1.24563  
0.0931661  2.3066  1.52525  
0.0723093  1.6685  2.53395  
1.46492  0.174713  0.349071  
0.666632  0.561727  1.36955  
0.235198  0.123292  4.24216  
0.133719  2.58022  0.773912  
0.368119  0.741742  1.98853  
0.379622  0.458374  2.5421  
0.305106  0.10143  3.87379  
0.399409  0.735161  1.84835  
0.336297  1.264  1.4519  
0.158114  2.38531  0.640504  
0.658774  0.524477  1.47762  
0.0823894  2.55789  0.922648  
0.195183  2.33383  0.538392  
1.72727  0.10212  0.0532228  
0.08965  2.06069  1.60113  
0.635786  0.8668  0.804569  
0.215754  2.31394  0.391838  
0.358882  1.91012  0.249063  
0.0755064  0.466106  4.11928  
0.547697  0.121885  2.7922  
1.12563  0.154999  1.43402  
0.0987356  1.54069  2.24606  
0.10067  2.12225  1.30895  
0.491236  0.0980441  3.44596  
0.422236  0.861196  1.53112  
0.20298  2.54761  0.115076  
0.20162  0.836572  2.67362  
0.196219  0.0682493  4.55995  
0.723389  0.0970558  2.74187  
1.04802  0.247977  1.21793  
0.255308  0.296698  3.35829  
1.55694  0.110203  0.369715  
0.784744  0.53968  1.26615  
0.314956  0.738035  2.20649  
0.142201  2.03204  1.22429  
0.348663  1.97105  0.128358  
0.667029  0.972921  0.604789  
0.598425  1.05724  0.687725  
0.0706717  0.241625  4.67063  
0.166267  0.288389  3.9191  
1.59052  0.136405  0.309509  
0.440183  0.0842941  3.65748  
0.24101  2.17728  0.476375  
1.21761  0.296404  0.586873  
1.13915  0.0551456  1.80864  
0.213302  0.135186  3.97789  
0.389888  0.257876  2.93815  
0.94866  0.534317  0.564507  
0.175172  2.38221  0.481753  
1.0872  0.583901  0.228585  
1.81049  0.0622926  0.29105  
0.355529  1.78109  0.493226  
0.502302  0.137006  3.11889  
0.0684483  0.151237  4.88534  
0.900102  0.0495939  2.37749  
0.261217  0.821091  2.44114  
1.36282  0.324286  0.0676815  
0.562098  0.64008  1.60824  
0.207187  0.262014  3.86201  
0.128792  0.33366  3.89332  
0.233487  2.10647  0.575213  
0.16944  1.23318  2.01443  
0.195476  2.23521  0.577048  
1.22921  0.27533  0.677694  
0.222799  0.470716  3.13674  
0.208274  0.217191  3.96174  
1.07799  0.10905  1.68827  
0.384439  0.243232  3.08296  
1.18777  0.420282  0.321789  
0.242672  1.63855  1.32299  
0.388673  1.19057  1.19748  
1.54462  0.132627  0.325742  
0.268147  0.595828  2.56534  
0.114117  2.6068  0.598476  
1.55216  0.188743  0.0662804  
0.081585  0.943136  3.39423  
0.16544  1.04129  2.45355  
0.554103  0.870134  1.27366  
0.0854101  1.91142  1.90989  
1.1594  0.21536  1.0613  
0.504768  0.604218  1.72891  
0.196654  0.881828  2.62273  
0.145378  0.130254  4.3599  
0.525645  0.126837  3.08647  
0.200309  1.17408  2.04467  
0.118656  0.112303  4.54343  
0.0814692  0.361592  4.13841  
0.168781  2.6042  0.316908  
0.510129  1.6474  0.161807  
0.173637  2.40283  0.508317  
1.27895  0.298132  0.38529  
0.627949  0.906598  0.700498  
1.04766  0.488402  0.426343  
0.24102  0.406489  3.09675  
1.60506  0.117025  0.284615  
1.36603  0.0978769  1.06133  
0.587304  0.592688  1.55154  
0.320251  1.54278  0.794114  
0.26485  0.221734  3.40851  
0.531462  1.60371  0.128722  
0.509979  1.52321  0.398497  
0.12811  2.20214  1.00204  
0.306598  1.65566  0.920272  
0.200486  2.65894  0.104396  
0.334022  1.10087  1.48462  
1.55243  0.103845  0.660004  
0.520745  0.0962421  3.3728  
1.71179  0.0531216  0.599743  
0.76955  0.422936  1.41255  
1.30035  0.328987  0.252082  
0.209809  2.47911  0.109782  
0.142926  1.64412  1.76211  
0.333191  0.0794671  3.91406  
0.24108  2.13602  0.34877  
1.68514  0.15178  0.127159  
0.753518  0.474244  1.39637  
0.247263  2.37107  0.182796  
0.0758191  0.995327  3.01638  
0.766884  1.20705  0.138584  
0.139958  0.154621  4.51963  
0.0749075  2.93359  0.672231  
1.0101  0.335019  0.83895  
0.300027  1.95553  0.520245  
0.634052  1.28534  0.209478  
0.282603  2.13212  0.182799  
0.209851  0.165622  3.95204  
0.480345  0.759681  1.62395  
0.218127  1.00731  2.22975  
0.19537  0.573568  3.25073  
0.130325  2.15489  1.15076  
0.242569  1.95311  0.716828  
0.235906  1.53735  1.35211  
0.285133  1.23068  1.51275  
0.409548  1.91371  0.11253  
0.528868  0.131347  2.92997  
0.0985997  2.65099  0.791288  
0.0747284  0.0723559  5.14226  
