4.57503e-012  0.00025334  6.06231  
0.0458794  1.22494e-010  5.93728  
0.889059  0.755252  3.02848  
0.859084  0.856759  2.61489  
0.0453196  0.890457  4.54094  
0.289066  0.678387  4.84212  
0.629039  0.700686  4.66868  
0.682302  0.620462  4.86104  
0.0561256  0.313736  5.54537  
0.280805  0.175207  5.23657  
0.20438  0.289234  5.24257  
0.651346  0.264808  5.019  
0.801932  0.226515  4.01388  
1.02092e-009  1.22494e-010  6.00362  
0.0255483  0.730734  4.82995  
0.775144  0.717276  3.52337  
0.215587  0.0797029  5.48489  
0.81608  0.191482  4.00486  
0.787266  0.789532  3.05754  
0.776413  0.148944  4.26143  
4.87618e-005  0.313736  5.63451  
0.706682  0.792786  3.67972  
0.244857  0.171861  5.2381  
0.83596  0.269831  3.90666  
0.218181  0.208616  5.1882  
0.709504  0.847693  3.32469  
0.0120626  0.284294  5.57654  
0.191619  0.691055  4.80272  
0.196379  0.703855  4.71951  
0.689629  0.813843  3.55108  
0.849229  0.706446  3.34812  
0.226197  0.138156  5.31152  
0.717827  0.744544  3.70917  
0.718815  0.832983  3.27803  
0.789212  0.274908  4.07073  
0.795682  0.250042  4.03153  
0.652304  0.0353915  5.38954  
0.0397963  0.105476  5.75499  
0.807102  0.785348  2.92068  
0.204241  0.300357  5.21375  
0.822717  0.0300573  4.33483  
0.723123  0.874835  3.22883  
0.20438  0.300357  5.21352  
0.0620848  0.00512843  5.89893  
0.646289  0.218083  5.06818  
0.781747  0.827513  2.88779  
0.126905  0.809504  4.17862  
0.185975  0.830428  3.97143  
0.875853  0.648058  3.78334  
0.211696  0.640891  5.10891  
0.118605  0.88327  4.10439  
0.0144619  0.889731  4.63708  
0.0684201  0.205783  5.54678  
0.222662  0.122646  5.3602  
0.122165  0.686743  4.97582  
0.108902  0.0897599  5.64132  
0.274904  0.683727  4.78866  
0.0178193  0.0665758  5.87427  
0.780397  0.095731  4.38338  
0.0191508  8.86404e-009  5.98027  
0.817753  0.750469  3.16407  
0.778343  0.878309  2.86731  
0.874148  0.699598  3.40265  
0.172362  0.141287  5.37801  
0.810519  0.733903  3.41608  
0.027295  0.0432568  5.90718  
0.850317  0.676632  3.58831  
0.0568805  0.695554  5.03508  
0.770821  0.776134  3.14668  
0.210684  0.643351  5.09413  
0.856194  0.701151  3.38425  
0.266498  0.661463  4.94808  
0.131303  0.274225  5.3275  
0.228442  0.772346  4.27138  
0.733309  0.67528  4.10653  
0.754673  0.776488  3.25455  
0.272263  0.689549  4.74371  
0.670548  0.855104  3.61349  
0.694508  0.827722  3.50088  
0.878162  0.182371  3.96006  
0.768519  0.731534  3.45067  
0.0504955  0.71569  4.89266  
0.225556  0.117291  5.36238  
0.865308  0.791784  2.78549  
0.747918  0.0748434  4.622  
0.800813  0.787425  2.95318  
0.791502  0.781484  3.0363  
0.145902  0.111156  5.50523  
0.791502  0.803701  2.97247  
0.707392  0.26483  4.60484  
0.746095  0.783331  3.30404  
0.00553672  0.0273487  5.96171  
0.850317  0.668847  3.62917  
0.830065  0.747268  3.08031  
0.178449  0.125904  5.46962  
0.794189  0.863892  2.77376  
0.0791791  0.151479  5.56708  
0.136961  0.212447  5.45016  
0.85224  0.84378  2.62887  
0.00551155  0.102485  5.81303  
0.665081  0.0634791  5.24863  
0.13907  0.0135652  5.71238  
0.0731964  0.0481373  5.81793  
0.714316  0.202447  4.58411  
0.263588  0.0993954  5.4093  
0.147696  0.281006  5.29319  
0.724559  0.00068811  5.12975  
0.261836  0.175216  5.22511  
0.0830847  0.734965  4.69627  
0.7282  0.818078  3.24642  
0.829505  0.83221  2.67912  
0.843024  0.807525  2.72673  
0.754673  0.729735  3.56027  
0.830691  0.787425  2.91224  
0.765777  0.845946  2.9414  
0.77399  0.749484  3.29533  
0.0279558  0.770071  4.5605  
0.017832  0.0558787  5.89693  
0.289066  0.676603  4.85608  
0.741031  0.835065  3.12007  
0.759822  0.00594014  4.65183  
0.778385  0.857986  2.85363  
0.137614  0.686743  4.93874  
0.861351  0.810399  2.70691  
0.674567  0.648641  4.73707  
0.840184  0.788308  2.81509  
0.0656798  0.0373263  5.84724  
0.660134  0.877875  3.71796  
0.181069  0.733224  4.47645  
0.0931515  0.689549  4.99835  
0.863665  0.64964  3.79428  
0.188904  0.185748  5.2585  
0.0893605  0.165228  5.51379  
0.0255483  0.653207  5.43121  
0.105745  0.0887476  5.65616  
0.165966  0.72349  4.57582  
0.870412  0.233255  3.8922  
0.833342  0.827513  2.69396  
0.838753  0.807525  2.73281  
0.250059  0.853866  3.88564  
0.110606  0.696152  4.90984  
0.114332  0.836507  4.11303  
0.643117  0.0853254  5.45106  
0.69599  0.17718  4.76154  
0.00204201  0.210132  5.59616  
0.251334  0.251839  5.14714  
0.745323  0.800219  3.193  
0.724872  0.847015  3.21089  
0.201162  0.0127066  5.61002  
0.202546  0.670712  4.91044  
0.657745  0.682037  4.63662  
0.683826  0.806331  3.64999  
4.57503e-012  0.00903892  5.99061  
0.750459  0.706002  3.76174  
0.820457  0.830074  2.74563  
0.860341  0.762351  2.99751  
0.0320845  0.105476  5.79054  
0.694571  0.880709  3.45874  
0.0861402  0.0665758  5.74643  
0.698796  0.158471  4.77923  
0.781816  0.0386972  4.48939  
0.195192  0.793565  4.08642  
0.685677  0.821109  3.60483  
0.0581809  0.0482823  5.844  
0.798206  0.824916  2.80211  
0.687897  0.850531  3.48919  
0.258412  0.774594  4.14126  
0.678909  0.106578  5.04712  
0.805224  0.0459932  4.35314  
0.773226  0.233255  4.1548  
0.647252  0.871917  3.78386  
0.853013  0.669509  3.62185  
0.844544  0.131299  4.06092  
0.0957794  0.240111  5.4071  
0.0974929  0.670651  5.13108  
0.637487  0.740939  4.32145  
0.117296  0.637034  5.31892  
0.0926501  0.25464  5.41059  
0.7374  0.180928  4.44756  
0.811754  0.676692  3.65339  
0.882428  0.0606485  4.2352  
0.0144619  0.122548  5.77106  
0.634474  0.245744  5.13049  
0.835995  0.726878  3.22516  
0.759822  0.0708329  4.54399  
0.765453  0.0708329  4.50709  
0.866845  0.193592  3.93002  
0.82598  0.64835  3.81562  
0.701393  0.859467  3.39187  
0.775144  0.738195  3.3678  
0.86718  0.221204  3.897  
0.762153  0.260463  4.21558  
0.714316  0.720689  3.90485  
0.74984  0.816181  3.09919  
0.750593  0.695918  3.83638  
0.0826877  0.222954  5.44505  
0.746121  0.114641  4.5702  
0.228361  0.630416  5.16258  
0.80523  0.166599  4.08545  
0.203204  0.154694  5.29986  
0.703526  0.760605  3.80677  
0.700199  0.80944  3.48689  
0.832528  0.132878  4.14708  
0.0921922  0.0421246  5.78155  
0.101262  0.779828  4.36237  
0.0791792  0.798639  4.41442  
0.191097  0.106909  5.42648  
0.840184  0.662232  3.74805  
0.0038607  0.709356  5.15554  
0.238426  0.0187056  5.55831  
0.00640876  0.0855756  5.85016  
0.826362  0.870697  2.66203  
0.156224  0.719698  4.62748  
0.218181  0.197808  5.20293  
0.719915  0.627718  4.53254  
0.86385  0.120134  4.08047  
0.637487  0.254432  5.11029  
0.882428  0.0605877  4.25841  
0.827532  0.0460227  4.2941  
0.0322745  0.119311  5.73328  
0.100039  0.0885963  5.6689  
0.0474763  0.0665758  5.82697  
0.652304  0.0587692  5.34888  
0.756001  0.114641  4.49596  
0.00692483  0.122548  5.77371  
0.860653  0.19832  3.91998  
0.143352  0.727974  4.59695  
0.683826  0.242398  4.79555  
0.0344069  0.698177  5.05491  
0.778385  0.0610217  4.45296  
0.702982  0.838263  3.4157  
0.831133  0.00698055  4.33126  
0.764012  0.156872  4.39979  
0.76216  0.25923  4.21553  
0.158895  0.688839  4.85158  
0.192964  0.765462  4.2798  
0.639606  0.753663  4.25208  
0.805224  0.0300279  4.38136  
0.164232  0.637045  5.24286  
0.730264  0.162321  4.53518  
0.126269  0.714847  4.86791  
0.774632  0.780921  3.10614  
0.170646  0.671667  4.95578  
0.678909  0.653765  4.66982  
0.196494  0.648275  5.07926  
0.754673  0.865686  3.00719  
0.187178  0.179556  5.27651  
0.812029  0.655634  3.80611  
0.64101  0.237847  5.09007  
0.672863  0.700181  4.37066  
0.163204  0.688366  4.87839  
0.737595  0.752451  3.69512  
0.860341  0.658728  3.69961  
0.84717  0.802314  2.74411  
0.0356251  0.734033  4.79911  
0.654977  0.725764  4.30911  
0.255741  0.861649  3.88201  
0.00551155  0.0962681  5.82773  
0.738119  0.705351  3.85186  
0.753365  0.852302  3.00805  
0.766605  0.682786  3.8293  
0.868865  0.102485  4.12932  
0.201268  0.634142  5.2084  
0.72628  0.0766948  4.77113  
0.677333  0.73359  4.09303  
0.0538226  0.858943  4.22887  
0.781153  0.861649  2.84014  
0.027295  0.172846  5.62225  
0.120578  0.0606485  5.67733  
0.241046  0.159603  5.25635  
0.0741935  0.028151  5.84499  
0.228361  0.127637  5.34522  
0.738838  0.0748434  4.68477  
0.0925194  0.820151  4.20301  
0.764644  0.811118  3.02313  
0.10204  0.126952  5.56982  
0.101262  0.758266  4.48188  
0.091425  0.842054  4.15828  
0.692948  0.663332  4.497  
0.170646  0.671801  4.9549  
0.6837  0.759389  3.86602  
0.24169  0.759375  4.32162  
0.817753  0.708303  3.46742  
0.861049  0.734965  3.18188  
0.667058  0.0250337  5.30138  
0.178449  0.126132  5.46591  
0.72628  0.623925  4.51988  
0.218181  0.223094  5.17408  
0.232465  0.132359  5.32145  
0.767527  0.729735  3.47143  
0.765453  0.822931  2.97934  
0.637914  0.166139  5.20155  
0.174211  0.863892  3.9606  
0.194027  0.75147  4.43071  
0.770821  0.768662  3.1901  
0.153712  0.238761  5.28771  
0.112607  0.830316  4.13407  
0.660809  0.80944  4.01186  
0.210171  0.0158035  5.60699  
0.726204  0.0811284  4.75263  
