6.18976e-013  1.29049e-007  6.00079  
0.750842  0.897207  3.07903  
0.887193  0.668786  3.65885  
0.857334  0.859525  2.61447  
0.856211  4.80224e-011  4.30832  
0.293123  0.700482  4.67887  
0.616371  0.754695  4.35626  
0.724506  0.295666  4.50171  
0.000600997  0.618353  5.65427  
0.71915  0.278578  4.52437  
0.883338  0.640535  3.84555  
0.662955  0.625629  4.97103  
0.0910142  0.0710138  5.72547  
0.220111  0.103673  5.39842  
0.805391  0.286113  4.00937  
0.642734  0.260845  5.07572  
0.676551  0.857517  3.57012  
0.790335  0.749287  3.21154  
0.048183  0.270588  5.52506  
0.787397  0.0359321  4.45096  
0.0428016  0.00795229  5.94312  
0.226599  0.653974  5.03052  
0.0381858  0.0494698  5.87718  
0.734913  0.776807  3.38277  
0.288528  0.661349  4.96613  
0.843494  0.689641  3.47938  
0.850978  0.798388  2.77519  
0.0943598  0.135871  5.56687  
0.674273  0.12028  5.05119  
0.709747  0.240997  4.58495  
0.827868  0.7889  2.83639  
0.824693  0.665596  3.695  
0.759692  0.168559  4.32129  
0.0681975  0.15252  5.58741  
0.0571138  0.641543  5.43065  
0.758374  0.828488  3.04633  
0.245026  0.701767  4.64541  
0.799619  0.256707  4.01493  
0.134001  0.708151  4.83116  
0.169202  0.72921  4.61416  
0.140736  0.0317243  5.68548  
0.194596  0.770107  4.21165  
0.155787  0.670789  4.9927  
0.022906  0.0928731  5.8086  
0.0513208  0.0586633  5.83902  
0.820841  0.703197  3.43145  
0.636412  0.137484  5.27407  
0.169202  0.726313  4.63536  
0.0695146  0.805978  4.36922  
0.865572  0.663339  3.71597  
0.141563  0.0167492  5.70203  
0.110127  0.718696  4.73898  
0.201766  0.0861618  5.45991  
0.782607  0.0323891  4.4822  
0.159039  0.224617  5.26648  
0.0594227  0.0971926  5.75853  
0.736526  0.0759803  4.68765  
0.625544  0.754387  4.30319  
0.238517  0.12967  5.32534  
0.155787  0.668973  5.02064  
0.238711  0.79139  4.05748  
0.707309  0.858435  3.33624  
0.0385601  0.185918  5.57942  
0.776361  0.862144  2.86464  
0.10407  0.71625  4.77073  
0.867457  0.0575806  4.22307  
0.663725  0.631798  4.92718  
0.0877566  0.843942  4.1648  
0.0976991  0.107703  5.63397  
0.634157  0.872118  3.87309  
0.720334  0.881362  3.25744  
0.723399  0.795522  3.36759  
0.878499  0.772042  2.90335  
0.793012  0.823855  2.82798  
0.1811  0.634082  5.19798  
0.683344  0.800833  3.65019  
0.795742  0.270293  4.03668  
0.829156  0.766573  2.95725  
0.704275  0.0793388  4.91961  
0.241704  0.68324  4.78579  
0.696732  0.146081  4.8196  
0.149661  0.0252308  5.67177  
0.777747  0.859222  2.85624  
0.829527  0.851662  2.65122  
0.0216287  0.115926  5.77195  
0.0527075  0.0494698  5.851  
0.651304  0.155725  5.13344  
0.212502  0.184037  5.23271  
0.0349904  0.231536  5.53531  
0.749189  0.765272  3.34705  
0.00343528  0.204581  5.60326  
0.878499  0.746009  3.06932  
0.276079  0.674244  4.86  
0.876889  0.754207  3.01113  
0.77236  0.0136448  4.56875  
0.858956  0.720413  3.24482  
0.250368  0.138573  5.31683  
0.282836  0.654185  5.01057  
0.668847  0.852945  3.62692  
0.871791  0.768548  2.91588  
0.75194  0.888773  3.09062  
0.824693  0.238245  3.92952  
0.0173367  0.638953  5.50884  
0.722139  0.87315  3.23237  
0.0294854  0.00517529  5.95773  
0.829527  0.795034  2.80336  
0.686428  0.177267  4.96693  
0.753463  0.884447  3.03024  
0.766991  0.229339  4.1918  
0.0847438  0.0658587  5.75111  
0.0262136  0.046138  5.9023  
0.657923  0.756483  4.07794  
0.807067  0.877413  2.73211  
0.72157  0.820372  3.45861  
0.176179  0.0861618  5.49994  
0.231866  0.2315  5.1606  
0.205564  0.836997  3.93003  
0.630065  0.110549  5.38006  
0.704275  0.0836356  4.91046  
0.20992  0.716258  4.55929  
0.122587  0.71373  4.74948  
0.27127  0.116611  5.35872  
0.197732  0.721313  4.53732  
0.122195  0.849534  4.07817  
0.831267  0.695152  3.45923  
0.26031  0.143224  5.29264  
0.662955  0.846368  3.67489  
0.836503  0.666405  3.66606  
0.781789  0.190186  4.15181  
0.787036  0.87315  2.81456  
0.66668  0.124456  5.09566  
0.116079  0.648935  5.24648  
0.0621035  0.201076  5.51786  
0.129328  0.213018  5.34503  
0.781389  0.741835  3.30557  
0.0934681  0.774136  4.4039  
0.847692  0.751734  3.02448  
0.841775  0.848776  2.63131  
0.860305  0.668817  3.64588  
0.179205  0.255689  5.21683  
0.741148  0.704602  3.82933  
0.238711  0.810537  3.9824  
0.165925  0.682033  4.88955  
0.0306602  0.869898  4.27237  
0.0554743  0.0750634  5.79385  
0.00872495  0.684893  5.19098  
0.126918  0.17505  5.40585  
0.018989  0.658314  5.37244  
0.742698  0.0199089  4.86216  
0.232637  0.1742  5.2473  
0.815502  0.695152  3.50188  
0.795754  0.800982  2.89365  
0.0123615  0.0416308  5.92974  
0.747894  0.707238  3.81694  
0.634017  0.266977  5.13552  
0.872886  0.0823124  4.17494  
0.727667  0.845018  3.19382  
0.71646  0.867094  3.27016  
0.727667  0.845466  3.19316  
0.664339  0.0167492  5.33143  
0.811504  0.246792  3.96799  
0.807805  0.814316  2.79258  
0.185079  0.884447  3.96477  
0.646359  0.0273855  5.44269  
0.755031  0.790541  3.16908  
1.48084e-012  0.889443  4.34369  
0.278739  0.192885  5.20438  
0.820841  0.705684  3.40501  
0.0548075  0.864883  4.24398  
0.105562  0.712375  4.7999  
0.642734  0.697599  4.60358  
0.0322481  0.0463405  5.89371  
0.198577  0.199013  5.22627  
0.814251  0.860444  2.71524  
0.162989  0.0236516  5.64577  
0.0275262  0.014389  5.98857  
0.770008  0.0692241  4.48256  
0.214306  0.758583  4.25871  
0.0928659  0.697293  4.94078  
0.65585  0.122164  5.17798  
0.00765876  0.015959  5.98104  
0.776366  0.744312  3.3187  
0.212079  0.653974  5.11154  
0.0755172  0.806933  4.28802  
0.753155  0.821708  3.10616  
0.691456  0.800934  3.58907  
0.0113534  0.737055  4.80312  
0.173979  0.711147  4.65808  
0.831267  0.807426  2.74739  
0.157313  0.691286  4.83648  
0.264575  0.136556  5.30868  
0.0486765  0.00957308  5.92323  
0.878499  0.16463  3.99312  
0.240559  0.817091  3.9506  
0.732143  0.723376  3.75263  
0.0149376  0.729839  4.84413  
0.814289  0.170011  4.04506  
0.710993  0.737055  3.91626  
0.743975  0.818617  3.13281  
0.187526  0.868299  3.93948  
0.834196  0.817577  2.70643  
0.189406  0.141604  5.3466  
0.741148  0.876247  3.09871  
0.0329662  0.219929  5.54555  
0.164989  0.647013  5.14456  
0.265247  0.851662  3.88559  
0.781389  0.812538  2.92008  
0.838548  0.210047  3.92204  
0.714166  0.2443  4.55081  
0.762495  0.164135  4.39743  
0.846803  0.643399  3.81387  
0.689892  0.834252  3.54725  
0.787397  0.0537087  4.41907  
0.801529  0.731629  3.28301  
0.646967  0.876996  3.79322  
0.833238  0.2443  3.90952  
0.17077  0.141944  5.44973  
0.812577  0.153521  4.08767  
0.126119  0.127  5.51199  
0.660797  0.828244  3.72245  
0.77732  0.219386  4.23804  
0.137339  0.21639  5.32355  
0.255154  0.781451  4.10705  
0.123501  0.124817  5.55301  
0.82039  0.207696  3.96692  
0.745281  0.196416  4.56608  
0.254065  0.266918  5.1516  
0.159964  0.761741  4.38919  
0.0645301  0.0555749  5.81723  
0.052438  0.0122358  5.90958  
0.698353  0.870539  3.40943  
0.84676  0.828432  2.67293  
0.831267  0.675255  3.60907  
0.251759  0.111628  5.36737  
0.257935  0.159041  5.25647  
0.695958  0.760334  3.76675  
0.111545  0.801206  4.2263  
0.274725  0.849534  3.89306  
0.0872083  0.68324  5.06003  
0.0638726  0.0917924  5.73908  
0.670158  0.833841  3.65999  
2.10198e-011  0.618353  5.6749  
0.0352407  0.0428873  5.89405  
0.770008  0.825311  2.94731  
0.644125  0.681695  4.71451  
0.257935  0.0644806  5.47343  
0.183242  0.80917  4.03913  
0.14396  0.0652251  5.61378  
0.734913  0.771954  3.41443  
0.701925  0.804062  3.49312  
0.798385  0.1573  4.133  
0.842558  0.230799  3.89871  
0.653528  0.873104  3.74224  
0.128215  0.715251  4.72183  
0.758575  0.872885  2.97817  
0.262117  0.779484  4.11432  
0.82039  0.874794  2.68282  
0.0349904  0.0104898  5.94498  
0.267293  0.0529676  5.49919  
0.111545  0.75216  4.49753  
0.863332  0.0656326  4.20459  
0.690882  0.841133  3.53007  
0.69418  0.687975  4.30288  
0.750823  0.82469  3.11609  
0.690561  0.10827  4.95558  
0.743476  0.196481  4.37949  
0.764468  0.784667  3.13993  
0.253081  0.147113  5.28257  
0.13061  0.174981  5.39706  
0.692695  0.8306  3.54473  
0.184588  0.0408083  5.61808  
0.108209  0.0265484  5.76764  
0.824693  0.656328  3.7612  
0.0669573  0.0537087  5.81496  
0.840358  0.674244  3.59915  
0.762495  0.155725  4.4457  
0.284592  0.219386  5.17833  
0.0996159  0.71073  4.90253  
0.184687  0.090106  5.47957  
0.0987573  0.0323891  5.78165  
0.692695  0.840757  3.52924  
0.697632  0.804708  3.52198  
0.855424  0.67851  3.5542  
0.647888  0.754387  4.19788  
0.0828467  0.185849  5.4904  
0.116079  0.811789  4.18575  
0.798385  0.0996519  4.26684  
0.683344  0.00147884  5.21292  
0.0144827  0.015959  5.96799  
0.250368  0.14039  5.29826  
0.684026  0.849256  3.56245  
0.0808693  0.0323891  5.82181  
0.000199561  0.117916  5.79272  
0.0814016  0.124979  5.62193  
0.279977  0.71625  4.54632  
0.253081  0.102319  5.38789  
0.687126  0.849256  3.49278  
0.769284  0.814316  2.98252  
0.811504  0.250695  3.96767  
0.84676  0.769169  2.92716  
