0.0655238  3.2945  0.0314892  
0.040196  0.0405915  5.93662  
0.0297529  3.57397  1.43199  
0.0358516  3.96977  0.0363542  
2.02566  0.0427249  0.0445769  
0.0346974  0.0648212  6.01512  
0.0402783  3.91367  0.0522261  
0.0416792  3.74373  0.0369954  
0.0540989  0.105242  5.76015  
0.0602703  0.109772  5.31075  
0.0800964  0.0585994  5.87901  
0.0546328  0.634893  4.68543  
0.0997812  0.0559381  5.48889  
0.0932145  0.0573134  5.57763  
0.0520928  3.68036  0.0438271  
0.103204  0.0536167  5.15201  
1.98828  0.0467851  0.0489237  
0.353238  0.0737792  4.14761  
1.69064  0.0963943  0.23918  
0.0361943  0.12389  5.70171  
0.0610612  0.0931086  5.23782  
2.01043  0.0445841  0.0446226  
0.0410635  3.71488  0.0637036  
0.0386656  2.55496  3.12993  
0.0636264  0.065119  5.37377  
0.112488  0.317272  4.61402  
1.4826  0.181018  1.19783  
0.0310412  0.259316  5.04454  
0.0890318  3.05727  0.215394  
1.71523  0.112221  0.054631  
1.96089  0.049253  0.0963429  
0.0344848  0.150306  4.81266  
0.0401251  3.6437  0.510742  
0.0618774  0.130364  5.22044  
0.0620278  3.34444  0.0445487  
0.0566114  3.43098  0.464508  
0.218352  1.44431  2.34331  
0.0555347  0.122594  5.40531  
1.02833  0.556366  0.700279  
0.079131  2.13589  2.13949  
0.0894948  3.095  0.0410369  
0.0508999  0.138486  5.45434  
0.0455353  3.47464  1.55998  
0.0747841  3.14413  0.183092  
1.93732  0.0489906  0.104521  
0.0861271  3.18772  0.171497  
0.308133  0.0855579  4.26395  
1.46024  0.21695  0.541061  
1.07197  0.533049  0.319829  
0.078582  3.24662  0.0399565  
1.54632  0.146416  1.14222  
0.0632831  2.27336  2.20068  
0.0543686  0.0981049  5.63376  
0.173613  2.52228  0.528626  
0.0956767  0.409082  3.9646  
0.61679  1.22117  0.329362  
1.65827  0.0435186  5.72976  
0.0817047  3.21025  0.0386956  
0.138615  0.0699278  5.11028  
1.35815  0.285297  0.534961  
1.87058  0.0522622  0.712259  
0.117906  0.924957  3.38358  
0.121179  0.100387  4.91901  
0.727283  0.0634942  3.92569  
0.215265  0.137765  4.74204  
0.0471315  2.62818  1.76719  
1.28149  0.0539406  3.71671  
0.0990421  3.04001  0.0698768  
0.190181  0.793915  3.45762  
0.439457  1.54051  0.690523  
0.138073  0.29202  4.19523  
0.0424126  1.42458  3.05045  
0.257765  0.678054  2.59274  
0.0920923  3.00994  0.34763  
0.0987642  2.29935  1.26704  
0.272165  1.26529  2.32445  
0.434457  0.267963  3.62073  
0.959395  0.197999  1.85475  
0.0389109  0.0593014  5.96741  
0.131423  0.296115  4.21216  
0.126586  1.78963  1.7331  
1.31672  0.295794  0.620433  
0.119998  0.320439  4.08547  
0.178208  0.814758  3.16215  
1.76018  0.0758914  0.636525  
0.223045  2.36299  0.145995  
0.645201  0.526045  2.00491  
0.378348  0.0844227  3.67715  
0.329272  0.0576803  4.96088  
0.247981  1.40042  1.59482  
1.58203  0.1539  0.0799807  
0.0535467  3.61308  0.0426415  
1.15542  0.442351  0.387111  
1.7949  0.067332  0.415918  
0.322628  1.9172  1.18573  
0.130112  2.70148  1.01723  
0.309448  1.16427  1.969  
0.28702  2.11222  0.132024  
1.7507  0.0825875  0.496393  
0.212073  2.51196  0.0725991  
0.173516  2.59505  0.1489  
0.109867  1.84918  2.25506  
0.0588046  2.3317  2.4109  
0.262172  0.613665  2.74425  
0.146955  0.24328  4.11872  
0.0478768  3.58501  1.2411  
1.04063  0.176647  1.56911  
1.19324  0.37758  1.11913  
0.60831  0.172809  2.45692  
1.00807  0.585456  1.05379  
1.53923  0.164744  0.835424  
0.074606  1.35787  2.77519  
1.80929  0.0513122  3.85511  
0.0981158  0.359414  4.37546  
1.64037  0.119377  0.242262  
1.44741  0.219043  0.1664  
0.146732  0.28043  4.0588  
1.59758  0.141647  0.556089  
1.21914  0.384276  0.0750962  
1.77132  0.0738399  0.173916  
0.0721089  3.26141  0.457275  
0.145362  0.239516  4.76064  
1.89325  0.0410437  2.88258  
1.3446  0.0524548  2.39577  
0.0650495  3.38148  0.0395107  
0.161599  2.57246  1.0701  
1.67179  0.10989  0.401781  
0.697948  1.04876  0.697656  
0.887283  0.708432  1.08325  
1.74254  0.083268  0.476004  
0.0646327  1.81045  2.67135  
0.475996  0.256243  3.09389  
0.846326  0.819739  0.548652  
0.364714  0.0624337  4.52399  
0.971759  0.639024  0.669982  
0.07435  0.464358  3.89597  
0.948468  0.657804  0.667873  
0.625655  1.28479  0.0844982  
0.96779  0.605369  1.16075  
0.252573  0.108937  4.47574  
1.92269  0.0508282  0.151203  
1.97603  0.0493106  0.049925  
1.82545  0.0574182  0.331811  
0.325409  0.0783188  4.56554  
1.83568  0.0682309  0.0965106  
0.342753  0.448345  3.14643  
0.279286  0.568172  3.42695  
0.0507336  3.52671  0.784179  
1.30554  0.0739589  1.45941  
0.0509503  1.78475  2.92715  
1.61648  0.128674  0.171157  
0.308998  1.30466  1.61748  
1.49227  0.182422  0.903507  
0.0983393  2.99856  0.510973  
0.0911497  2.94655  1.03831  
0.541689  0.64999  1.92905  
0.825335  0.878417  0.0659197  
0.120434  1.83581  1.83534  
0.29583  1.9933  1.02805  
1.90639  0.0549624  0.320614  
0.675457  0.454831  1.40033  
0.648568  0.142829  3.49447  
0.0497802  2.48387  1.77535  
1.85867  0.0697211  0.0526796  
1.42013  0.297741  0.118896  
1.51856  0.172124  0.274621  
1.22755  0.0779154  1.51435  
0.202402  1.46852  1.71582  
1.34311  0.065495  2.72576  
0.168013  1.69583  2.1686  
1.25954  0.0775999  1.66474  
1.06049  0.167979  1.64905  
0.389246  1.74375  0.666362  
0.25938  0.105924  4.59408  
0.187898  0.161573  4.4125  
1.65211  0.107289  0.699393  
1.08219  0.175171  1.28016  
0.376512  0.334856  3.58702  
1.2658  0.314491  0.925566  
0.115637  2.91763  0.413504  
0.288229  2.09944  0.264762  
0.128447  2.78876  0.631603  
0.758787  0.370077  1.63068  
1.06002  0.516034  1.22398  
0.702704  1.03738  0.377906  
0.0742543  0.109436  5.00546  
1.50646  0.16107  1.16639  
0.0545364  3.4975  0.0668951  
0.0849731  2.15585  1.64694  
0.116602  2.93096  0.183653  
1.13662  0.107979  1.81949  
0.151122  0.915038  3.22807  
0.169853  0.231719  3.85581  
1.11695  0.479282  1.23845  
0.106889  1.90806  1.86593  
0.979723  0.19603  1.78486  
1.2367  0.349838  1.17945  
0.365915  1.82361  0.035838  
0.101056  1.07969  3.24961  
0.392529  0.3321  3.33501  
0.503325  0.745917  2.07425  
0.368836  0.396869  2.80091  
1.93388  0.0477706  0.825232  
0.0754617  1.18444  3.31237  
1.78278  0.0670052  1.21032  
0.0374911  0.0604682  6.00265  
0.182597  2.4655  0.947247  
0.592894  1.25448  0.893664  
0.912747  0.27591  1.47042  
1.12863  0.476207  0.593341  
0.722761  0.0959572  2.99859  
0.215684  2.33529  0.609296  
0.0908663  2.03631  2.22567  
0.0447254  2.63338  2.05035  
0.264831  2.17718  0.236768  
0.46122  1.59311  0.159278  
0.0667547  0.610387  4.3429  
0.781847  0.956918  0.17704  
0.269641  2.13377  0.288418  
0.30752  1.63522  1.35311  
0.0759415  0.123893  4.83526  
0.130983  2.73515  0.935084  
1.81751  0.0645053  0.832369  
0.0866532  2.16511  1.61175  
1.62351  0.139972  0.0545695  
0.427475  0.908168  1.52836  
0.328342  2.05764  0.0708318  
0.125282  2.80127  0.813265  
1.12224  0.139322  1.80632  
0.0347674  0.127021  5.5945  
0.91783  0.233481  2.11624  
0.149859  2.68483  0.259632  
1.1072  0.514706  0.34775  
0.444898  1.58487  0.519667  
0.459203  1.53049  0.586149  
0.349247  1.09435  2.02761  
0.292359  1.20414  2.30783  
1.01557  0.5997  0.198995  
1.49858  0.169362  0.797668  
0.114086  1.98251  1.53323  
0.833859  0.830945  0.147767  
0.579616  0.53727  2.21905  
0.361545  1.0642  1.67571  
1.1904  0.135038  1.74392  
0.107962  2.97607  0.0675272  
1.32179  0.346055  0.108296  
0.113272  2.85506  0.869507  
0.660367  0.591947  1.38639  
1.72739  0.0811671  1.07771  
1.52848  0.189774  0.264396  
0.640816  1.1615  0.148231  
0.08195  1.27388  2.84768  
0.255243  2.24603  0.103352  
0.0710108  1.14625  3.58309  
0.164136  0.851789  2.69762  
1.32983  0.329597  0.0578331  
0.425057  0.322028  3.53369  
1.36585  0.245009  1.01345  
0.464825  1.55505  0.573483  
0.0358987  0.0970311  5.91285  
1.60489  0.111194  1.24134  
0.0643886  2.20948  1.9517  
0.0916142  1.18693  2.73194  
1.8038  0.0668494  0.312815  
1.20714  0.124617  1.4422  
1.88365  0.0422133  3.21578  
0.520268  0.210697  3.50832  
0.401343  0.959992  1.94981  
1.68248  0.108813  0.192685  
0.598092  0.51477  2.18719  
0.11215  0.0886277  4.98317  
1.48375  0.0500897  3.97096  
0.864919  0.824816  0.238604  
0.129589  2.74946  0.521939  
0.339572  1.93019  0.0390889  
0.31702  1.24242  1.28291  
1.91545  0.0539864  0.0486259  
0.89472  0.754215  0.135328  
0.276125  2.08572  0.391609  
0.104629  1.89896  2.37701  
0.505682  0.716498  1.94044  
0.303624  2.06473  0.0909997  
0.153903  2.67342  0.229932  
1.84463  0.0740204  0.0532737  
0.253871  0.573822  3.01609  
0.590871  0.62134  1.89037  
0.143954  0.89602  3.28998  
0.588195  0.153299  3.44179  
0.631399  1.20933  0.831816  
1.43627  0.0768934  1.26885  
1.33635  0.112952  1.33671  
0.240598  2.23163  0.35836  
0.154766  0.252928  3.90331  
1.43535  0.0624276  1.9888  
0.566096  1.33123  0.204536  
0.689924  1.11647  0.168014  
0.0651459  3.32299  0.154409  
0.454115  1.67842  0.189892  
1.38796  0.266762  0.541187  
0.132192  1.75817  2.17358  
0.193062  1.60902  1.41705  
1.40836  0.253639  0.118897  
0.736927  0.944605  0.823436  
0.226216  0.16007  4.00913  
0.221221  2.38125  0.341462  
0.105021  2.88104  1.09379  
0.041342  3.62696  0.059828  
1.39631  0.223115  1.20604  
1.96869  0.0504354  0.0508805  
2.02054  0.0412482  0.135259  
0.369923  0.981139  2.23485  
0.214601  2.26696  0.971326  
1.57042  0.157046  0.932911  
1.09244  0.54909  0.165215  
0.0591452  3.5142  0.0423809  
1.73397  0.10244  0.0523371  
1.10141  0.539736  0.130738  
0.462294  1.50459  1.04987  
0.232421  0.759657  2.97516  
0.448058  1.57491  0.628642  
0.195995  0.774861  2.69923  
0.407684  1.66731  0.502745  
0.602184  1.24782  0.2964  
0.0631121  3.32332  0.48351  
0.120346  1.95916  1.24357  
0.925585  0.701767  0.220502  
1.1665  0.152375  1.5233  
0.413267  1.61777  0.446125  
0.236275  0.724752  2.94331  
0.0771703  0.0794021  5.0364  
0.934596  0.281905  1.31094  
0.62494  1.16164  1.06076  
0.0733867  2.25581  1.43107  
0.123935  2.82482  0.771252  
0.232595  0.74057  2.51412  
1.25035  0.343521  0.529493  
0.941887  0.666323  0.789689  
0.79922  0.846583  0.977963  
1.65877  0.114726  0.0416089  
0.152023  1.86066  1.25512  
0.556804  0.186412  3.24032  
0.0571242  1.37147  3.46765  
0.267703  1.45929  1.4232  
0.78983  0.889918  0.336642  
0.171899  2.48192  0.842675  
0.122492  0.318202  4.03439  
0.688744  1.1326  0.440259  
0.208035  2.38784  0.89833  
0.344586  0.0745046  4.42315  
0.527718  0.832607  1.30281  
0.669916  1.14331  0.445099  
0.185737  1.68989  1.91822  
0.243423  1.35085  1.75954  
0.413415  0.929527  1.88288  
1.72116  0.0891219  0.199401  
1.39921  0.241354  0.577461  
1.24398  0.331046  0.815405  
0.404576  1.01977  1.32416  
0.0459118  2.83736  1.24486  
0.296418  1.22882  2.08488  
0.513963  1.48195  0.337517  
0.986365  0.5798  1.2175  
1.2801  0.374692  0.116178  
1.0013  0.62658  0.0624119  
0.297527  2.08385  0.431149  
1.25539  0.394125  0.0717635  
1.18349  0.429414  0.433354  
0.359362  0.468137  3.03239  
0.283042  2.19377  0.121314  
0.179325  2.587  0.0441335  
1.29093  0.314188  0.855917  
0.0597453  3.40091  0.0963436  
1.29741  0.35512  0.0673426  
0.124965  2.77225  0.855036  
0.99713  0.205013  1.68257  
0.124282  2.86906  0.306054  
0.880831  0.269444  2.27727  
0.786506  0.43698  1.36555  
0.115289  2.81526  0.77176  
0.467514  1.50803  0.610184  
0.611083  0.146389  3.03558  
0.517293  1.38962  0.647927  
1.26974  0.103389  1.48289  
0.712256  1.00462  1.0885  
0.0464718  2.64269  1.75076  
0.0758359  0.438335  4.49687  
0.136322  2.72492  1.0053  
0.665485  0.489343  2.10416  
0.134598  0.332708  3.80078  
0.973527  0.192622  1.797  
0.274116  0.547392  3.55764  
1.51112  0.204119  0.473225  
0.384093  1.75174  0.668225  
0.373078  0.071616  4.45328  
1.85177  0.073435  0.0613353  
0.20951  1.56094  1.40782  
0.0549741  3.54491  0.044442  
0.533918  0.669765  1.52189  
0.0711684  0.111303  5.1189  
0.742624  0.418975  2.02928  
0.753693  1.01633  0.109862  
0.49788  0.766315  2.03895  
1.30297  0.325861  0.57257  
1.23516  0.0547175  3.72914  
1.02032  0.138979  2.36384  
0.242425  1.47145  1.69867  
0.0437389  0.118392  5.62341  
0.813005  0.84319  0.992741  
1.40628  0.234565  0.518171  
0.208457  2.32221  0.650781  
0.56236  0.742795  1.31014  
0.584682  0.729157  1.44561  
0.140055  1.80839  1.44306  
0.397266  0.45841  2.61683  
0.22971  0.781668  2.6447  
1.05197  0.596764  0.216795  
0.394983  1.6971  0.420075  
0.205994  2.45331  0.294926  
1.89645  0.0574485  0.0469369  
0.98428  0.664559  0.399185  
1.27303  0.330827  0.606017  
0.247496  1.45282  1.70932  
0.125518  2.89616  0.202272  
0.571815  0.16514  3.35482  
0.147868  2.71819  0.0384368  
1.28808  0.0547654  3.51037  
0.34599  0.489001  2.5706  
0.0752296  3.27891  0.0888763  
0.437974  0.902257  2.0187  
0.141958  0.265348  4.3239  
0.436391  1.72536  0.0608289  
0.299706  1.95452  0.716227  
0.707689  1.02408  0.803583  
0.32849  0.077068  3.98472  
0.295814  0.102006  3.82389  
0.305772  0.537429  3.19783  
1.08677  0.152556  1.25175  
0.0570049  1.37686  3.52217  
0.254734  2.1887  0.744193  
0.42396  1.64258  0.418373  
0.122033  0.302377  4.75734  
0.937942  0.227173  1.63627  
0.747468  0.510673  1.32681  
0.193871  0.161115  4.28538  
0.179156  0.687826  3.6344  
0.24535  0.135509  4.51777  
0.48063  0.0557911  4.30115  
0.900254  0.262665  1.54133  
0.22836  2.41824  0.0740961  
0.0852559  1.10389  3.05495  
0.17885  0.18606  4.36546  
0.0828889  3.19532  0.0974574  
1.0236  0.583146  0.284609  
0.165145  1.7076  1.55012  
1.5621  0.0448085  4.87301  
1.14767  0.452818  0.490126  
0.0772002  2.31495  1.33879  
0.853544  0.404115  1.29029  
0.954651  0.682694  0.266707  
0.106949  1.89833  1.99665  
0.875083  0.752887  0.44425  
0.115902  2.8642  0.560715  
0.472233  1.65571  0.126675  
1.87919  0.0621552  0.0480373  
0.795673  0.0718745  2.86018  
0.766173  0.990987  0.248223  
0.11219  2.90316  0.750082  
0.3153  1.34039  1.58407  
0.64979  0.439102  2.27064  
0.225907  2.37011  0.0790123  
0.237346  0.209941  3.77728  
0.537649  0.752542  1.35413  
0.397468  1.7654  0.0917134  
0.680799  1.17689  0.0822493  
0.490278  0.77749  1.70379  
0.606984  0.168923  3.3514  
0.120023  1.13613  2.7842  
1.05366  0.567229  0.220927  
0.33836  1.00885  2.3128  
0.729349  1.06325  0.122068  
0.810791  0.873305  0.429457  
0.493309  1.49383  0.196156  
0.10534  2.03276  1.50246  
1.52577  0.202825  0.0620513  
0.841159  0.869052  0.0577403  
0.143702  0.0619652  4.89166  
1.55527  0.171162  0.170543  
0.390242  1.77466  0.065356  
0.280571  0.563894  3.06689  
0.0588901  3.42379  0.758642  
0.292178  2.22451  0.0736231  
0.550478  1.32251  0.934403  
0.628843  1.23485  0.053531  
1.45538  0.0545351  1.49165  
0.772717  0.353796  1.77927  
0.883816  0.72163  0.95166  
0.481568  0.268433  2.98344  
0.517137  0.238631  3.07166  
0.190004  2.40976  0.775806  
0.16053  1.0886  2.50019  
0.241984  1.41061  1.7563  
0.334404  1.8707  0.537938  
1.11359  0.491968  0.537617  
0.263655  2.16227  0.879076  
0.420302  0.344154  3.17263  
0.0743665  3.12909  1.00726  
0.0610047  3.41237  0.042741  
0.197105  0.256185  3.76688  
0.749064  0.344084  2.394  
0.507702  0.310429  2.49757  
0.990372  0.607942  1.14862  
0.0575794  3.55369  0.0425849  
1.78048  0.0990644  0.0598892  
1.37454  0.325258  0.0866115  
0.0681273  3.2853  0.387391  
0.0379018  2.95506  3.38093  
0.106807  1.8785  2.12093  
0.485464  1.51971  0.0519779  
0.911562  0.78807  0.0700588  
0.0408979  0.0515644  5.88882  
0.111869  1.12093  2.94976  
0.0572827  3.47803  0.131659  
0.902676  0.735047  0.191788  
0.100935  1.30984  2.63168  
1.67506  0.113344  0.168654  
0.543002  0.249636  2.85712  
1.22212  0.38208  0.0757111  
1.63292  0.106386  0.750962  
0.0700171  2.56328  1.26868  
0.451102  1.56942  0.367118  
1.19836  0.401213  0.64223  
0.422207  0.336063  2.81903  
0.145135  1.88483  1.4226  
0.869644  0.780154  0.194685  
0.40804  0.420275  2.52381  
0.303361  2.01059  0.26986  
0.421879  1.70912  0.0768645  
0.0666818  2.20536  2.29677  
1.38329  0.312601  0.358781  
0.530246  1.38266  0.907135  
1.42925  0.229295  0.737107  
0.07127  0.666548  3.75132  
0.0743189  3.13285  0.965789  
0.577572  0.287043  2.57454  
0.797938  0.110501  2.54915  
0.73098  0.985  0.319477  
0.852017  0.122555  2.53429  
0.820422  0.339875  2.04672  
0.194341  2.40054  0.796494  
0.68397  1.03524  0.909816  
0.680447  1.08436  0.489334  
0.0612508  3.38494  0.174855  
0.136828  2.84774  0.256742  
0.139218  0.428044  3.66658  
0.0430413  2.66487  1.568  
1.45667  0.212535  0.722001  
1.09586  0.569308  0.127206  
0.358732  1.87536  0.451046  
0.0814251  3.11126  0.190491  
1.04464  0.582972  0.313155  
0.138211  1.9413  1.43494  
0.050664  3.56686  0.336945  
0.791453  0.937362  0.252303  
0.655282  0.545567  1.54619  
0.557044  1.40849  0.0687511  
0.742282  0.971438  0.33989  
0.385101  1.08036  1.26039  
0.549367  0.174801  3.2832  
1.63478  0.116615  0.597585  
0.176713  0.998251  2.47623  
0.793327  0.362451  1.331  
0.128543  2.75946  0.99195  
1.60058  0.131436  0.450703  
0.469876  0.0615758  4.31511  
0.459503  1.51691  0.958696  
1.13103  0.493606  0.132682  
0.323687  2.00849  0.0969657  
1.56336  0.136841  1.07902  
0.281397  0.572074  2.96267  
0.0749151  1.34001  2.90666  
0.546881  0.287831  2.83177  
0.14891  0.224518  4.56962  
0.756007  1.04787  0.0940651  
0.85919  0.0726716  2.63229  
1.14213  0.103778  1.8143  
0.0627893  2.43004  2.1102  
0.186227  2.43348  0.886072  
0.539697  0.222934  2.90855  
0.314315  1.94525  0.0985125  
0.700728  0.402116  2.35879  
0.414239  0.0725834  4.02261  
0.929371  0.667789  1.09297  
0.0473551  2.48377  1.89891  
0.600206  0.613513  1.83853  
0.636038  0.702562  1.41622  
0.0908564  0.395413  4.44786  
1.55735  0.137968  1.15381  
0.212172  0.728423  3.26805  
0.208794  0.688555  3.37649  
0.389785  1.7334  0.933964  
