1.40004e-011  1.17312e-009  6.01793  
0.596839  1.04343e-011  5.76916  
0.818164  0.887979  2.71533  
0.893603  0.679169  3.59456  
0.860484  0.856961  2.61446  
0.673531  0.287266  4.88749  
0.0816964  0.62304  5.48781  
0.291817  0.71599  4.56033  
0.57608  1.04343e-011  5.90475  
0.62177  1.04343e-011  5.65021  
0.879352  0.118853  4.15455  
0.640642  0.270577  5.09431  
0.576279  1.04343e-011  5.85834  
0.706304  0.282109  4.6365  
0.124726  0.683261  4.97109  
0.807096  0.233012  4.02988  
0.258299  0.682546  4.79019  
0.652849  0.844156  3.78974  
0.801783  0.834365  2.76513  
0.628958  0.723665  4.52845  
0.00896522  0.147329  5.70343  
0.738911  0.821875  3.17069  
0.266208  0.164781  5.24761  
0.760488  0.0213432  4.62595  
0.719525  0.776308  3.54009  
0.704944  0.191591  4.6745  
0.219117  0.123785  5.35248  
0.633108  0.094604  5.39605  
0.269416  0.766777  4.19066  
0.275456  0.124874  5.34229  
0.835483  0.644665  3.8193  
0.841274  0.818168  2.69219  
0.830471  0.0494702  4.26948  
0.695473  0.886102  3.4534  
0.784857  0.807831  2.91881  
0.855784  0.696912  3.41513  
0.873491  0.169665  3.97624  
0.681821  0.772489  3.80183  
0.166957  0.668636  5.1057  
0.0762124  0.702531  4.99673  
0.671784  0.674383  4.65503  
0.15156  0.165203  5.37019  
0.849864  0.238791  3.88727  
0.284701  0.727082  4.47424  
0.728814  0.856167  3.17617  
0.692456  0.226543  4.72327  
0.0532049  0.037271  5.90074  
0.684831  0.845974  3.51301  
0.789766  0.0803134  4.35254  
0.734939  0.844925  3.13984  
0.853055  0.692969  3.44639  
0.288683  0.739339  4.38665  
0.844289  0.815561  2.69664  
0.803881  0.162595  4.09833  
0.8216  0.867663  2.67192  
0.787742  0.732732  3.33651  
0.737347  0.0344843  4.7648  
0.21142  0.640698  5.13558  
0.665953  0.220207  4.93778  
0.087404  0.880722  4.17432  
0.134287  0.251777  5.31132  
0.864415  0.771673  2.89384  
0.849125  0.654076  3.75039  
0.800904  0.276409  4.03548  
0.280383  0.0164263  5.56848  
0.647039  0.733536  4.30823  
0.856827  0.127582  4.06163  
0.042642  0.865165  4.26417  
0.112118  0.735821  4.60879  
0.16824  0.689925  4.83361  
0.0065679  0.0344818  5.94901  
0.0142003  0.00259389  5.9822  
0.867575  0.701174  3.3854  
0.158329  0.184556  5.32449  
0.82753  0.781439  2.87583  
0.0308793  0.0322351  5.91943  
0.848655  0.759871  2.97397  
0.244692  0.102435  5.38907  
0.653911  0.195688  5.04257  
0.838284  0.187039  3.97524  
0.709384  0.762145  3.65414  
0.189398  0.663312  5.0049  
0.0675207  0.627595  5.49122  
0.817869  0.80627  2.78664  
0.133015  0.708306  4.76199  
0.196651  0.00345004  5.61166  
0.262095  0.114906  5.35909  
0.143829  0.00560458  5.7151  
0.81437  0.763884  3.06016  
0.0473379  0.695011  5.07019  
0.0345337  0.0995034  5.7805  
0.847545  0.0397654  4.25883  
0.0112525  0.810672  4.42062  
0.766783  0.746963  3.3528  
0.769437  0.826128  2.94676  
0.249208  0.157844  5.26485  
0.162298  0.6777  5.01314  
0.781906  0.0581091  4.4393  
0.200744  0.730333  4.46658  
0.0750738  0.117232  5.67426  
0.00137954  1.17312e-009  6.00132  
0.0815226  0.141144  5.58578  
0.780692  0.879263  2.86269  
0.721157  0.761945  3.60887  
0.781677  0.870102  2.84633  
0.834883  0.853703  2.63992  
0.75331  0.804824  3.18987  
0.183345  0.00100939  5.7541  
0.677612  0.666701  4.58636  
0.648197  0.65515  4.88029  
0.247415  0.212478  5.16871  
0.823806  0.725546  3.24874  
0.741595  0.202642  4.38431  
0.26926  0.783686  4.11546  
0.683862  0.776192  3.76815  
0.7161  0.18184  4.60055  
0.0333707  0.788928  4.44707  
0.81673  0.647484  3.84563  
0.774803  0.775764  3.12679  
0.769964  0.696912  3.70126  
0.236308  0.108909  5.37582  
0.755544  0.870767  2.99627  
0.827532  0.684169  3.55442  
0.0960148  0.0615203  5.79805  
0.119128  0.141144  5.49748  
0.777131  0.712096  3.55534  
0.203869  0.722151  4.53601  
0.225819  0.0174562  5.56287  
0.746856  0.00652775  4.73583  
0.253201  0.688357  4.80017  
0.0987406  0.0961132  5.66264  
0.193896  0.143469  5.33631  
0.765628  0.757746  3.36784  
0.766783  0.752361  3.31722  
0.139544  0.631142  5.30264  
0.734365  0.0515072  4.7571  
0.0672639  0.0096129  5.88578  
0.868678  0.680613  3.56855  
0.689433  0.751795  3.87163  
0.0388794  0.811631  4.34787  
0.229003  0.0275857  5.54824  
0.116706  0.6777  5.11689  
0.0245599  0.0322351  5.93099  
0.122881  0.854612  4.07323  
0.863423  0.802871  2.73628  
0.74217  0.872815  3.08818  
0.212892  0.824287  3.95283  
0.17695  0.763505  4.34132  
0.714693  0.251002  4.54663  
0.860601  0.827931  2.65343  
0.85891  0.785928  2.81261  
0.864618  0.133384  4.05049  
0.789766  0.103216  4.2993  
0.171703  0.689925  4.81943  
0.655232  0.860462  3.72336  
0.658437  0.875842  3.71423  
0.833819  0.24677  3.90727  
0.699578  0.0112064  5.08052  
0.239345  0.762145  4.21654  
0.719616  0.83063  3.30883  
0.217916  0.793283  4.12765  
0.75331  0.808556  3.10721  
0.763775  0.825247  2.98749  
0.175581  0.124874  5.4097  
0.796382  0.717151  3.50033  
0.155737  0.256917  5.26398  
0.870142  0.720964  3.23773  
0.113923  0.649969  5.23793  
0.0286809  0.641288  5.4752  
0.14206  0.104516  5.52947  
0.249208  0.154132  5.27288  
0.0937663  0.0615203  5.80804  
0.226649  0.0200868  5.56004  
0.720572  0.253046  4.521  
0.693364  0.788928  3.62543  
0.0065679  0.243208  5.57151  
0.83611  0.718513  3.27393  
0.723688  0.209191  4.50444  
0.183483  0.0663611  5.53532  
0.689565  0.860442  3.47637  
0.0952808  0.651805  5.27942  
0.665279  0.227552  4.92905  
0.733331  0.830608  3.20829  
0.716616  0.690201  4.11851  
0.101781  0.190676  5.43906  
0.646352  0.659983  4.86027  
0.82308  0.6751  3.66311  
0.696493  0.672203  4.40322  
0.810536  0.12496  4.15952  
0.742963  0.0467269  4.70288  
0.0646351  0.150162  5.60008  
0.707205  0.241783  4.6043  
0.877759  0.66264  3.68628  
0.155737  0.8721  4.00952  
0.0671051  0.629356  5.48117  
0.62177  0.760952  4.29961  
0.807848  0.814197  2.79539  
0.0184201  0.00764996  5.9709  
0.772628  0.262973  4.23892  
0.801218  0.841178  2.75631  
0.695473  0.230079  4.69821  
0.764845  0.798655  3.07209  
0.797049  0.815438  2.83397  
0.862502  0.778896  2.93105  
0.738402  0.764314  3.42795  
0.0913631  0.0885482  5.69147  
0.644907  0.257361  5.06083  
0.818938  0.689936  3.57397  
0.699122  0.0423923  5.03633  
0.0361633  0.715397  4.91959  
0.81437  0.015238  4.37301  
0.788709  0.246981  4.08266  
0.226623  0.195961  5.19818  
0.706304  0.0832354  4.89598  
0.835483  0.706855  3.42777  
0.823106  0.859716  2.66514  
0.808975  0.179707  4.04644  
0.149023  0.867663  4.03349  
0.100411  0.0961132  5.64744  
0.207297  0.684169  4.80879  
0.0841127  0.201156  5.50392  
0.714387  0.813531  3.37572  
0.0287946  0.00100939  5.96608  
0.854912  0.870767  2.62101  
0.185102  0.172541  5.29959  
0.784898  0.111885  4.30397  
0.0602328  0.08852  5.75961  
0.696706  0.787  3.67798  
0.17695  0.63734  5.18411  
0.833662  0.276198  3.91619  
0.252601  0.736392  4.39664  
0.25518  0.265442  5.14984  
0.660396  0.179978  5.02242  
0.668578  0.227552  4.90515  
0.114444  0.0734764  5.68222  
0.82308  0.761794  3.03326  
0.0708182  0.707594  4.91199  
0.262083  0.792253  4.05195  
0.212892  0.887018  3.93478  
0.867575  0.717268  3.26396  
0.0223354  0.0995034  5.79727  
0.776638  0.17754  4.20804  
0.723688  0.844925  3.22152  
0.0762538  0.103067  5.72712  
0.82753  0.758393  3.0117  
0.0149941  0.708398  5.0037  
0.675491  0.840891  3.5899  
0.684677  0.862496  3.51175  
0.677612  0.790908  3.73372  
0.856827  0.801025  2.74324  
0.179511  0.137128  5.37377  
0.0855987  0.201156  5.46769  
0.145981  0.0558854  5.62726  
0.803444  0.657288  3.85769  
0.757798  0.105735  4.49249  
0.800904  0.659746  3.83643  
0.872177  0.0929469  4.17061  
0.680833  0.0135361  5.21714  
0.832041  0.724831  3.23415  
0.7257  0.678025  4.18883  
0.703736  0.749486  3.91565  
0.18796  1.35639e-011  5.63305  
0.74982  0.770807  3.31034  
0.780677  0.804519  3.02234  
0.0832904  0.670878  5.16191  
0.702735  0.74399  3.96052  
0.70554  0.848124  3.36082  
0.200303  0.631142  5.18636  
0.181396  0.0663611  5.54254  
0.23634  0.213793  5.17984  
0.0645812  0.12496  5.6624  
0.830471  0.737265  3.21284  
0.154781  0.125105  5.45186  
0.0597678  0.634697  5.46239  
0.023696  0.811631  4.37229  
0.186458  0.113781  5.41754  
0.658877  0.161272  5.07086  
0.660396  0.161272  5.05859  
0.092088  0.037271  5.81715  
0.25518  0.659929  4.95567  
0.233521  0.778635  4.20458  
0.807859  0.261026  3.98265  
0.761531  0.105735  4.4686  
0.801591  0.733299  3.28614  
0.161698  0.00422709  5.84792  
0.214016  0.684169  4.80098  
0.74982  0.791472  3.19976  
0.18649  0.218665  5.22861  
0.696595  0.226543  4.69204  
0.0263086  0.0692703  5.85669  
0.742963  0.838838  3.09294  
0.0575451  0.067602  5.84827  
0.0597678  0.155162  5.59929  
0.104253  0.252195  5.38262  
0.720572  0.257483  4.50339  
0.0721897  0.0467153  5.81867  
0.827525  0.758381  3.03151  
0.0323346  0.0788049  5.82628  
0.683862  0.802813  3.63787  
0.0537792  0.126944  5.67732  
