6.4597e-012  3.31875e-007  6.00071  
0.880493  0.704482  3.4064  
0.850739  0.884355  2.64264  
0.86065  0.860096  2.6144  
0.861728  1.7451e-014  4.32436  
4.21428e-011  1.13172e-007  6.05037  
0.747805  0.292  4.33321  
0.689258  0.629071  4.75592  
0.309521  0.0199402  5.59979  
0.630791  0.816682  3.95663  
0.291114  0.124844  5.35714  
0.0587233  0.252994  5.48608  
0.821212  0.815076  2.75083  
0.83051  0.656217  3.75288  
0.108803  0.676268  5.06313  
0.729052  0.285603  4.45741  
0.852985  0.672765  3.62921  
0.873888  0.196636  3.93382  
0.240614  0.854801  3.88354  
0.880327  0.733491  3.16676  
0.112756  0.112423  5.66163  
0.0566586  0.0808402  5.77994  
0.0752636  0.0721194  5.75897  
0.0339258  0.0596024  5.86659  
0.194772  0.693833  4.7508  
0.826343  0.753168  3.05607  
0.869969  0.75029  3.03035  
0.26964  0.203291  5.18539  
0.856718  0.641519  3.82525  
0.170178  0.27115  5.24051  
0.0868245  0.213332  5.44412  
0.0117961  1.13172e-007  6.03727  
0.798343  0.874473  2.76343  
0.711736  0.281988  4.58278  
0.223039  0.14422  5.30124  
0.770501  0.768812  3.19109  
0.253534  0.028485  5.53898  
0.698311  0.785329  3.60645  
0.7624  0.798933  3.08402  
0.706704  0.108811  4.83286  
0.806171  0.855889  2.72404  
0.0822784  0.0344081  5.84043  
0.0392909  0.163157  5.62396  
0.739083  0.63978  4.35346  
0.80981  0.746589  3.14421  
0.0255179  0.804736  4.44124  
0.0414912  0.151689  5.64239  
0.227708  0.692196  4.72456  
0.657435  0.865002  3.73979  
0.155429  0.799223  4.18447  
0.00860103  0.0597909  5.90142  
0.136496  0.0359448  5.74248  
0.280734  0.720644  4.51778  
0.21626  0.0824121  5.45584  
0.243257  0.634929  5.12877  
0.0320924  0.754649  4.65106  
0.284405  0.229384  5.17197  
0.838341  0.663452  3.68478  
0.247487  0.808068  3.98157  
0.0963078  0.818444  4.2171  
0.178247  0.0793786  5.51297  
0.691397  0.13709  4.88428  
0.0902271  0.0922328  5.68655  
0.657435  0.0428662  5.37208  
0.801216  0.216312  4.02527  
0.756289  0.802248  3.10866  
0.643874  0.0509763  5.42117  
0.0173797  0.651192  5.42415  
0.289054  0.643219  5.09311  
0.0257787  0.0956808  5.79906  
0.679775  0.278199  4.82172  
0.720334  0.873491  3.27628  
0.210389  0.842701  3.9225  
0.81695  0.0624787  4.28761  
0.863723  0.662771  3.6705  
0.0436026  0.00759505  5.93157  
0.774139  0.00317714  4.61617  
0.795497  0.804662  2.87948  
0.234913  0.206924  5.17888  
0.791079  0.764943  3.44337  
0.651369  0.266435  5.0203  
0.0201225  0.0762914  5.85243  
0.65983  0.221929  4.96989  
0.179256  0.121314  5.46762  
0.848635  0.832933  2.65889  
0.0477673  0.220975  5.55721  
0.170953  0.659956  5.04353  
0.0715323  0.0473448  5.82152  
0.707937  0.707493  4.05167  
0.672462  0.658404  4.69526  
0.00365521  0.0371989  5.94723  
0.126897  0.644542  5.25291  
0.703078  0.785329  3.57033  
0.208071  0.786603  4.10765  
0.271349  0.846214  3.89524  
0.732068  0.684933  4.14685  
0.826974  0.824337  2.70258  
0.854989  0.881112  2.63454  
0.159163  0.738889  4.47917  
0.794587  0.0864196  4.31499  
0.788726  0.101302  4.30914  
0.727304  0.799223  3.37376  
0.835644  0.764012  2.95997  
0.160938  0.682588  4.90302  
0.195096  0.276082  5.19985  
0.0147229  0.642303  5.53448  
0.768491  0.850745  2.9156  
0.151605  0.723747  4.73031  
0.822924  0.766782  3.01806  
0.87068  0.649566  3.78135  
0.230928  0.130148  5.32721  
0.10369  0.698511  4.92465  
0.787809  0.788867  3.00146  
0.759582  0.8533  2.96909  
0.809906  0.741385  3.24559  
0.0566493  0.0657342  5.81308  
0.26612  0.776994  4.13058  
0.164178  0.0545248  5.59114  
0.273406  0.137517  5.31234  
0.833334  0.743497  3.10001  
0.873265  0.649566  3.77019  
0.264259  0.708217  4.59837  
0.132052  0.79499  4.20636  
0.0512981  0.0318124  5.88578  
0.765181  0.777939  3.17555  
0.838378  0.720644  3.25616  
0.767306  0.724471  3.55653  
0.126476  0.677483  5.01026  
0.782828  0.668099  3.84595  
0.68888  0.758283  3.83655  
0.653866  0.0146349  5.409  
0.136496  0.774915  4.34305  
0.167667  0.165745  5.33406  
0.736171  0.134722  4.55377  
0.0278414  0.724103  4.86869  
0.795497  0.809289  2.8617  
0.247092  0.694955  4.702  
0.721541  0.259347  4.49735  
0.719795  0.782217  3.45972  
0.120644  0.225834  5.35561  
0.78966  0.878428  2.81508  
0.674707  0.697724  4.41718  
0.176462  0.823464  4.09089  
0.0168515  0.141398  5.70267  
0.82587  0.800827  2.78772  
0.103048  0.695922  4.98869  
0.0676262  0.688097  5.08403  
0.00686119  0.017312  5.97279  
0.196914  0.879536  3.94074  
0.763239  0.870212  2.94695  
0.681356  0.208116  4.8541  
0.74124  0.661748  4.1516  
0.858415  0.148973  4.01162  
0.773224  0.0327309  4.53372  
0.204565  0.222811  5.19118  
0.17355  0.157197  5.39489  
0.867388  0.188133  3.93804  
0.724543  0.203291  4.5069  
0.284405  0.188804  5.21733  
0.765994  0.850745  2.93065  
0.187185  0.70919  4.65417  
0.686533  0.87736  3.50733  
0.0686111  0.749807  4.63717  
0.783549  0.867512  2.8283  
0.736602  0.790306  3.30349  
0.731039  0.738889  3.64918  
0.716681  0.821791  3.32006  
0.749856  0.16265  4.48906  
0.723091  0.768518  3.52045  
0.0520554  0.0973314  5.75005  
0.704452  0.817707  3.4247  
0.118836  0.836606  4.11456  
0.00237453  0.0402264  5.97063  
0.668851  0.183735  4.95645  
0.640991  0.190783  5.14109  
0.678721  0.107702  5.28382  
0.713532  0.263719  4.55734  
0.000169755  0.0230948  5.98424  
0.80981  0.233621  3.97979  
0.227708  0.698026  4.68081  
0.155078  0.76133  4.38348  
0.744136  0.253589  4.33377  
0.000828106  0.247051  5.61671  
0.113373  0.0441399  5.72607  
0.1429  0.0189509  5.69619  
0.132476  0.124926  5.5036  
0.727109  0.844137  3.21097  
0.144996  0.256867  5.28748  
0.854192  0.679983  3.54429  
0.704452  0.734391  3.90732  
0.74124  0.828628  3.12629  
0.825143  0.801552  2.78531  
0.213784  0.14422  5.30955  
0.814766  0.795301  2.84365  
0.20003  0.730468  4.46688  
0.760663  0.834713  2.98253  
0.237878  0.114266  5.36166  
0.73444  0.789316  3.32377  
0.727064  0.669209  4.19756  
0.779767  0.722599  3.45536  
0.836166  0.817424  2.70493  
0.7423  0.799223  3.21653  
0.825218  0.234464  3.93217  
0.646459  0.637223  5.02993  
0.0563049  0.751806  4.66449  
0.726011  0.664812  4.2476  
0.667212  0.141865  5.11908  
0.817137  0.242545  3.95059  
0.00365521  0.0496367  5.92574  
0.772109  0.83905  2.9046  
0.75923  0.027032  4.62725  
0.698388  0.269988  4.72922  
0.208071  0.184408  5.25943  
0.013857  0.239217  5.56226  
0.259822  0.206924  5.17676  
0.0477673  0.765471  4.59103  
0.66512  0.86622  3.65936  
0.116845  0.689583  4.94227  
0.754784  0.180102  4.34547  
0.789943  0.669209  3.80133  
0.815956  0.174356  4.03205  
0.74124  0.861288  3.0874  
0.0639794  0.099631  5.721  
0.122746  0.242197  5.34212  
0.805161  0.702735  3.49564  
0.648236  0.0496644  5.39284  
0.75339  0.253589  4.27173  
0.817891  0.646404  3.84999  
0.0602738  0.0441399  5.84602  
0.86065  0.770284  2.89902  
0.678721  0.116745  5.10605  
0.843769  0.824337  2.67196  
0.817137  0.867512  2.68577  
0.0916283  0.2143  5.43195  
0.286376  0.736381  4.40561  
0.656583  0.273812  4.98743  
0.160708  0.682588  4.92921  
0.749856  0.105631  4.52699  
0.777084  0.155425  4.24357  
0.755041  0.766782  3.29951  
0.0781242  0.0488692  5.80025  
0.0641574  0.740356  4.78032  
0.202745  0.826836  3.99034  
0.825801  0.0707562  4.25521  
0.070045  0.0109305  5.87589  
0.152296  0.087187  5.54763  
0.632537  0.127217  5.32289  
0.675886  0.715459  4.23361  
0.871776  0.857359  2.62164  
0.0761551  0.830789  4.21885  
0.639525  0.195408  5.14307  
0.244556  0.829766  3.91594  
0.631003  0.0152134  5.5636  
0.72605  0.714965  3.86107  
0.729521  0.744143  3.71584  
0.81047  0.102732  4.21185  
0.00115181  0.247051  5.59335  
0.81471  0.156011  4.07361  
0.0927095  0.170729  5.56242  
0.65983  0.766425  3.99863  
0.662203  0.739063  4.23741  
0.124357  0.752043  4.46782  
0.755041  0.731249  3.53775  
0.633977  0.203291  5.16553  
0.830655  0.855178  2.64775  
0.775589  0.693901  3.72534  
0.70909  0.857582  3.33841  
0.841935  0.660806  3.70745  
0.147453  0.746433  4.49295  
0.00312115  0.255335  5.57757  
0.0255179  0.809346  4.37147  
0.80909  0.0137369  4.38852  
0.823388  0.168792  4.02051  
0.820517  0.869303  2.67661  
0.00860103  0.773159  4.568  
0.637215  0.137069  5.26963  
0.641203  0.728427  4.38307  
0.254252  0.793557  4.04381  
0.716076  0.819274  3.33458  
0.0298166  0.695861  5.07812  
0.670337  0.855889  3.61842  
0.860286  0.119659  4.13772  
0.229824  0.815576  3.96304  
0.0220096  0.168455  5.64162  
0.648821  0.263719  5.03556  
0.024115  0.743893  4.80865  
0.819028  0.164726  4.07185  
0.105822  0.874994  4.12408  
0.105822  0.0707562  5.70988  
0.7423  0.210216  4.37361  
0.706704  0.136615  4.76574  
0.220058  0.0246549  5.56185  
0.105178  0.158429  5.60246  
0.719795  0.780305  3.46996  
0.646459  0.0509763  5.40371  
0.845903  0.781242  2.8463  
0.246131  0.716803  4.53142  
0.809906  0.736896  3.27391  
0.202745  0.659956  4.99375  
0.0709736  0.00554009  5.88048  
