1.58705  0.0365051  4.36978  
0.0362371  2.87872  2.10944  
0.0401992  3.86428  0.0412688  
0.938066  0.691273  0.0364325  
0.0517673  0.0910442  6.04514  
1.97614  0.0485411  0.0488749  
0.0767402  0.106386  5.21852  
0.0414053  3.78481  0.761636  
1.47713  0.196454  1.22517  
0.256332  1.32162  2.38808  
0.793382  0.0591836  3.55262  
0.0552717  0.106811  5.11556  
0.489757  0.253018  2.9734  
0.0816897  0.0604534  5.54501  
0.339153  0.436486  3.03745  
0.128896  0.363847  4.14057  
0.451976  0.21002  3.62079  
0.0769166  0.089576  5.30205  
0.0833413  0.461811  4.47245  
1.90835  0.0516581  0.17057  
0.0710908  0.0575732  5.76215  
1.75829  0.0475595  4.23471  
0.118073  0.307112  4.55494  
0.147451  2.75233  0.0518313  
0.0592518  0.101935  5.63622  
1.53546  0.169218  0.0402792  
1.49208  0.190452  0.383594  
1.51305  0.169132  0.283556  
0.634251  1.17766  1.09055  
0.0943715  2.95992  1.20658  
1.568  0.15702  0.308626  
1.8361  0.0631525  0.554539  
0.0502208  3.61518  1.14727  
0.0849668  3.20593  0.683644  
0.9513  0.670716  1.19167  
0.0537849  3.46863  1.14794  
0.0593407  3.57374  0.0650004  
0.0729222  2.28551  2.34662  
0.0466391  3.6915  0.220649  
0.058485  0.77735  4.06811  
0.151989  2.62662  1.15917  
0.0575335  0.0547523  5.96581  
0.065142  0.089105  5.83024  
0.27746  0.127679  3.85913  
1.68916  0.0960334  0.324947  
1.45631  0.198703  0.252546  
0.052431  0.0523558  6.028  
0.324209  0.0570471  5.36139  
1.77809  0.0784772  0.717111  
1.95877  0.050046  0.488428  
1.73984  0.0925483  0.410489  
1.85585  0.061949  0.0770886  
0.310079  0.470346  2.69164  
0.0641151  3.42632  0.0448228  
0.766469  0.945291  1.16416  
0.05214  0.0865221  5.84832  
0.643451  1.14645  1.04063  
0.0707401  3.17626  0.723926  
1.70771  0.112234  0.209091  
1.88957  0.0606057  0.0503874  
0.0865846  0.0698926  5.41134  
0.289966  2.07006  0.695858  
0.0609122  3.52077  0.0447651  
0.0889237  3.15805  0.665425  
1.65801  0.105233  0.630416  
1.16429  0.0472454  5.94787  
1.38903  0.245049  0.767335  
1.66451  0.116171  0.143201  
1.71695  0.0927703  0.0509868  
0.175407  2.47504  0.905748  
1.95042  0.0552835  0.0512257  
0.267311  0.136151  4.03243  
0.0775221  3.2687  0.0862411  
1.81508  0.0708575  0.0703472  
0.317686  1.89887  0.699866  
0.0479684  3.7468  0.0871842  
0.124343  0.062458  5.09115  
1.29197  0.320117  0.607  
0.108688  2.02127  1.53665  
0.940672  0.687707  0.497692  
0.158026  0.231029  4.77704  
0.241945  0.143846  3.9621  
0.0673898  3.41673  0.393007  
1.92348  0.0475859  1.29894  
0.600255  1.24189  0.403902  
1.50443  0.182491  0.0390679  
0.0712843  3.38799  0.0806154  
0.99964  0.608491  0.892089  
0.756801  0.980164  0.875996  
0.224291  0.184353  4.42199  
1.37567  0.260561  1.09728  
0.0665538  3.33847  0.987806  
0.848214  0.856504  0.148107  
0.118155  2.85558  1.1164  
0.229036  0.173002  3.99623  
1.4461  0.219289  0.63815  
0.1846  1.52028  2.40501  
0.0662076  3.36074  0.821503  
0.0533501  3.67585  0.0476053  
0.116076  2.89905  1.19901  
0.246294  0.124555  4.45338  
0.0841584  2.21304  1.50043  
0.0493824  2.36551  4.98642  
1.412  0.239637  0.597969  
0.863578  0.274621  1.92302  
0.0545241  3.54989  0.111122  
0.093527  3.07879  0.63691  
0.195591  0.204653  4.80212  
0.153418  0.903378  3.30981  
0.583038  1.28438  0.799275  
0.0775333  0.0619973  5.72191  
1.55182  0.163821  0.0421884  
0.0649877  2.38746  1.9583  
0.157699  0.296324  4.2622  
0.446656  1.60308  0.724387  
0.0659178  2.34633  2.4331  
0.444368  0.111689  3.82572  
0.415946  0.283846  3.44849  
0.350072  1.26258  1.49311  
0.180622  1.66023  1.57874  
0.319822  1.94724  0.651282  
0.0434063  3.72459  0.878942  
1.21172  0.100361  1.39457  
1.84137  0.0560206  0.101188  
0.200876  2.44992  0.261024  
0.240163  2.30657  0.0952676  
1.93423  0.0500931  0.0816077  
0.583964  1.28771  0.275605  
0.231082  2.24165  0.790171  
0.0867938  0.512479  4.18886  
0.0833038  0.110302  5.04487  
0.0465623  3.7699  0.347544  
0.0731194  0.578573  4.39601  
0.0754451  3.24067  0.442007  
0.179655  1.58226  2.16807  
0.233698  0.717039  2.73899  
1.79552  0.08092  0.192239  
0.619002  1.224  0.8546  
1.78284  0.0834754  0.268402  
0.908862  0.250574  1.43724  
0.136075  1.925  1.67394  
1.5958  0.119125  0.595189  
0.701123  0.0757372  2.862  
0.354471  1.84318  0.209619  
0.0548119  0.0566253  5.90728  
0.283536  2.18772  0.0529874  
0.0558096  3.48251  0.352188  
0.106487  2.98635  0.160425  
0.0617228  3.50272  0.043951  
0.373212  1.81827  0.687851  
0.351693  1.85834  0.714941  
0.60993  0.59379  2.00003  
0.648584  1.21318  0.177537  
0.996327  0.179594  2.27553  
0.0659043  2.40451  1.77831  
1.30541  0.294891  0.938201  
0.188467  0.91311  2.50886  
1.57607  0.151573  0.0436309  
0.487802  1.56019  0.0687287  
0.0854542  0.0695827  5.4871  
0.855578  0.280852  2.11814  
1.40254  0.246823  0.653895  
1.75258  0.082915  0.531354  
0.403822  1.71773  0.368138  
0.0621264  3.37293  0.432964  
0.306673  0.449293  3.3514  
0.156116  0.262639  4.29752  
0.123735  2.9269  0.135609  
0.138245  2.72253  0.936811  
0.803654  0.867514  0.702329  
1.28798  0.060385  2.49763  
0.215717  0.198427  4.33092  
0.536158  0.142081  2.9453  
0.60082  1.21068  1.15348  
0.23789  0.657134  2.65839  
0.284691  2.12177  0.511783  
1.27942  0.0759483  1.51213  
0.105297  0.501515  3.64986  
0.520634  0.738253  1.9028  
0.112462  0.0637633  5.32889  
0.499025  1.45692  0.964046  
0.825822  0.316362  1.87884  
0.0776055  0.562987  4.2301  
0.890259  0.781453  0.479088  
0.271452  0.0992847  4.31249  
1.32149  0.303047  0.695711  
0.223023  0.151287  4.73626  
0.0700716  0.101157  5.52129  
1.20078  0.0982297  1.82416  
0.436821  1.02407  1.30485  
1.11837  0.138615  2.14298  
0.530572  0.216836  2.77307  
0.0977117  1.19794  3.09603  
1.64178  0.123146  0.0459796  
1.39521  0.25973  0.588496  
0.46138  1.54018  1.05355  
0.165761  1.67875  1.9864  
0.298599  0.13338  3.66511  
0.898217  0.765775  0.862871  
0.0462016  1.13275  5.91081  
1.1913  0.121624  1.35374  
0.215226  1.42354  2.24648  
0.136067  2.81487  0.62189  
0.14038  1.80293  1.74573  
0.409352  0.383252  2.83173  
0.544211  1.44575  0.117208  
0.0687348  0.926025  3.90028  
0.0566382  3.64752  0.0467205  
0.26889  1.34731  1.37932  
0.0656121  1.47921  2.79821  
0.15505  2.65146  0.525284  
0.566204  1.42171  0.0673099  
1.35751  0.0502224  1.42606  
1.07606  0.524338  1.12165  
0.0731777  0.515024  4.72205  
1.92922  0.0403878  0.584649  
0.206964  2.35492  0.476128  
0.43513  1.6323  0.758814  
0.252892  1.38861  1.27255  
1.02645  0.172308  1.8386  
0.0860554  0.0703613  5.4406  
0.591348  0.599667  2.17864  
0.610388  0.62102  1.44771  
0.717995  0.415364  2.23151  
0.744891  0.444579  2.0934  
1.08656  0.553326  0.1595  
0.199731  2.49847  0.174902  
1.6788  0.105934  0.560277  
1.1468  0.431657  1.10831  
0.131205  0.398397  4.05862  
0.496303  0.192305  2.89094  
0.502293  0.223626  2.84476  
0.695893  1.07624  0.827562  
0.486816  0.311561  2.46879  
0.107428  2.92447  0.237139  
0.0860458  3.2303  0.0447751  
0.282611  2.08127  0.782626  
0.190129  0.826829  3.06009  
0.320461  2.04127  0.441012  
0.115469  3.01039  0.0508654  
0.235972  2.32067  0.0912121  
0.0825716  3.12993  0.71184  
1.62629  0.111726  0.334445  
0.151403  1.88455  1.41392  
1.88244  0.0589805  0.0542069  
0.159191  0.233041  4.69544  
0.0485747  3.72266  0.0482513  
0.784072  0.969275  0.132672  
0.380326  0.410728  2.93258  
0.397338  1.09262  1.43502  
0.178481  0.341342  3.70016  
1.15437  0.425064  1.02225  
0.114883  3.03061  0.15538  
0.670141  0.511884  1.86174  
0.53231  0.752614  1.60953  
0.216399  1.57764  1.45958  
0.313893  1.9647  0.730185  
0.0971464  3.10582  0.197516  
0.0800024  3.14141  0.9144  
0.0498542  3.62813  0.205678  
1.86784  0.0796903  0.0672065  
0.306034  2.0902  0.427143  
0.210113  2.42617  0.389535  
1.17362  0.416489  0.390071  
1.09511  0.538595  0.252141  
0.597988  0.586888  2.09632  
1.41972  0.233704  1.18309  
0.384523  1.77456  0.46346  
0.932381  0.70963  0.548028  
0.920146  0.788878  0.0882764  
0.0815835  2.22599  2.15368  
0.143204  2.66781  1.24444  
0.453463  0.819293  2.35793  
0.102781  2.4276  1.33475  
0.361677  0.349481  3.42486  
0.0963858  2.04946  2.30981  
1.80137  0.0820604  0.0535189  
0.123458  2.97404  0.142727  
0.228938  1.33919  2.4207  
0.0904722  2.25827  1.40203  
1.03522  0.15547  2.03491  
1.43192  0.228232  0.777813  
0.337512  1.91804  0.592696  
0.209511  2.50741  0.0542686  
0.624927  0.174014  2.54189  
0.144805  2.78208  0.0434273  
0.91896  0.722448  0.608657  
1.54405  0.151282  0.841902  
0.152504  0.82085  3.4792  
0.82134  0.844771  0.537439  
0.0794543  3.29495  0.0475014  
0.929572  0.770158  0.0643327  
0.830565  0.841516  1.00833  
0.740321  0.0873953  2.45561  
0.390045  1.08997  1.4648  
0.300619  2.1464  0.282038  
0.221727  0.188534  3.94402  
0.506067  1.47258  0.116951  
0.125284  1.87349  2.01744  
0.904654  0.705385  0.960091  
0.0502991  2.70845  1.24622  
1.33204  0.301865  0.0529876  
1.87258  0.065789  0.0668277  
0.367859  1.07268  1.53286  
0.112165  1.00222  3.28506  
0.102202  2.10002  1.63004  
1.06985  0.548848  0.492502  
0.818139  1.01028  0.0976864  
0.81068  0.0567416  2.80287  
0.136089  0.0645467  4.8953  
0.293849  0.53663  3.11922  
0.722499  0.530591  1.39124  
0.0553157  2.33304  3.39798  
0.193174  2.5442  0.0892312  
1.05788  0.190501  1.28375  
0.393083  0.398761  2.66787  
0.0702034  0.15428  4.83264  
0.187942  1.03831  2.68619  
0.876212  0.738141  0.949879  
0.1514  2.68432  0.579867  
0.200076  0.723877  3.36968  
1.34327  0.271594  0.231771  
0.172082  0.234606  4.64299  
0.132259  0.27133  4.5982  
0.10457  1.10301  3.25438  
0.416312  0.349673  2.62739  
1.61452  0.138906  0.0606168  
0.343286  1.14102  1.59882  
1.60404  0.146098  0.0523714  
0.0681211  0.10013  5.64928  
0.220356  0.690636  3.18892  
1.04355  0.618719  0.350896  
1.27129  0.305286  0.67542  
0.0519586  3.56059  0.964264  
0.217896  0.881034  2.73992  
0.838279  0.389644  1.39179  
0.167426  2.52894  1.20557  
0.181271  2.60117  0.0486043  
0.771224  0.0711748  2.64983  
0.0720459  3.31492  0.658005  
0.38588  1.78792  0.0516441  
0.0800051  0.0812208  5.46577  
0.0588093  2.60033  1.93053  
0.262647  0.0881852  4.87911  
0.431723  0.263828  3.5282  
0.158925  0.259968  4.63881  
1.18201  0.403851  0.489535  
0.0898963  2.13707  1.52108  
0.700012  1.06455  0.452135  
0.639835  0.146311  2.56501  
1.43745  0.228524  0.0453546  
0.360005  1.80632  1.1328  
1.19816  0.403766  1.2352  
0.340805  1.11137  1.69511  
0.556586  1.37266  0.134855  
0.899333  0.730474  1.19615  
0.44079  0.2767  2.90824  
0.141184  2.84364  0.0566282  
0.493005  0.794708  2.21207  
1.22161  0.370066  0.279537  
1.33481  0.291816  0.692271  
0.327582  2.11372  0.110195  
0.835054  0.360701  1.5475  
0.32332  0.49798  2.59489  
0.468923  0.721882  2.33388  
0.100401  1.1605  2.55526  
1.81161  0.0748745  0.539795  
1.35067  0.0833722  1.26655  
0.808447  0.878014  0.626497  
1.12819  0.455739  0.928027  
1.08407  0.486517  0.375372  
0.561508  0.649098  1.73322  
0.394927  0.345272  3.49225  
0.199654  1.82993  1.29205  
0.348139  0.429  3.16902  
0.161724  0.334246  3.74791  
0.153828  1.75507  1.56799  
0.629457  1.16481  1.12108  
1.63545  0.107919  0.654565  
0.0698734  0.7422  3.73276  
0.440836  0.893994  1.65825  
1.13167  0.483169  0.125554  
1.42586  0.265369  0.0606366  
0.331385  1.98649  0.2947  
0.0853728  0.632865  3.92375  
0.0748703  3.31813  0.580706  
0.111618  0.0650637  4.92595  
0.248498  2.26179  0.060474  
0.68673  1.08105  0.803581  
0.510867  0.179895  3.2706  
0.972223  0.679714  0.0606529  
1.13991  0.475952  0.493516  
0.428599  1.65275  0.794988  
1.62699  0.132457  0.241718  
0.145969  1.77014  2.02597  
0.0483176  2.79092  2.28607  
0.229522  1.49214  1.32491  
0.203029  0.213367  3.90816  
0.194641  2.46499  0.366238  
1.74052  0.089255  0.533259  
0.0979313  0.480229  4.15881  
0.227198  0.715934  3.10148  
1.36755  0.264964  0.0867348  
0.584911  0.628656  2.04246  
0.554528  0.232797  2.60167  
0.25137  1.3769  1.75509  
1.02218  0.162322  2.30542  
0.992889  0.198611  2.06382  
0.320812  1.27233  2.20223  
0.712961  0.544479  1.40863  
0.134193  2.82753  0.565398  
0.800037  0.886097  0.684722  
0.432295  1.64558  0.443112  
0.882557  0.835846  0.0654395  
0.264362  2.17553  0.0556252  
0.867443  0.755997  0.976249  
0.173713  1.61491  2.19511  
0.480177  1.62047  0.0972238  
1.00503  0.594046  1.09375  
0.728633  1.00056  0.909202  
0.684919  1.11927  0.187857  
0.0967283  3.05167  0.322396  
0.0814283  3.28631  0.0456079  
0.142631  1.7376  2.29196  
0.69255  0.150091  2.47661  
0.521695  0.772855  1.64028  
0.516573  0.806168  1.32734  
0.0828192  2.1641  2.038  
1.24195  0.342968  1.07162  
0.100329  0.0710037  5.00824  
0.268045  0.0924816  4.57191  
0.21883  1.43836  1.87249  
1.01441  0.567597  1.09734  
0.0684665  0.177049  4.86354  
0.279515  2.1532  0.252408  
0.787728  0.39201  1.25057  
0.190759  0.73969  3.50891  
0.963425  0.216951  1.84742  
0.600805  0.0920427  3.14757  
0.828037  0.93427  0.0778047  
1.34547  0.289084  0.22434  
0.0669279  0.175595  5.02786  
1.61055  0.106866  0.921374  
0.0804637  3.0709  0.743694  
1.03164  0.649838  0.0922858  
0.0814906  0.0652352  5.6827  
0.736907  0.986391  0.316703  
1.31493  0.082828  1.33185  
0.0676445  1.38058  3.41658  
1.15197  0.10473  1.94393  
0.735063  1.05007  0.680796  
0.659719  0.0748304  3.38689  
1.12452  0.507865  0.066855  
0.414913  0.973192  1.67899  
0.268743  1.33166  1.48277  
0.0951761  1.36113  2.51983  
0.420564  0.330294  3.09429  
0.539848  0.718402  1.62392  
0.119995  2.80434  0.743313  
0.0967056  3.11049  0.260627  
0.115563  1.02601  3.23658  
0.54926  1.3614  0.986191  
0.512415  0.756109  1.76918  
0.667542  0.599485  1.35111  
0.660227  0.102538  2.55119  
0.0519381  0.0951734  5.69151  
1.07807  0.134716  2.2187  
0.215461  0.737522  3.12899  
0.376195  0.955032  1.71561  
0.531071  1.43326  0.864457  
1.23515  0.122757  1.28116  
0.0766975  0.695942  3.80798  
1.68161  0.111176  0.416284  
0.587887  0.624261  1.65254  
0.350597  1.23085  1.27766  
0.871166  0.822823  0.364181  
1.45325  0.210157  0.484555  
0.781108  0.37882  1.72686  
0.395639  1.75831  0.999348  
0.167979  2.69329  0.0498222  
0.332307  1.11611  2.24039  
0.337091  1.95549  0.543131  
0.884946  0.259883  2.12674  
1.36184  0.270847  0.0905523  
0.112681  1.05908  3.07408  
0.768567  0.421146  1.78865  
0.465608  0.822259  1.82329  
0.166966  0.325813  3.77258  
0.0839154  1.22368  2.57503  
0.213398  2.37089  0.271563  
0.850398  0.802665  0.810153  
0.0777801  2.2312  2.07209  
0.190841  2.58059  0.0516522  
0.208806  0.21054  3.80258  
0.325794  2.00777  0.316727  
1.1847  0.0708972  2.35235  
0.461402  1.52832  0.757159  
0.173494  0.224205  4.67025  
0.183289  0.207574  4.67626  
0.814447  0.382667  1.55589  
0.0733842  0.513906  4.82041  
0.127555  0.427815  3.88386  
1.16291  0.444989  0.302076  
0.415296  0.860677  1.80593  
1.16774  0.466575  0.0613625  
1.30939  0.296417  0.710088  
1.13718  0.139759  1.26225  
0.77763  1.042  0.274322  
1.02009  0.613315  0.739738  
1.2502  0.370698  0.0585908  
0.24912  1.40294  1.40579  
0.653606  1.11698  1.06969  
0.95476  0.638986  0.945426  
1.2308  0.386526  0.071359  
0.423949  1.73047  0.0883169  
0.357578  0.372224  3.21031  
0.938063  0.207283  2.18755  
0.732839  0.452503  1.69536  
0.145792  2.65257  1.23673  
0.495013  1.50853  0.142713  
0.753638  0.391566  1.93803  
0.968021  0.623104  0.991208  
0.386135  0.38535  3.07501  
0.364888  1.08772  1.76902  
0.681992  0.112634  2.53275  
1.10554  0.573448  0.103887  
0.118053  1.97726  1.29035  
0.134433  2.88706  0.0503218  
0.52423  1.50319  0.0723437  
1.11492  0.541517  0.0667599  
0.41251  0.327282  3.33034  
1.22528  0.0946639  1.37568  
1.25732  0.356058  0.692509  
0.0973409  0.830874  3.70522  
1.01899  0.164385  2.31173  
1.04607  0.177189  1.70953  
0.676291  0.586879  1.32664  
1.15758  0.463018  0.297127  
0.985403  0.648459  0.195277  
0.337401  1.1286  2.08171  
0.974303  0.646188  0.800455  
0.851838  0.814144  0.459965  
0.406845  0.335857  3.32313  
0.200836  2.56176  0.0708614  
0.477605  1.50275  0.419529  
0.264966  0.573159  3.17158  
0.0838922  1.41442  2.91741  
0.0955085  3.02099  0.538754  
0.0959423  0.510519  4.17275  
0.779972  0.995318  0.208723  
0.194641  1.53408  2.32125  
0.0721716  2.57764  1.51605  
0.421542  1.69023  0.55973  
0.709552  1.02995  0.848572  
0.476235  0.798976  2.01036  
0.344399  1.96583  0.0566716  
0.146979  0.352907  3.87789  
0.164361  2.72077  0.0554135  
0.457594  1.682  0.223205  
0.252621  0.595933  3.22293  
0.151994  2.67829  0.257083  
0.423416  0.955613  1.65335  
1.71527  0.109434  0.285323  
0.354956  1.16903  1.50806  
0.168112  0.885596  3.20737  
0.448565  0.124625  3.7706  
0.396077  1.69786  1.07259  
0.051166  1.41363  4.59407  
1.05041  0.509543  1.16285  
0.223733  0.702053  3.11671  
1.01098  0.636195  0.1572  
0.0707714  2.39799  1.80935  
0.134369  0.0641041  4.96008  
0.955383  0.635959  0.844255  
0.0684055  0.140554  4.9322  
0.677138  0.169082  2.53403  
0.298568  0.0776204  4.87334  
0.117265  1.87537  2.17562  
0.0583409  3.64278  0.058056  
1.06504  0.568632  0.327619  
1.04962  0.563238  0.344326  
0.137179  1.8264  2.12587  
0.425563  1.70312  0.277918  
0.47368  0.0559951  3.75897  
1.10967  0.173359  1.39273  
0.565793  1.33138  1.14163  
1.14826  0.455179  0.358894  
1.08193  0.499842  1.1293  
0.17355  2.55648  0.238009  
0.249285  1.40769  1.36419  
1.1001  0.148752  1.49722  
0.132815  2.80047  1.14843  
0.175383  0.885441  2.77401  
0.115117  1.99552  1.28922  
0.108598  3.06246  0.0696342  
0.40699  0.419854  2.61658  
0.74972  0.469443  1.28505  
0.0640064  1.71443  2.61879  
0.965225  0.635613  1.04912  
0.190772  2.37769  0.852167  
