0.042118  8.61416e-016  5.96529  
3.76718e-012  0.0215318  5.99008  
0.858145  0.865527  2.61576  
0.644071  0.887023  3.83093  
0.903478  8.61416e-016  4.57216  
6.80528e-008  1.61289e-013  6.0342  
0.303799  0.738553  4.41231  
0.795336  0.625549  4.0715  
0.62935  0.732426  4.4314  
0.746178  0.304592  4.36053  
0.272531  0.823583  3.937  
0.884084  0.696468  3.44292  
0.100724  0.288698  5.41183  
0.809934  0.772747  2.97807  
0.809149  0.762763  3.04125  
0.288797  0.690543  4.74961  
0.860068  0.230848  3.88875  
0.771255  0.304592  4.20045  
0.0568271  0.0929742  5.7724  
0.290758  0.708853  4.61288  
0.822982  0.870279  2.67043  
0.0068818  0.0340264  5.94846  
0.799454  0.031037  4.56431  
0.653562  0.00964136  5.41711  
0.13613  0.0961265  5.63615  
0.181386  0.681831  4.86245  
0.689699  0.752802  3.86461  
0.715445  0.800908  3.40559  
0.169673  0.863629  3.96982  
0.0709815  0.111336  5.67814  
0.751029  0.794022  3.1821  
0.63897  0.805425  3.94567  
0.257782  0.724708  4.47272  
0.118328  0.75126  4.48964  
0.793553  0.879763  2.79164  
0.104963  0.18321  5.44749  
0.722265  0.796105  3.37331  
0.719693  0.650762  4.38304  
0.819497  0.74563  3.11956  
0.0131176  0.0251803  5.97567  
0.153586  0.0722036  5.57706  
0.229627  0.262324  5.15556  
0.816391  0.722805  3.29111  
0.664639  0.728261  4.22113  
0.0265311  0.00271549  6.01466  
0.674291  0.805425  3.69483  
0.827802  0.694423  3.47274  
0.669391  0.181265  4.95536  
0.203107  0.861988  3.91444  
0.784453  0.820397  2.88937  
0.661304  0.126317  5.18339  
0.264965  0.657064  4.9825  
0.871744  0.664706  3.66213  
0.042777  0.687307  5.12176  
0.778324  0.673051  3.83989  
0.814002  0.839158  2.70928  
0.768962  0.0152654  4.58237  
0.692008  0.257906  4.71922  
0.0904133  0.222371  5.43617  
0.201819  0.00672527  5.6945  
0.126644  0.142477  5.48666  
0.881759  0.781024  2.85863  
0.0501587  0.0342474  5.88325  
0.198283  0.149543  5.31592  
0.631702  0.756808  4.27341  
0.785632  0.842527  2.82533  
0.698606  0.138613  4.82342  
0.0245343  0.120919  5.73955  
0.152018  0.164127  5.39163  
0.72766  0.185942  4.50859  
0.296189  0.782374  4.13013  
0.140713  0.203081  5.33297  
0.237408  0.153361  5.2721  
0.744691  0.785239  3.26684  
0.222783  0.0186832  5.56454  
0.113097  0.704711  4.83695  
0.159528  0.847998  3.99402  
0.0016131  0.00492505  5.99396  
0.706903  0.117015  4.81664  
0.250832  0.642766  5.07429  
0.748116  0.811031  3.12958  
0.264965  0.655166  4.99234  
0.0856989  0.0662316  5.7897  
0.801238  0.759712  3.14755  
0.0469337  0.174426  5.58508  
0.00863841  0.156583  5.67908  
0.101732  0.0612299  5.72104  
0.20287  0.267415  5.18484  
0.881759  0.766781  2.94116  
0.729954  0.101035  4.75125  
0.645424  0.088836  5.36319  
0.0793131  0.0409071  5.83088  
0.120277  0.694832  4.89466  
0.855232  0.206486  4.00732  
0.848914  0.0775402  4.18405  
0.686751  0.218426  4.77473  
0.78913  0.865598  2.7989  
0.831688  0.744519  3.09399  
0.107659  0.161721  5.47843  
0.80984  0.776623  2.96828  
0.844909  0.733701  3.15696  
0.109453  0.044029  5.73535  
0.229627  0.791534  4.11456  
0.741161  0.134489  4.5179  
0.245552  0.638231  5.10521  
0.827194  0.723702  3.2531  
0.671261  0.853173  3.61079  
0.0778903  0.044029  5.80898  
0.702423  0.077511  4.93659  
0.0744408  0.0838933  5.73751  
0.0947223  0.857698  4.13884  
0.0895267  0.825676  4.23702  
0.811949  0.669024  3.77531  
0.802042  0.835732  2.76034  
0.0590057  0.10814  5.71003  
0.221197  0.752915  4.28808  
0.863591  0.67998  3.54329  
0.868272  0.808041  2.71886  
0.723807  0.863529  3.21288  
0.854  0.77511  2.87219  
0.0964729  0.00964136  5.81758  
0.786157  0.226523  4.08663  
0.822468  0.833894  2.69273  
0.780372  0.677517  3.78868  
0.0409816  0.0683982  5.83583  
0.800695  0.845722  2.75253  
0.119735  0.245055  5.34695  
0.831279  0.724105  3.2408  
0.239259  0.711255  4.57406  
0.184681  0.25261  5.20747  
0.766505  0.696408  3.72854  
0.853248  0.792799  2.78027  
0.794385  0.724899  3.3618  
0.176278  0.105595  5.45466  
0.786987  0.853298  2.81014  
0.0616444  0.0355197  5.85923  
0.241864  0.676095  4.84179  
0.712222  0.235  4.56886  
0.101584  0.272741  5.3956  
0.710598  0.879368  3.34916  
0.750042  0.101048  4.54049  
0.0547464  1.61289e-013  5.92364  
0.210415  0.661516  4.96897  
0.232744  0.749782  4.34427  
0.795243  0.629426  4.04813  
0.195856  0.147681  5.32342  
0.78945  0.666006  3.8278  
0.704738  0.193687  4.67574  
0.163126  0.193994  5.29471  
0.757271  0.279141  4.25664  
0.234969  0.00289951  5.66487  
0.18977  0.155334  5.32418  
0.865652  0.808546  2.73388  
0.696036  0.854809  3.42198  
0.213972  0.255226  5.16668  
0.225215  0.131382  5.32883  
0.214903  0.872334  3.9066  
0.874982  0.674879  3.59392  
0.695142  0.801867  3.55326  
0.132798  0.029063  5.70474  
0.851052  0.769313  2.95613  
0.00441895  0.740126  4.94938  
0.673299  0.821257  3.64816  
0.0931098  0.729328  4.70194  
0.0709003  0.00725544  5.8996  
0.68034  0.812051  3.62906  
0.683077  0.0551158  5.1959  
0.677298  0.844979  3.5709  
0.709661  0.275914  4.59347  
0.877525  0.66775  3.64879  
0.732403  0.24962  4.45625  
0.128394  0.877338  4.09093  
0.635126  0.700969  4.62961  
0.679025  0.826781  3.59236  
0.298157  0.681936  4.82718  
0.252372  0.19045  5.19973  
0.646755  0.629027  5.06364  
0.768962  0.838632  2.92347  
0.241109  0.876968  3.89471  
0.842126  0.733502  3.22945  
0.710971  0.79022  3.48656  
0.806704  0.6987  3.50636  
0.779595  0.666006  3.92301  
0.776209  0.708853  3.6223  
0.0175666  0.689927  5.14086  
0.765217  0.635285  4.17218  
0.837041  0.070703  4.21614  
0.8321  0.685368  3.53304  
0.803518  0.851195  2.73616  
0.0684715  0.713595  4.87199  
0.235984  0.653737  5.00899  
0.0220039  0.814337  4.35853  
0.269271  0.25483  5.1522  
0.759969  0.747627  3.39581  
0.0477049  0.284401  5.52469  
0.71025  0.80097  3.45644  
0.217552  0.0496176  5.59711  
0.709867  0.752915  3.71062  
0.845876  0.852442  2.62467  
0.794512  0.770107  3.0574  
0.193575  0.697895  4.7229  
0.174203  0.856117  3.96008  
0.749338  0.102684  4.62748  
0.0383902  0.680239  5.25435  
0.755104  0.765018  3.31046  
0.131961  0.843399  4.0608  
0.810004  0.0761032  4.49821  
0.801238  0.059596  4.49982  
0.0477392  0.239736  5.50722  
0.846337  0.0361047  4.26617  
0.754036  0.713443  3.67641  
0.184417  0.048119  5.63954  
0.0879499  0.17766  5.49526  
0.755109  0.766058  3.30407  
0.645881  0.199844  5.09053  
0.702423  0.789045  3.80598  
0.0784084  0.152568  5.60397  
0.296189  0.784272  4.12002  
0.845159  0.769569  2.91207  
0.734128  0.723493  3.8316  
0.773439  0.0361047  4.53083  
0.208286  0.660257  4.98022  
0.854  0.216673  3.98636  
0.22501  0.167783  5.24796  
0.267326  0.745525  4.3275  
0.771366  0.244092  4.16889  
0.0647913  0.239736  5.47376  
0.833149  0.854141  2.6476  
0.732403  0.646947  4.31539  
0.850414  0.815486  2.6932  
0.658808  0.0612299  5.29596  
0.0477934  0.210798  5.52846  
0.194076  0.644619  5.11031  
0.795243  0.63316  4.02484  
0.714924  0.767598  3.58299  
0.71994  0.129628  4.68365  
0.035851  0.0242296  5.92333  
0.648955  0.278897  5.04419  
0.753375  0.039213  4.64469  
0.0240942  0.719519  4.90983  
0.172937  0.702  4.73197  
0.866496  0.781388  2.8389  
0.0641024  0.744371  4.6586  
0.13276  0.142477  5.46015  
0.249284  0.631676  5.14706  
0.223552  0.235  5.16213  
0.659369  0.816594  3.76553  
0.64447  0.213502  5.08404  
0.0920733  0.00177612  5.91006  
0.0821896  0.735898  4.6791  
0.705234  0.874267  3.38187  
0.158277  0.190364  5.30988  
0.844909  0.658948  3.7138  
0.644445  0.638265  5.02223  
0.873026  0.688576  3.49419  
0.142123  0.721614  4.64104  
0.728982  0.257347  4.4415  
0.853248  0.0814018  4.17082  
0.091875  0.248016  5.43558  
0.867908  0.833894  2.6429  
0.738711  0.275876  4.37973  
0.030778  0.721337  4.88431  
0.660389  0.215138  4.97218  
0.1088  0.207395  5.40551  
0.186738  0.155594  5.32032  
0.136002  0.104209  5.54356  
0.839335  0.653737  3.75271  
0.761586  0.129628  4.42343  
0.707717  0.121152  4.79438  
0.807399  0.721337  3.33296  
0.817254  0.121519  4.14387  
0.0269111  0.179184  5.61119  
0.844641  0.744371  3.07458  
0.827202  0.705544  3.38965  
0.846147  0.832285  2.65182  
0.635126  0.756808  4.25217  
0.684194  0.851145  3.51987  
0.250111  0.144176  5.28836  
0.256074  0.126317  5.3319  
0.158277  0.692192  4.82792  
0.827748  0.747762  3.08149  
0.153482  0.0496176  5.62282  
0.704915  0.0775402  4.91757  
0.688244  0.722805  4.10004  
0.741951  0.0201061  5.0552  
0.749765  0.792273  3.19621  
0.171919  0.680673  4.8881  
0.148465  0.244146  5.28155  
0.837949  0.830846  2.66431  
0.783334  0.159435  4.31712  
0.644445  0.843432  3.80867  
0.0839785  0.717739  4.80651  
0.210449  0.0635448  5.59183  
0.24848  0.671017  4.87512  
0.087249  0.831062  4.18809  
0.0145549  0.862518  4.32182  
0.684194  0.857198  3.51699  
0.0538967  0.6987  5.014  
0.780627  0.195557  4.15055  
0.780372  0.85526  2.84378  
