1.80455  0.0378388  3.10024  
0.0427074  2.88207  1.52783  
1.18384  0.426036  0.0409569  
0.0498427  0.451477  6.04884  
2.04155  0.0423242  0.0424194  
0.0451042  4.00817  0.0471063  
2.01291  0.0446309  0.055437  
1.98008  0.0440951  0.352693  
1.73043  0.0410021  5.93726  
0.211575  0.199574  3.93851  
0.0576586  0.108767  5.58786  
1.87136  0.062349  0.047006  
0.278082  0.0960348  4.8269  
1.93251  0.0463264  0.142573  
1.65772  0.0477249  6.0365  
0.126893  0.0668452  5.28182  
0.140546  0.286623  4.74414  
0.0545927  0.459079  5.65301  
0.0607846  3.58317  0.053754  
1.75578  0.0477324  5.9034  
0.0467782  3.94117  0.0464201  
0.103708  2.03192  1.89474  
1.76232  0.0484722  5.8616  
0.0651071  0.137798  5.31429  
1.63231  0.126737  0.0550298  
0.10284  0.0632055  5.53031  
1.43662  0.185648  0.901383  
1.89564  0.0437875  1.07072  
0.189391  0.181663  4.50666  
0.0520933  3.68503  0.145989  
0.100639  0.0799666  5.21284  
1.32866  0.29194  0.773925  
0.0819097  0.135196  5.06559  
0.288993  0.112134  4.72251  
0.0508454  3.55153  0.391196  
0.114568  2.93243  1.01203  
0.508664  0.720026  2.26563  
0.640617  1.16615  0.784314  
0.741067  0.0578275  4.58818  
0.537474  1.3849  0.969555  
0.14323  1.02952  3.07245  
1.22779  0.358612  0.442082  
0.0573073  0.0660275  5.99833  
0.515287  0.269505  2.70319  
0.151099  2.81357  0.0720787  
1.01648  0.187115  1.83042  
0.289782  0.100792  4.65859  
0.142424  0.317759  4.0013  
1.96509  0.0447525  0.0750145  
0.088064  0.0779777  5.68683  
0.257065  0.152258  4.0972  
0.193256  2.38835  1.17572  
0.140944  0.32619  3.88177  
0.0448106  1.42998  4.44056  
0.428723  0.0604461  3.65138  
1.81473  0.0480267  2.88064  
0.16098  2.66485  0.517399  
1.72077  0.0805265  0.501208  
0.575964  0.588441  2.12464  
1.1541  0.434871  0.5585  
0.0499962  3.66954  1.39359  
0.0797018  0.0816104  5.83242  
1.48916  0.226446  0.0625931  
0.0518563  3.78002  0.238036  
0.0545314  3.73204  0.0566299  
0.0751315  3.37447  0.0812176  
0.215626  0.608565  3.34248  
1.45457  0.18  1.22604  
0.0465775  3.86551  1.06179  
0.0602302  3.62691  0.0502729  
0.767574  0.0617692  3.2592  
0.0566654  0.620039  4.24112  
0.804921  0.858939  0.749573  
0.0793992  0.0908094  5.73501  
0.0798444  1.1326  2.97929  
0.0642822  3.4011  0.507289  
0.170471  0.253338  4.5298  
0.454636  0.337189  2.9187  
0.117308  2.90283  0.590888  
0.329281  0.088787  4.29794  
0.0605601  0.124108  5.37829  
0.200797  0.164072  4.39253  
0.0785059  1.53183  2.95059  
0.0533756  3.75573  0.0637365  
1.21204  0.0791673  2.2063  
1.19522  0.413407  0.234624  
0.102819  0.109487  5.12285  
0.0579538  3.4159  1.24382  
0.585648  1.2621  0.747517  
0.706962  0.440363  1.94617  
0.296339  2.06212  0.88134  
1.78686  0.0707252  0.657222  
1.58459  0.114667  0.992258  
0.372963  0.387883  3.30191  
1.51243  0.195466  0.0669633  
0.163821  0.255283  4.60878  
0.115005  3.04454  0.0605313  
0.191426  0.234757  4.05939  
0.069758  3.47912  0.0522863  
0.564866  0.646844  1.77934  
0.317649  0.447441  3.37924  
0.250821  0.568412  3.54474  
0.333341  1.99497  0.0573737  
0.0635591  3.33829  1.0913  
0.113618  3.02615  0.109505  
0.355385  0.0762691  4.25494  
0.234097  2.26971  1.00065  
0.781449  0.890833  0.860544  
0.0505968  3.61994  1.16446  
0.224904  2.28686  0.92605  
0.902777  0.239049  2.05984  
1.23337  0.101141  1.55249  
0.100043  0.692905  3.68208  
0.328172  1.09614  2.03165  
1.70611  0.0723546  0.932771  
0.0448746  1.43194  4.43624  
0.0810301  2.34563  2.08351  
0.207967  0.212685  4.19063  
0.164303  2.7591  0.0624885  
1.52384  0.159304  0.975965  
0.284227  1.34393  2.1357  
1.95051  0.0491234  0.0573274  
1.06713  0.496322  0.677733  
0.160127  1.66555  2.30954  
1.31372  0.325098  0.101902  
0.239722  2.24029  0.865471  
0.0700556  3.45168  0.0484751  
0.067033  2.31507  2.09789  
0.89435  0.236782  2.34584  
0.0705971  0.103838  5.42514  
0.0601389  3.4385  1.12881  
0.244527  2.32744  0.0820555  
0.413455  1.70643  0.345312  
0.534507  0.168317  3.6066  
0.310016  0.466656  2.76733  
0.0644163  1.23944  3.47688  
1.84422  0.0641857  0.0816186  
1.17117  0.431708  0.722845  
1.18395  0.0987831  1.81436  
1.53002  0.157418  0.699724  
0.833901  0.331949  1.68591  
0.143182  2.85351  0.0518225  
1.42725  0.199913  0.914081  
0.0887313  2.2114  1.40767  
0.219032  0.730622  2.64592  
0.106962  2.00927  2.11258  
0.0501088  3.90685  0.0737818  
0.801742  0.418373  1.7387  
0.480932  0.260043  3.02103  
0.130193  1.15359  2.8431  
1.10196  0.484546  0.575809  
0.0473185  3.88633  0.709254  
1.08144  0.15762  1.76928  
0.552004  0.161285  3.19094  
0.728238  0.459829  1.65475  
0.087694  3.19856  0.583419  
0.0706849  3.35382  0.11578  
1.1308  0.133071  1.77801  
1.91424  0.0567228  0.0516084  
0.44184  0.940999  1.60956  
0.912617  0.788979  0.166539  
0.235373  2.29917  0.533109  
0.174774  2.61785  0.256377  
1.47341  0.220511  0.0675108  
0.422284  0.0869525  4.18066  
0.0982353  3.06748  0.842172  
0.185156  1.04484  2.74123  
0.0675624  3.5335  0.0507736  
0.129363  1.97567  1.25726  
1.49807  0.174968  1.23711  
0.34469  0.0803417  4.31957  
1.54094  0.172762  0.0443127  
0.082375  3.21263  0.691934  
0.0865547  0.124367  5.16411  
0.338106  1.9047  0.541497  
0.110753  1.05134  3.53808  
0.100878  3.15853  0.0929097  
0.496297  1.49667  0.550234  
0.0497746  3.79754  0.197746  
1.17452  0.051655  5.75816  
0.195732  1.55623  2.02228  
0.0774523  2.60043  1.28673  
0.0723003  3.30444  0.272363  
0.3277  1.91676  0.441701  
0.297368  2.08759  0.734552  
0.0756398  3.28849  0.513158  
0.664145  0.08779  3.50272  
1.27405  0.301447  1.07999  
0.144193  0.90066  3.45527  
0.068484  0.106101  5.38462  
0.0735233  3.32073  0.110974  
1.8554  0.0622928  0.226591  
0.525302  0.242992  2.67971  
0.365854  0.996955  1.75611  
0.624156  0.1089  3.23952  
1.83308  0.0653303  0.314531  
0.941312  0.206614  2.4075  
0.0713216  3.2278  1.13594  
0.0506115  3.84546  0.0562654  
1.02545  0.200383  1.46381  
0.54893  0.164956  3.15684  
0.253207  0.136106  4.64611  
0.263875  1.3974  1.43791  
1.2851  0.0816673  1.32313  
1.57766  0.135566  0.68515  
0.171611  0.0959662  4.93307  
0.99519  0.604177  0.671436  
1.89962  0.0566156  0.113357  
1.55827  0.157004  0.151168  
1.29529  0.0811589  1.47647  
0.890224  0.295611  1.70568  
0.0725452  0.0944681  5.7829  
0.270252  2.14378  0.564291  
0.277082  1.19455  2.22392  
0.0781453  2.46363  1.47654  
1.79668  0.0658711  0.154658  
0.738066  0.373027  1.9961  
0.0592194  0.713852  3.75805  
0.230183  2.42652  0.0681001  
1.45949  0.20169  0.256419  
0.153965  2.68472  1.03547  
0.0885666  3.12748  0.332062  
0.26696  2.18256  0.176665  
0.212839  0.0726906  5.18633  
0.0563969  2.70753  2.22917  
0.0827206  2.12757  2.37653  
0.106195  3.14563  0.0541472  
0.104659  3.00166  0.65196  
0.464876  1.5966  0.168261  
0.381233  0.387193  2.82506  
0.520332  0.749473  1.79061  
0.135685  1.00443  3.56485  
0.30208  2.07081  0.0704648  
0.775435  0.352547  2.25053  
0.223468  1.51788  1.37788  
1.01084  0.584801  0.666927  
1.37082  0.290749  0.286001  
0.254834  2.13311  1.11229  
1.20016  0.0954768  2.01184  
0.0730358  2.48322  1.33279  
0.0472725  1.3583  4.52565  
0.237694  2.36899  0.055024  
0.179315  2.58462  0.220161  
0.0503375  3.94056  0.0541597  
0.725986  0.974074  1.17076  
1.06079  0.138242  2.06502  
1.61256  0.128513  0.199091  
0.922574  0.232457  1.47926  
0.987053  0.246646  1.40949  
0.762573  0.0987958  2.78734  
0.187014  2.44808  1.0223  
0.0952092  3.11699  0.775484  
0.0832782  0.092733  5.49131  
0.548391  1.46439  0.0763132  
1.41225  0.251443  0.913369  
0.0445889  1.483  3.86067  
0.124985  2.95867  0.159088  
0.173005  0.278691  4.13984  
1.69468  0.0962984  0.172411  
0.223148  2.25421  1.09015  
0.0935622  0.11845  5.13229  
0.0606135  0.147186  4.9874  
0.394879  1.74554  0.382517  
0.435804  0.878627  1.85742  
0.085374  1.4527  2.5626  
0.981717  0.247985  1.38707  
0.500197  1.48557  0.124358  
0.690967  0.480036  1.97775  
1.34213  0.326998  0.0618119  
0.710997  0.598304  1.30701  
0.755137  1.01537  0.417627  
0.319112  0.0624978  5.02991  
0.685986  1.12211  0.10702  
1.66649  0.09141  0.470938  
0.492729  0.193672  3.59375  
0.633916  1.18255  1.21241  
1.07475  0.525436  0.55382  
0.531683  0.696543  1.92374  
0.0558601  2.73257  2.15613  
0.110265  1.25451  2.77794  
1.35306  0.26024  0.825865  
0.0614055  2.40625  1.59955  
0.667363  1.17962  0.136867  
0.67964  1.11344  0.249813  
0.448745  1.61333  0.179696  
0.135934  0.0730636  5.02038  
0.128053  0.460535  3.82277  
0.108166  1.93427  2.24446  
1.27916  0.344885  0.105391  
0.600083  1.23212  0.849427  
0.0899224  1.32732  2.69168  
0.143547  2.78123  0.41063  
0.157033  1.77272  2.28946  
1.24106  0.0515912  1.6486  
0.0654187  3.51473  0.0589503  
0.175773  2.57884  0.488513  
0.876246  0.800316  0.213798  
0.118066  1.9533  1.7267  
0.206207  2.50728  0.192481  
0.147276  2.73918  0.220964  
0.167473  0.467822  3.7693  
0.146389  0.827961  2.9602  
1.68949  0.0964077  0.30681  
0.101783  3.10114  0.0544994  
0.577928  1.41136  0.0716965  
0.525837  1.46979  0.21491  
0.113483  2.94813  0.322206  
0.295224  0.101337  4.34981  
0.588473  1.33793  0.182485  
0.753684  0.930179  0.596789  
0.157628  1.14634  2.5499  
1.59669  0.142046  0.267069  
1.14038  0.089379  2.05583  
0.609291  0.111718  3.35335  
0.42527  1.68902  0.36835  
1.4713  0.224024  0.102067  
1.74387  0.0881178  0.0451553  
1.09063  0.600863  0.413759  
0.132301  2.85356  0.402898  
0.0662764  1.54805  3.01854  
0.378103  0.992607  1.56772  
1.26142  0.383546  0.0588236  
0.305996  2.01496  0.423314  
0.249548  1.28123  2.14777  
0.247349  0.275651  3.7302  
0.505861  0.205128  3.12879  
0.112913  2.97674  0.190891  
1.5512  0.140531  0.725488  
0.0834534  2.634  1.27765  
1.91281  0.0520544  0.0613358  
0.204432  2.51489  0.163001  
1.95314  0.0507111  0.0473211  
0.949153  0.660841  0.734288  
0.346778  1.12469  1.61766  
0.785763  0.934172  0.358317  
0.813359  0.10859  2.58909  
0.171104  2.55857  0.872282  
0.196749  2.48847  0.846861  
0.635954  0.51829  2.07579  
0.471995  1.51444  0.768732  
0.102309  2.9992  0.68013  
0.0543549  0.0543884  6.02464  
0.138363  1.84092  1.8993  
0.721119  0.445987  1.80158  
0.150635  0.806454  2.92892  
0.162698  1.64197  2.18768  
0.207249  0.280162  3.85952  
1.60645  0.10724  0.97857  
1.11057  0.122183  2.35343  
1.822  0.0513973  0.375935  
0.230456  0.174068  4.12151  
0.936825  0.738512  0.060189  
0.0970873  2.09506  1.96015  
0.24614  2.20321  0.799402  
0.449579  0.880844  1.49726  
0.36408  1.856  0.184324  
1.30188  0.301049  1.18598  
0.182319  0.744161  3.20146  
0.0812078  3.24752  0.448433  
0.177559  1.6789  1.90084  
0.0925437  3.17971  0.169979  
0.373929  1.0335  1.64337  
0.269851  2.17278  0.837717  
0.481982  0.228168  3.13849  
0.855681  0.0715605  2.4666  
1.26574  0.119314  1.48659  
0.380873  0.951571  1.87263  
0.885191  0.237148  2.41658  
1.54708  0.142951  1.1925  
0.673363  0.531851  1.6291  
1.13502  0.494096  0.0674674  
0.648477  0.191116  2.48443  
0.550066  1.37475  0.267118  
0.142122  0.505925  3.71877  
0.344289  0.415644  3.2818  
0.0797703  0.169152  4.94997  
0.0789967  3.18247  1.05685  
0.605535  0.627711  1.29706  
0.734554  0.402113  2.23911  
0.213263  1.50638  2.31532  
1.29982  0.0770789  1.53607  
0.121428  2.79905  0.948791  
0.208291  1.62908  1.32658  
0.0503796  3.81453  0.0663098  
1.31092  0.298924  0.481376  
0.385323  0.377692  2.80891  
0.0496399  3.73609  0.26481  
1.03947  0.140675  2.17253  
0.197582  0.0789397  4.89989  
0.249893  0.55257  3.57926  
0.339902  1.89265  0.910443  
0.156204  2.69325  0.511379  
1.10908  0.517993  0.425373  
0.917624  0.240226  1.51882  
0.946637  0.683822  0.405135  
1.1197  0.130995  1.77978  
1.62105  0.120719  0.400768  
0.262524  2.1528  0.944633  
0.838273  0.0735531  2.68726  
0.432426  0.307524  3.38891  
0.357118  1.08006  1.29067  
0.185877  2.53036  0.29817  
0.339226  0.395531  3.39682  
0.442745  0.837551  1.58157  
0.733545  0.15297  2.51573  
1.77358  0.0782148  0.275842  
0.417729  1.69513  0.434974  
0.0769787  0.179518  4.88918  
1.74058  0.0808355  0.371556  
0.358638  1.87877  0.232562  
1.82753  0.0653537  0.247827  
0.330716  1.96458  0.224649  
0.187443  0.0872711  4.85868  
0.281145  1.36336  1.27594  
1.04812  0.525978  0.611218  
0.851396  0.308362  1.85069  
0.699596  0.507969  1.51075  
0.397396  1.85801  0.0903924  
1.34593  0.252475  1.16423  
0.555319  0.635088  1.78904  
0.129034  2.87223  0.461488  
0.152404  0.295558  4.01142  
0.077046  3.27279  0.483036  
0.0779699  2.24389  2.39043  
0.174963  2.54635  1.00039  
0.182378  1.65319  1.91494  
0.065481  3.49351  0.499154  
0.468844  1.57733  0.290982  
1.62533  0.121354  0.257964  
0.173613  2.71833  0.0622164  
0.0959321  3.07557  1.12177  
0.0782256  0.55562  4.0338  
0.4456  1.60724  0.816841  
1.25365  0.367269  0.282389  
0.0907756  0.0932626  5.46192  
0.349067  1.89712  0.310858  
0.562297  0.67918  1.35049  
1.67369  0.122804  0.0575217  
0.48857  1.60353  0.0691609  
0.0819844  0.162687  4.97712  
1.00229  0.58581  1.15386  
0.61892  1.2203  0.158614  
0.792646  0.335475  2.22492  
0.217281  0.657139  3.27543  
0.863609  0.760484  1.10438  
0.123248  2.89436  0.344323  
0.138261  1.1025  2.93459  
0.467244  0.767875  1.96711  
0.534427  1.44189  0.466005  
0.743758  1.04312  0.207474  
0.930079  0.779563  0.463542  
0.0593181  1.80926  2.75468  
0.41768  0.366844  2.65525  
0.372492  1.78764  0.366078  
0.279605  2.10254  1.04499  
0.332211  1.05603  1.99081  
0.114748  0.91907  3.5725  
0.148365  0.334267  3.79475  
1.36825  0.246414  1.08485  
0.961514  0.633372  0.703019  
0.741081  0.351693  2.32976  
0.292654  2.11045  0.47806  
1.77775  0.0815104  0.0529888  
0.144408  0.869536  3.43208  
1.03699  0.142315  2.43492  
0.375768  0.379279  3.44707  
1.24623  0.311191  1.22125  
0.592288  1.25585  0.600828  
0.401838  1.82302  0.14386  
1.5663  0.170011  0.0622256  
0.361373  0.455709  3.21449  
1.60008  0.129235  0.124672  
0.930115  0.654173  1.211  
1.00092  0.669603  0.20896  
0.833566  0.820883  0.878023  
0.0824225  0.0988041  5.44266  
0.634445  1.20799  0.629461  
0.047705  3.82718  0.888496  
0.964523  0.664265  0.615526  
0.560863  0.753444  1.39741  
1.03144  0.214136  1.33953  
0.393414  0.364898  3.10194  
0.144781  0.297157  4.37434  
0.140411  1.82849  1.24052  
0.1169  2.12296  1.31291  
0.141462  1.09923  3.00009  
1.38085  0.284465  0.232523  
0.225621  0.818596  2.60218  
0.26189  2.19397  0.813145  
0.0571327  1.31226  3.21489  
0.049109  3.82875  0.882923  
0.77658  0.960934  0.0532642  
0.353808  0.098326  3.66667  
0.656901  0.0927721  3.41692  
0.15515  1.78017  1.86789  
1.70511  0.0830534  0.26648  
0.287396  2.30612  0.0804271  
0.480979  1.45795  1.19846  
0.403344  1.71758  0.416806  
0.273853  2.15946  0.154286  
1.76577  0.0836084  0.0680299  
0.0835052  1.57952  2.57073  
0.462424  1.73323  0.0827735  
0.37705  1.87263  0.0579821  
0.138419  0.958886  3.41386  
1.42016  0.219285  0.887576  
0.814109  0.863915  0.710359  
1.053  0.511076  0.662523  
0.5955  1.29557  0.113176  
0.665787  1.11246  0.716272  
0.400407  0.391535  2.62502  
0.0573935  3.50117  0.488246  
1.57012  0.155639  0.273883  
0.819974  0.136666  2.53397  
0.221203  0.844012  2.50413  
0.04702  3.90105  0.119463  
0.0893553  3.26479  0.0507961  
0.850727  0.312182  2.28996  
1.66151  0.111199  0.202895  
0.13003  1.93693  2.1951  
0.055849  0.949382  4.13901  
0.0863601  2.41482  1.26291  
0.881204  0.754309  1.03651  
0.862882  0.0683179  2.65316  
0.759988  0.984013  0.224177  
0.0968095  1.67493  2.49423  
0.548631  1.31782  1.02935  
0.844048  0.912748  0.155749  
1.00974  0.681228  0.0979057  
0.287714  0.541675  3.00627  
0.476527  0.271403  2.8697  
0.206157  2.35396  0.953254  
1.39497  0.225191  0.988745  
1.09724  0.53724  0.0609244  
1.20355  0.390528  0.349855  
0.409316  1.65008  1.18628  
0.609299  0.145063  3.224  
0.200047  2.52792  0.814909  
0.628176  1.27144  0.0741571  
1.36206  0.291297  0.235529  
0.956744  0.633591  1.15181  
0.715233  0.999219  0.62514  
0.324891  0.423722  3.498  
0.232945  2.35893  0.32014  
0.0534793  3.67394  0.328884  
0.882098  0.771861  0.65117  
1.0776  0.158259  1.72516  
1.68003  0.117222  0.0487802  
1.38328  0.0590447  1.24958  
0.142489  0.102751  4.85256  
0.225107  2.44339  0.0599679  
0.0876062  0.0969752  5.48069  
0.138015  1.11533  2.57416  
0.747522  0.959987  0.463725  
1.34272  0.278751  0.638743  
1.35782  0.0698458  1.2794  
1.85334  0.0716219  0.0532793  
1.38894  0.283312  0.158064  
0.848082  0.270303  2.44616  
0.240281  1.42003  1.41923  
0.460307  1.71966  0.0873216  
1.17689  0.431566  0.843017  
0.718621  0.511149  1.36492  
0.407168  1.0495  1.45532  
0.660007  0.617317  1.39559  
0.182443  1.56806  1.63014  
0.390173  0.974999  1.4782  
0.532568  0.211907  2.8078  
0.371095  1.8063  0.491322  
0.121969  1.07674  3.0967  
0.166985  2.64839  0.17479  
0.325824  0.463743  3.14425  
0.16457  2.55495  0.982782  
0.261132  1.40586  1.43588  
1.4046  0.286404  0.0660735  
0.0831507  3.2334  0.35031  
0.473848  1.5672  0.372176  
0.616568  1.29011  0.109004  
0.184093  0.185716  4.35996  
0.0628029  0.0648899  5.91685  
0.653141  1.21614  0.110781  
0.973553  0.613923  1.1305  
0.759084  0.421637  1.59058  
0.790657  0.420086  1.59523  
0.618026  1.29904  0.0635928  
0.480482  1.46694  0.790511  
1.05623  0.604076  0.141818  
0.671491  0.093813  3.1164  
0.110282  3.08721  0.0883414  
0.301093  0.122466  4.04606  
1.04326  0.652452  0.317669  
1.10174  0.150526  1.34137  
0.967815  0.281993  1.41755  
0.554228  0.205962  2.4607  
0.477227  0.7075  2.43635  
0.119889  2.16793  1.26901  
0.226711  2.40852  0.303352  
0.914976  0.739658  1.06758  
0.818644  0.870302  0.614307  
0.976421  0.696809  0.108784  
