0.0363241  0.048467  5.67599  
0.0545859  3.53691  0.0402853  
0.130108  0.0419888  4.88216  
0.0446879  3.96788  0.0867582  
0.0478826  0.0480783  5.99537  
2.03129  0.0577063  0.0651071  
0.0476552  3.70193  0.0505241  
0.0460406  0.0481959  5.8092  
1.91158  0.0707106  0.0606408  
1.88686  0.0679805  0.22592  
2.01905  0.0610147  0.0606136  
1.98793  0.052547  0.123486  
0.0492657  3.50766  0.180385  
0.0516905  0.0626678  5.60308  
0.0434514  3.57438  0.449316  
0.0481781  3.62773  0.297684  
0.0714663  3.19187  0.353704  
1.84151  0.0680968  0.460642  
0.0755777  3.15193  0.343864  
0.0513915  3.13658  0.557836  
0.0658334  3.43149  0.111229  
1.12485  0.32939  0.631258  
0.0421355  0.0794725  5.43623  
0.0517685  3.59774  0.119528  
0.0548293  3.20989  0.426889  
1.37435  0.0895958  1.12509  
0.0646631  3.24387  0.341912  
0.109968  3.09598  0.0528214  
1.35415  0.296819  0.129024  
0.165082  0.192127  4.33458  
0.0661973  2.94731  0.721636  
1.85424  0.0594546  0.367344  
0.053553  2.91967  0.906994  
0.182987  0.119494  4.2785  
0.80438  0.317984  1.70574  
1.13913  0.446833  0.313624  
0.0545303  3.47987  0.203241  
1.93112  0.0605287  0.265522  
1.24278  0.105958  1.31102  
1.47181  0.0788113  1.02969  
0.0660097  3.45879  0.0560447  
1.72428  0.120666  0.209733  
0.132195  1.15277  2.53296  
1.34227  0.116473  1.11995  
0.880022  0.304889  1.34035  
0.073042  0.055193  5.33802  
0.0778493  0.0491782  5.3894  
0.261226  1.69877  1.09172  
0.0869059  0.0872255  4.96453  
1.98125  0.0585545  0.144609  
0.0919882  1.27586  2.42268  
0.0692347  3.29763  0.187755  
0.0533774  3.66204  0.0589985  
1.75895  0.070007  0.47604  
0.537226  0.145145  3.04602  
0.256591  0.341972  3.24034  
0.0561308  0.065378  5.47804  
0.188138  0.189095  4.01101  
1.76581  0.0840789  0.219003  
0.0736721  0.970403  3.33325  
0.873164  0.268002  1.53524  
0.172252  2.71425  0.0815292  
1.96381  0.0630743  0.0602417  
1.82336  0.0838715  0.0601004  
0.0736965  0.168629  4.70651  
0.15537  2.89663  0.0689987  
0.0545915  0.0556945  5.57226  
0.116081  0.0491221  4.92637  
1.73628  0.0993581  0.232469  
1.02704  0.23207  1.42823  
1.64036  0.152423  0.103289  
0.595394  1.10417  0.677708  
1.86913  0.0566225  0.414175  
0.134067  0.0859859  4.78263  
0.150087  2.40757  0.646072  
0.153506  1.36363  1.9533  
0.0464365  3.40228  0.337547  
0.237124  2.0399  0.587573  
0.0830255  3.32223  0.0510024  
0.755639  1.07964  0.139799  
0.0907097  1.32602  2.4476  
1.20998  0.431343  0.22296  
0.137334  0.88802  2.85181  
0.398933  0.116257  3.69582  
0.145074  0.650468  3.21842  
1.0154  0.108955  1.73031  
1.591  0.0905181  0.544391  
1.50528  0.100385  0.626201  
0.376596  1.81331  0.309419  
1.80973  0.091682  0.0670246  
0.624128  1.14434  0.550381  
0.197911  1.52172  1.35949  
1.11939  0.0870855  1.7438  
0.0762397  2.87991  0.657896  
0.199091  2.30088  0.435587  
1.55316  0.0921688  0.555044  
0.118147  2.06214  1.22948  
1.67486  0.0729012  0.478428  
0.105576  2.82156  0.458221  
0.66299  0.765282  1.11221  
1.53545  0.0433235  1.00481  
0.221296  2.28175  0.350903  
0.523142  0.758859  1.50852  
0.841335  0.718029  0.451201  
0.63884  0.154888  2.47484  
1.32835  0.1321  0.771849  
0.296014  0.586105  2.55553  
0.231  2.55724  0.0862706  
1.60277  0.159199  0.14266  
1.16928  0.313789  0.733876  
1.58328  0.0688529  0.799108  
0.0840246  2.64439  0.825829  
0.860463  0.870075  0.23092  
0.193192  0.370664  3.43478  
0.504377  1.50522  0.16842  
0.0645774  0.0660261  5.28424  
0.107193  0.916804  3.01486  
0.0443922  3.65604  0.238654  
0.0562797  0.0587894  5.53619  
0.127962  1.129  2.64377  
0.0576883  3.33471  0.286866  
0.417368  0.903464  1.64407  
0.772122  0.0882018  2.59479  
0.0642534  0.0681982  5.15848  
0.0907662  1.01777  3.07688  
0.450444  1.72061  0.0998499  
0.458887  0.493268  2.252  
0.216617  2.60362  0.0941617  
1.79349  0.101459  0.0747039  
0.119707  2.74499  0.428639  
0.829579  0.285769  1.57303  
1.71484  0.0791568  0.439479  
1.48514  0.0876345  0.905312  
1.4257  0.062829  1.29274  
0.0967906  0.178582  4.59084  
0.648519  0.931449  0.695154  
1.65245  0.0618566  0.60382  
0.560131  0.439309  2.07753  
0.962814  0.624274  0.514468  
1.79955  0.0690341  0.419379  
0.820367  0.151988  2.22786  
1.26852  0.0537885  1.45217  
0.0877861  0.149117  4.73419  
0.165293  0.208931  4.0586  
0.0791764  3.01906  0.44967  
0.0529203  2.7006  1.04555  
0.466674  1.54735  0.434982  
0.136196  0.126333  4.45849  
0.60525  0.61477  1.55582  
1.6896  0.072124  0.519346  
1.41775  0.117652  0.784784  
0.178177  0.0711916  4.54842  
0.0462204  2.69074  1.24324  
0.138572  0.0576399  4.83416  
0.518244  1.32151  0.656115  
1.495  0.160885  0.402422  
0.790711  0.982818  0.0970802  
1.09783  0.359181  0.5674  
0.132694  0.0533267  4.86006  
1.4469  0.114492  0.767731  
0.275094  1.75375  1.07625  
1.38123  0.295129  0.422664  
0.358906  1.88325  0.159831  
0.289454  2.19344  0.158103  
1.61022  0.0650172  0.868312  
0.316385  0.577221  2.39729  
0.168865  0.258035  3.98508  
0.727834  0.588771  1.2235  
0.254909  2.38161  0.144165  
0.112371  0.467219  3.73518  
0.0764303  2.86241  0.681605  
0.172254  1.29151  2.04737  
0.349694  0.728465  2.27773  
0.0738193  2.80792  0.99322  
0.30633  1.73362  0.666547  
0.29735  0.138125  3.84713  
1.66316  0.142473  0.0666498  
0.137162  2.79817  0.164825  
0.244437  2.15316  0.328615  
1.16025  0.513768  0.0900384  
1.18959  0.100685  1.36812  
0.0591241  2.1355  1.86134  
0.0596896  0.221984  4.43165  
0.141863  2.24623  0.860066  
1.78078  0.096092  0.0943918  
0.131024  2.43737  0.607043  
0.14929  0.0845435  4.66559  
0.0766227  3.07088  0.360878  
0.108525  2.96571  0.449089  
0.0776767  2.61788  1.0015  
0.115873  1.4912  1.96118  
0.932202  0.80906  0.159251  
1.289  0.0562004  1.35068  
0.129383  2.36049  0.674582  
0.275294  2.31516  0.0720514  
1.04349  0.28053  0.848115  
0.273106  1.83192  0.827277  
0.651586  0.841727  0.910144  
0.406254  0.0832458  3.67393  
0.0773418  0.0506733  5.41057  
0.0807508  2.99152  0.61913  
1.14892  0.137621  1.2983  
1.63242  0.162377  0.0828426  
0.447699  1.4483  0.490664  
0.0923833  2.83457  0.51892  
1.68141  0.0691264  0.543275  
0.277956  2.16831  0.256966  
0.0824766  0.0521995  5.12789  
0.258387  0.254354  3.372  
0.277789  1.93401  0.516303  
0.548576  0.512435  1.99556  
0.321502  1.48164  0.925421  
0.267816  0.225491  3.29859  
0.184108  1.40759  1.81542  
0.414031  0.212658  2.96357  
0.39114  1.53763  0.796564  
0.152213  2.47737  0.534597  
0.762243  0.293944  1.83663  
0.056279  3.05523  0.508971  
0.176775  0.16349  4.15455  
0.0677204  0.0680104  5.22183  
0.101664  0.951003  2.77711  
0.268357  0.364751  3.1949  
0.320227  0.157832  3.63379  
0.281845  0.289594  3.26131  
0.360749  0.708795  2.12803  
0.955996  0.429044  0.970082  
0.4241  0.861184  1.62244  
0.21197  1.98991  0.822341  
0.0707767  0.881589  3.48677  
0.0638404  3.35103  0.238024  
0.175565  0.52417  3.314  
0.520481  0.174872  3.08428  
0.299938  0.18398  3.60393  
0.0460272  0.278141  4.47713  
0.972606  0.262456  1.54589  
1.95197  0.0670288  0.0702027  
0.168298  2.11798  0.754562  
0.396364  1.7761  0.400968  
0.0579595  2.07754  2.0149  
0.169828  0.0788866  4.50245  
0.56738  0.0909458  3.39705  
0.0752605  2.58255  1.14203  
1.17898  0.0596504  1.60534  
1.52423  0.167413  0.260537  
0.487738  0.455992  2.15731  
0.885286  0.65456  0.559909  
0.0758265  1.67156  2.35128  
1.20003  0.0704651  1.49767  
0.292143  0.834664  1.9847  
1.00067  0.353826  0.937801  
0.150453  0.666305  3.14429  
0.100329  0.0648873  5.0173  
0.0482512  2.85204  1.17079  
0.225782  1.37898  1.48504  
0.58457  0.604634  1.56873  
0.455662  0.686251  1.88548  
0.0495562  3.27752  0.677181  
1.05398  0.519938  0.528565  
0.540904  1.46469  0.109396  
1.26287  0.0951024  1.40108  
0.219868  2.57566  0.0928898  
0.107438  3.26461  0.0778109  
0.0890439  0.0842395  5.11223  
0.924729  0.50809  0.867604  
1.86616  0.0617532  0.290258  
0.491552  0.100664  3.1728  
0.317449  0.443113  2.90404  
1.54483  0.0828624  0.758495  
1.28507  0.381549  0.0704386  
0.0589046  0.141456  4.8154  
0.744846  0.227954  2.13577  
0.309584  2.2619  0.0935724  
0.452892  0.791745  1.40968  
0.332824  0.554085  2.46542  
0.387716  1.84714  0.191093  
0.0817358  2.75973  0.687673  
0.156184  2.1786  0.785035  
1.0597  0.278337  0.855647  
1.74552  0.0899717  0.289047  
0.765008  0.110715  2.80502  
0.0563006  0.109121  5.25338  
0.776479  0.465618  1.20547  
0.114736  2.44895  0.825813  
0.382398  1.57745  0.732316  
0.752789  0.669371  0.865432  
0.991513  0.683546  0.0623208  
0.696119  0.480626  1.61593  
0.977445  0.0827664  2.23656  
0.193863  2.08951  0.878666  
0.0752361  2.97532  0.670736  
0.0927437  2.9999  0.143497  
0.429791  1.59452  0.3888  
1.07702  0.0894981  1.6894  
0.685554  0.802226  0.714156  
1.94296  0.0671957  0.0639118  
0.111572  0.886571  3.27389  
0.474253  1.19378  0.791517  
0.506213  0.443781  2.3073  
0.0613628  3.04135  0.606114  
0.14534  0.486127  3.50636  
0.285068  1.53092  1.27988  
1.78159  0.0520458  0.488854  
0.914327  0.715238  0.465582  
0.203329  1.97415  0.954749  
1.8191  0.0795243  0.236417  
0.210995  2.53062  0.268517  
0.146584  0.270562  3.94218  
0.365168  0.994081  1.63439  
0.15023  2.51077  0.445306  
0.500835  0.0757762  3.52618  
1.10958  0.230761  1.02156  
1.27518  0.0687056  1.41559  
0.468719  1.45983  0.409566  
0.194896  0.0611487  4.62493  
0.0750214  2.13423  1.6538  
0.997664  0.676087  0.109582  
0.396024  0.421842  2.50341  
1.3054  0.0983691  1.18882  
1.29733  0.104578  1.28584  
0.205488  0.0711449  4.58024  
0.1723  1.43428  1.87253  
0.0858158  0.504599  3.91427  
0.554635  0.745915  1.67093  
1.06435  0.171292  1.38782  
0.119759  1.34894  2.15878  
0.413125  1.20358  1.1596  
0.438983  0.273198  2.83327  
1.62499  0.133348  0.134685  
0.457362  0.933519  1.38285  
1.51229  0.0523709  1.02587  
0.0472022  3.3741  0.612129  
0.0707346  0.0522231  5.504  
0.556871  0.310699  2.37506  
0.139983  1.93888  1.17453  
0.920316  0.823302  0.0826676  
0.384139  0.384824  2.71854  
0.239302  1.91397  0.766206  
0.229002  0.0547824  4.41124  
0.78117  0.301984  1.7621  
1.3494  0.0558911  1.39694  
0.0663734  2.18866  1.71635  
0.0871168  3.08406  0.0856437  
1.95825  0.0608368  0.251971  
0.250621  1.97857  0.580203  
0.52772  0.748793  1.47762  
0.864557  0.217819  1.97737  
0.0503292  2.49221  1.2536  
0.0567716  3.38256  0.245303  
0.42495  0.996224  1.46626  
0.0593709  0.109263  5.19543  
0.142311  1.85734  1.36865  
0.970718  0.190398  1.797  
1.46323  0.250301  0.0977164  
1.06896  0.0977577  1.73846  
0.181898  2.38015  0.356687  
1.56305  0.196102  0.0739747  
0.238158  0.105226  4.07985  
0.111062  0.105954  4.63029  
0.864813  0.837791  0.382967  
0.939411  0.382191  1.0153  
1.52212  0.0453607  1.05587  
0.202929  2.20832  0.537807  
0.326471  0.494581  2.6871  
0.0758897  0.103907  5.00189  
0.496642  1.41996  0.373175  
0.597659  0.697132  1.22822  
1.65871  0.0674624  0.595491  
0.397459  0.928541  1.70106  
0.19604  1.1769  2.18746  
1.23198  0.214131  0.741428  
0.57833  1.02696  0.804813  
0.0802642  3.36318  0.0530368  
0.0648189  1.7883  2.11743  
0.0949127  1.10821  2.9153  
0.513242  0.44751  2.29706  
0.189806  0.252646  3.82562  
0.373453  1.23313  1.20007  
0.591646  0.555234  1.67902  
0.702062  0.771162  0.970111  
0.985323  0.59438  0.39553  
0.66622  0.75777  0.998149  
0.615449  0.410332  1.92831  
1.5394  0.0601297  0.888051  
1.5737  0.149297  0.354468  
0.126338  2.03133  1.16836  
0.34077  0.529916  2.60967  
0.227814  1.38745  1.46312  
0.345049  0.369185  2.93548  
0.159993  0.824871  2.74001  
0.0601365  0.0602122  5.30847  
0.117089  2.7774  0.265721  
0.612696  0.979181  0.750099  
0.707714  0.115982  2.82175  
0.121706  2.49126  0.759969  
0.272254  0.973794  2.20541  
0.0930832  0.0506887  5.24007  
0.810833  0.344218  1.57497  
0.979248  0.30865  1.13546  
0.273074  0.73701  2.39565  
0.365682  0.660378  2.0645  
0.14274  0.20242  4.36496  
0.269078  2.35019  0.151724  
0.0594466  0.111545  5.1831  
1.03114  0.194745  1.58505  
0.462299  0.555482  2.09362  
0.147863  0.80378  3.00255  
0.305006  0.817927  2.00181  
0.566495  1.18955  0.583387  
1.61681  0.111013  0.391103  
0.327281  0.783856  2.32512  
0.215968  1.7613  0.996346  
0.758862  0.121963  2.62312  
0.219516  1.40034  1.49472  
0.0627087  3.39655  0.229037  
0.386659  0.0697309  3.87364  
0.404286  1.64396  0.5382  
0.204791  0.591127  2.87544  
1.10328  0.527517  0.401026  
0.180456  0.200234  3.96301  
0.282528  0.378248  3.17853  
0.630624  1.27153  0.117953  
0.176833  0.323399  3.61455  
0.766077  1.01063  0.332163  
0.131458  3.03291  0.0658618  
0.143054  1.95577  1.14672  
0.0709749  0.123749  4.90151  
1.00985  0.322657  0.967849  
1.3901  0.314765  0.0756236  
1.32248  0.0851593  1.16174  
1.25828  0.366745  0.200768  
0.34718  1.63509  0.665925  
0.47854  0.486478  2.03291  
0.0915715  0.117729  4.79535  
0.0484857  0.073974  5.51603  
0.171865  2.34403  0.636031  
1.45404  0.121146  0.421489  
1.69793  0.139254  0.0795198  
0.153014  0.988369  2.63597  
1.2181  0.314448  0.665062  
1.31235  0.177206  1.06698  
0.179725  2.27208  0.494598  
0.134251  0.220619  4.34797  
1.93779  0.0698807  0.127155  
1.15431  0.56692  0.169092  
0.0691809  0.619017  3.79223  
0.180004  0.0676432  4.66133  
0.41168  1.25317  0.838858  
0.166474  1.79978  1.80379  
1.23645  0.189592  0.836243  
0.710465  1.17248  0.119326  
0.448964  0.918772  1.59057  
0.529283  0.415392  2.11556  
1.31584  0.22831  0.700292  
0.336655  1.68974  0.538878  
0.0924248  0.0872034  5.0343  
0.103648  1.18676  2.7571  
1.25239  0.343857  0.274203  
1.70096  0.0709729  0.522094  
0.252358  1.90337  0.947465  
0.238588  0.281566  3.46297  
1.21958  0.0868916  1.44342  
0.165591  2.10965  0.881496  
1.39665  0.242849  0.258645  
1.07564  0.265177  1.03814  
1.4891  0.0686368  1.08346  
0.102413  0.0472871  5.08464  
1.08432  0.275373  0.980556  
0.372654  0.348638  2.72029  
0.120968  2.52508  0.640895  
0.279655  1.659  0.937488  
0.539701  1.34976  0.31577  
0.0578553  2.22523  1.75387  
0.89302  0.718179  0.402522  
0.342242  1.88974  0.314935  
0.669909  0.472808  1.6264  
0.334641  1.96417  0.278366  
0.723553  0.216359  2.21321  
0.234841  2.14444  0.364615  
0.180942  0.932036  2.69235  
0.0785692  0.0471623  5.31939  
0.204774  0.164695  4.11751  
0.733825  0.66853  0.912945  
0.201073  2.23522  0.752235  
0.154347  1.22333  2.19201  
0.740145  0.222904  2.16727  
0.38124  0.321019  2.98484  
1.24988  0.36852  0.247684  
0.128127  0.144785  4.51652  
1.27505  0.387536  0.10345  
1.43973  0.0560906  1.25049  
1.19473  0.183338  1.26829  
0.370168  2.0743  0.135892  
0.109834  2.78021  0.461455  
0.161551  1.21064  2.07237  
0.174628  2.46274  0.378081  
0.134524  1.3052  2.09751  
1.09268  0.637998  0.245328  
0.441436  0.944722  1.47759  
0.26865  1.87026  0.63784  
0.569976  0.440197  1.90173  
1.22466  0.490886  0.149506  
0.779604  0.535909  0.92453  
0.111543  0.155158  4.53593  
0.0628882  0.128581  5.05835  
0.18127  2.6756  0.0747987  
0.113339  0.46465  4.20088  
0.0766242  0.729328  3.76901  
0.165615  2.4182  0.621518  
1.51733  0.216047  0.189664  
0.600831  1.06701  0.622764  
0.48319  0.266259  2.49875  
0.444203  0.544776  2.22141  
0.784751  0.320869  1.66432  
0.53979  1.56633  0.0971828  
0.0875594  0.933143  3.13328  
0.0762391  1.95111  1.50839  
0.491967  1.24617  0.671999  
0.410766  0.47195  2.49394  
0.621739  0.89989  0.821821  
0.243846  0.271607  3.56455  
0.572298  0.727663  1.43341  
0.447709  1.67444  0.186889  
0.0796549  2.54241  1.06482  
0.149866  0.196913  4.26044  
1.40932  0.195  0.555263  
0.427822  1.59734  0.377998  
0.279503  1.68763  1.08832  
0.715086  1.07877  0.302389  
1.17713  0.237636  0.929673  
0.213956  0.355712  3.54157  
0.678114  0.228725  2.29065  
0.950359  0.235985  1.56987  
0.769613  0.77636  0.574527  
0.135445  2.32725  0.803558  
0.607843  0.184251  2.77592  
0.510598  1.02683  1.01225  
0.252989  0.202655  3.89285  
0.241211  0.739365  2.6527  
0.247598  0.702567  2.67967  
0.813565  0.0815734  2.61778  
0.327272  0.825575  1.9233  
1.40578  0.233294  0.321782  
0.211285  0.436377  3.40839  
0.119152  1.16174  2.44077  
0.82566  0.369736  1.47077  
0.65845  1.05062  0.463173  
0.109295  2.21704  1.18732  
0.738237  0.617836  1.01111  
0.250779  1.23898  1.78143  
1.40133  0.123199  0.978133  
0.15915  2.65286  0.290667  
0.166201  0.464312  3.45823  
0.460879  1.62527  0.126744  
0.718468  1.2282  0.112218  
0.17339  2.33027  0.521379  
0.853445  0.374827  1.38462  
0.307951  0.147545  3.64948  
0.114581  0.240871  4.13782  
0.679519  1.26894  0.0994709  
0.307712  0.226533  3.10481  
0.622512  0.0797163  3.11295  
0.496491  1.58417  0.0826875  
1.745  0.0990902  0.0837358  
0.635183  1.04253  0.556947  
0.218969  2.54015  0.241349  
0.600272  1.05656  0.748416  
0.94804  0.515414  0.649848  
1.43455  0.179323  0.49758  
0.550261  0.905196  1.08598  
0.742886  0.19838  2.14797  
0.152786  0.056691  4.73252  
0.445658  0.365541  2.57558  
0.303097  1.60421  0.937653  
0.0468336  0.3207  4.38238  
0.14591  0.239504  4.03768  
0.190124  0.293121  3.71684  
1.2957  0.355186  0.167475  
0.206828  2.00499  0.765806  
0.189323  1.83903  1.29824  
0.162217  1.89754  1.24809  
0.627925  0.310847  1.9102  
0.199834  0.159585  4.22167  
1.43223  0.250814  0.250655  
0.845261  0.859424  0.424008  
0.405892  1.06936  1.25821  
0.536006  0.391724  2.14266  
0.312482  0.075109  4.1802  
0.265484  1.15913  1.78086  
0.119295  0.627458  3.41827  
0.439427  1.72721  0.216677  
0.876051  0.535638  0.893268  
1.30708  0.102297  1.14013  
0.16262  0.300194  3.81116  
0.65741  0.780645  1.16344  
1.01225  0.646135  0.262573  
0.223275  0.452635  3.34972  
1.62143  0.107639  0.414785  
0.203017  0.097791  4.23713  
0.691558  0.300477  1.92606  
