1.36828  0.0436522  1.27707  
0.179968  2.5978  0.0460032  
0.0306836  0.224166  4.99138  
0.0549507  4.01986  0.0594804  
0.064145  0.0641441  6.05861  
2.03238  0.0536875  0.0546956  
0.0524406  3.8769  0.073095  
0.075262  0.109024  5.53988  
0.0610926  3.51255  0.718308  
1.16832  0.048245  5.68382  
0.0604773  3.68931  0.063803  
0.0598932  3.76604  0.0577237  
0.0571108  3.79955  0.609742  
0.112372  0.41512  4.76372  
1.98669  0.0545856  0.218752  
2.00856  0.046112  0.157934  
0.0677155  3.58974  0.217171  
0.0576485  3.86359  0.251688  
1.95988  0.0553334  0.0582872  
1.90906  0.0608449  0.107885  
0.0980424  0.0604537  5.7699  
0.294498  0.150613  4.12499  
0.265174  0.118409  4.66609  
0.0970605  0.054668  5.85022  
0.0420219  0.248571  4.95663  
1.77048  0.078231  0.0769193  
1.2116  0.434939  0.208739  
0.048579  0.227873  4.81848  
0.31449  0.107353  4.06198  
0.588628  0.142428  3.57183  
1.1901  0.091229  1.79927  
1.88243  0.0641395  0.213601  
0.0588  0.826114  3.64388  
0.0654484  3.6527  0.0582247  
0.0540801  2.36726  3.0062  
0.080609  0.0650578  6.03446  
0.0898667  3.2015  0.0927253  
1.23842  0.0920288  1.58697  
1.94154  0.0671803  0.0627314  
0.0714625  0.0655155  5.9648  
1.4897  0.212138  0.46892  
0.158822  0.282393  4.32697  
0.10928  0.0757391  5.31827  
0.202066  0.18728  4.26864  
0.0975359  3.01373  0.881925  
0.0794459  2.33335  1.82517  
0.0558899  2.4471  2.9763  
0.0751282  0.695337  4.53674  
1.81261  0.0762392  0.266011  
0.098647  0.0602498  5.73357  
0.070086  3.48401  0.0519841  
0.266889  0.225756  3.77033  
0.0895876  0.160939  4.92392  
0.463934  1.54017  1.06979  
1.79271  0.0865761  0.0557148  
1.04702  0.139894  2.4365  
0.103417  3.05815  0.769128  
0.698965  1.18591  0.0820119  
0.231027  0.141233  4.43419  
0.0707607  3.36242  0.39561  
0.0670714  3.45996  0.864642  
1.44317  0.230411  0.493456  
0.249813  0.179099  4.20095  
0.17024  2.62453  1.02501  
0.205232  0.17422  4.37501  
0.626502  1.24264  0.390035  
0.385977  1.78932  1.13072  
0.0752907  0.650072  4.47579  
0.11017  0.0750171  5.17566  
0.090401  3.34171  0.0708306  
1.82962  0.0773416  0.101579  
0.74366  0.988054  1.03621  
0.10374  3.03758  0.427359  
0.502975  1.51827  0.524512  
0.187594  1.56402  2.13738  
0.110827  0.0617839  5.25825  
0.732921  0.111141  2.71945  
0.64178  1.16551  0.186375  
0.0798916  0.176392  5.05218  
0.0761476  0.0864574  5.47898  
1.69998  0.107974  0.170639  
0.166239  0.260158  4.58331  
0.107072  1.07126  3.55877  
0.0946566  3.15444  0.20577  
0.136226  2.71869  1.21887  
0.082042  3.24201  0.685156  
0.101611  3.08419  0.855007  
0.829067  0.333611  2.02888  
0.108949  1.68764  2.53024  
0.0620359  0.179969  5.37317  
1.14966  0.127292  1.27138  
0.223379  1.42563  1.71061  
0.0717145  1.38766  2.92514  
0.159482  0.264426  4.63957  
0.168705  2.65019  0.726184  
1.65459  0.118256  0.21979  
0.755484  0.4049  1.91444  
1.67852  0.0983384  0.744824  
1.92518  0.0566429  0.58345  
0.0800596  3.38863  0.100901  
1.38407  0.249788  0.913326  
0.645993  1.12411  0.236721  
1.62805  0.116914  0.498474  
1.07194  0.517709  0.767312  
0.0694561  0.130736  5.44253  
0.182366  1.60748  2.09144  
0.0775926  0.080201  5.5107  
0.185101  0.223875  4.50177  
0.608394  0.163182  3.22608  
1.05348  0.141181  2.34222  
1.21714  0.389301  0.95855  
0.0644602  3.62669  0.0796754  
0.0705479  3.40845  0.837721  
1.45486  0.205449  1.06173  
1.49981  0.207468  0.0726177  
0.132919  1.9626  1.36979  
0.930609  0.203032  1.88921  
0.107147  3.11408  0.0935748  
0.228632  2.38982  0.568535  
0.210951  0.75348  2.85635  
0.400171  1.02552  1.27762  
0.0743214  0.780896  3.8704  
0.109924  0.50019  4.60361  
0.0490301  2.42237  3.97791  
0.0671367  0.0715522  5.91065  
0.173553  2.60386  0.286014  
0.396867  0.902086  2.37903  
0.628989  0.0983467  3.48067  
0.87406  0.769994  0.519829  
1.58665  0.138471  0.590091  
0.0510953  2.35915  4.02844  
1.73921  0.0923547  0.0688101  
1.28306  0.0883877  1.921  
1.75577  0.0676674  0.696592  
0.339027  1.91654  1.00258  
0.147794  0.38351  3.81538  
1.25135  0.3821  0.508658  
1.12417  0.120084  1.74831  
1.40143  0.263965  0.048925  
0.203812  2.58138  0.0761406  
0.253037  2.1956  1.07823  
0.839039  0.323641  2.03438  
0.0790958  3.30529  0.803334  
0.0942633  0.111287  5.00374  
0.284222  0.162416  3.91211  
0.0593389  0.0914219  5.87409  
0.470159  0.0589757  3.74018  
1.17605  0.111158  1.50511  
1.30992  0.301834  1.21474  
1.13444  0.466351  0.945218  
1.03757  0.146895  2.40088  
0.433008  1.62223  0.957523  
0.14857  2.79005  0.245177  
0.492088  0.75602  1.5602  
0.27216  0.513043  2.89465  
0.262703  2.17748  0.68485  
0.357201  1.99299  0.0752668  
0.219736  2.34644  0.885249  
0.816991  0.327489  2.25989  
0.0845541  3.26712  0.231362  
0.31211  0.0635873  5.21455  
1.52944  0.199717  0.0597348  
1.0887  0.490789  0.494526  
0.351456  2.00047  0.0978866  
0.913237  0.669702  1.16302  
1.55602  0.164051  0.686687  
0.340671  2.02807  0.141716  
1.30219  0.052621  2.3227  
0.690288  0.0928242  3.52193  
1.59309  0.145088  0.457549  
1.92985  0.0592543  0.230625  
1.61484  0.139346  0.0532819  
0.200095  2.4972  0.269294  
1.60875  0.144325  0.548319  
0.0689032  0.145212  5.34623  
0.706794  0.414822  2.07536  
1.71448  0.0912122  0.483379  
0.189203  1.63615  1.86568  
0.131804  2.818  1.0497  
0.0784233  3.43383  0.306822  
0.847657  0.807597  1.24089  
0.0984392  2.15849  2.00045  
1.22021  0.083191  1.93865  
0.620083  0.544375  2.02101  
1.32849  0.304791  0.818451  
0.364553  1.84127  1.11465  
1.67089  0.101742  1.17978  
0.259855  2.20616  0.63514  
0.0941573  2.67106  1.31391  
0.19771  0.871717  2.60243  
0.0737498  0.719905  4.00404  
1.64441  0.129033  0.293895  
0.882563  0.259299  2.20398  
0.410397  0.966516  1.51836  
0.767726  0.0686676  2.95591  
1.41471  0.263562  0.0560191  
1.27272  0.348512  0.307148  
0.212075  0.783433  2.6587  
0.348019  0.960341  2.40035  
0.161767  2.70117  0.573824  
0.150179  2.87831  0.0945061  
0.897069  0.220576  2.18486  
0.0510351  2.63574  1.41204  
1.2636  0.0966569  1.34519  
0.776558  0.89557  1.01254  
0.566623  0.566501  2.05238  
0.981534  0.176074  1.78378  
0.275171  1.35066  1.85128  
0.319796  1.29665  1.43257  
0.585136  0.60292  1.95579  
0.484291  0.694048  2.28473  
0.52839  1.40058  0.261555  
0.208807  0.739742  3.19354  
1.7585  0.0856867  0.29708  
0.215887  2.47154  0.0692953  
0.8146  0.880466  0.268744  
1.86888  0.0580392  1.10393  
0.471831  0.79581  2.13181  
0.494829  1.59334  0.130935  
0.53823  1.47829  0.12605  
0.513274  1.50002  0.424759  
0.0608372  1.44303  2.80884  
1.11392  0.478972  0.841125  
1.63371  0.122024  0.403071  
0.477979  0.732054  2.40511  
0.306194  2.14157  0.157002  
1.47619  0.216876  0.568725  
0.30604  0.13293  4.15373  
0.129693  0.473423  3.94293  
1.54657  0.190169  0.0594141  
1.01791  0.611111  0.477938  
0.414507  0.915729  2.00326  
1.10656  0.0541513  5.93904  
0.0823913  0.0990684  5.13985  
0.0746687  0.22248  4.8425  
0.331646  0.508272  2.45522  
0.148444  2.77617  0.323948  
0.101184  3.18151  0.0568095  
0.363423  1.0197  2.17151  
0.106789  0.0588993  5.68691  
0.255646  0.636985  3.11097  
0.747586  0.120973  2.50067  
0.0996272  1.94014  1.90263  
1.60187  0.132772  0.682218  
0.951541  0.682922  0.418469  
0.236355  1.3579  2.26348  
0.551925  1.45918  0.091441  
0.985892  0.676465  0.191188  
0.393689  1.72584  1.12793  
0.72186  0.0785456  3.07408  
0.0529333  2.68447  1.25402  
0.153598  1.00623  2.7821  
0.406457  1.74935  0.139229  
0.861709  0.794424  1.09204  
1.0797  0.570288  0.0585191  
0.356549  1.85672  0.314359  
1.51191  0.186113  0.15781  
0.0594718  3.61084  0.485604  
0.428798  1.66353  0.60477  
0.281974  1.37792  1.53943  
0.417061  1.64358  0.951699  
0.496099  1.57458  0.160251  
0.19666  2.46277  0.732007  
1.13923  0.104083  1.74165  
1.84454  0.0639375  0.530152  
0.333288  1.19573  1.62103  
0.707291  0.407609  2.10045  
1.22787  0.430425  0.0939899  
0.0669653  2.50841  1.44672  
1.87827  0.0555103  0.779093  
0.054572  2.56172  1.37665  
0.395609  1.044  1.2611  
0.273797  2.15547  0.655568  
0.663108  0.556698  1.58165  
0.0807017  2.296  1.97526  
0.183971  0.841965  3.30459  
0.481486  1.53155  1.23294  
1.10026  0.181924  1.32513  
0.772006  0.108015  2.62207  
0.783222  0.922088  0.854175  
0.21201  2.44076  0.909013  
0.358966  0.388221  3.5095  
0.887898  0.239203  2.23785  
1.1626  0.456663  0.196595  
0.0776351  0.194081  4.87117  
1.18953  0.422854  0.735259  
0.632114  1.16033  0.659274  
1.1434  0.128782  1.35634  
1.18108  0.0926974  1.40253  
0.14824  1.76544  2.22437  
0.129398  2.84915  1.10541  
1.66421  0.115963  0.0956853  
0.67003  1.11172  0.938771  
0.143222  1.89445  1.69767  
1.06462  0.550944  0.37363  
0.0675304  0.152841  5.09968  
0.350803  0.40718  3.34945  
0.14152  2.92064  0.0642901  
1.5777  0.165332  0.0524354  
0.194877  0.868022  2.73156  
0.130189  1.22177  2.48869  
1.83826  0.0701256  0.193446  
0.27775  2.21467  0.341635  
0.695429  0.585725  1.29615  
0.179425  1.71467  1.60927  
1.43196  0.232444  0.77301  
0.635249  1.15498  0.778682  
0.245424  2.2674  0.98939  
1.68595  0.0973757  0.701796  
0.0514494  1.40247  3.16503  
0.191927  2.51888  0.425832  
0.92531  0.814429  0.10611  
0.144109  2.90374  0.0774276  
0.906654  0.244016  1.55706  
0.0857963  3.28297  0.174518  
0.065235  1.41084  2.76741  
0.153821  2.83649  0.0649091  
1.11168  0.481623  0.837709  
0.0636509  1.28319  3.11712  
0.289554  0.4781  3.09614  
0.32671  1.10423  1.72711  
0.509248  0.844211  1.4646  
0.961034  0.65977  0.861972  
1.56298  0.145622  0.997096  
0.918925  0.820142  0.0829236  
0.678162  0.0983253  3.37464  
0.146818  2.89616  0.0668201  
0.131772  2.85964  0.176613  
0.123323  2.94221  0.138649  
1.86241  0.076794  0.0605635  
0.792988  0.935988  0.118895  
1.02488  0.617694  0.207025  
0.719204  0.529532  1.49002  
0.100552  0.696834  3.89063  
0.269781  0.536568  3.33838  
0.854075  0.357124  1.51988  
0.37614  1.08741  1.38292  
1.51974  0.215028  0.0641441  
0.153949  2.74589  0.579038  
0.206782  0.723896  3.40889  
1.29168  0.303274  0.934718  
0.127871  2.93062  0.355124  
0.15508  1.88835  1.33992  
0.369004  1.81919  0.899579  
1.36077  0.310262  0.107125  
0.213259  2.40057  1.18887  
1.34695  0.077616  1.60438  
0.558994  0.188323  3.03391  
0.0628466  0.164347  5.40947  
1.04791  0.141892  1.48182  
0.902138  0.792706  0.118372  
0.685719  0.494756  1.76161  
1.15884  0.512982  0.0980117  
0.385085  0.982502  1.63196  
0.105199  1.0775  3.54256  
1.02843  0.597248  0.695615  
0.71673  0.117901  2.5769  
0.714778  1.04728  0.0763372  
0.32197  2.05632  0.538091  
0.186453  1.67707  1.39466  
0.43709  1.71583  0.141596  
1.56772  0.140306  0.761777  
0.431261  1.73971  0.0913065  
0.190017  2.55352  0.927976  
0.540984  1.39363  0.356837  
0.0983099  2.22384  1.36412  
0.834257  0.367972  1.66025  
0.200267  2.53233  0.133573  
0.131572  2.9792  0.0633949  
0.651027  1.21011  0.0611348  
0.209876  1.48811  1.78897  
0.561657  1.32179  0.983733  
1.09683  0.548383  0.0585239  
0.523912  0.222479  2.5858  
1.12748  0.182034  1.29322  
0.114461  2.9929  0.205395  
0.150625  0.334851  3.83458  
0.167589  2.73287  0.0697244  
1.00335  0.629891  0.158692  
0.257456  0.17322  4.25033  
0.171629  0.275693  4.14744  
0.426743  0.290255  3.24422  
1.35622  0.0817738  1.54889  
1.69061  0.137608  0.0669644  
0.266427  2.29858  0.343885  
0.485988  1.6956  0.0886676  
0.710523  1.09291  0.127669  
0.274707  2.25936  0.086975  
1.46467  0.196037  0.624874  
0.229464  0.636316  3.42617  
0.0704017  0.143591  5.12691  
0.267495  2.1265  1.20104  
0.167204  2.67492  0.55769  
1.25352  0.381311  0.0543884  
0.286617  2.07061  1.09789  
0.442389  0.849614  2.0932  
0.785865  1.01317  0.0759942  
0.785157  0.340444  2.15582  
0.562788  1.36488  0.475958  
0.429828  1.70095  0.271967  
0.380212  1.83607  0.150006  
1.01062  0.601488  0.86082  
0.729217  1.07689  0.0619703  
0.520222  0.747956  1.46419  
1.00362  0.623544  0.381067  
1.71695  0.115508  0.0715883  
0.492201  0.222983  3.28015  
0.214955  0.7068  3.02245  
0.282804  1.27653  1.66974  
0.592463  1.22088  1.23383  
0.720891  0.0779841  3.44445  
1.05955  0.58194  0.0548735  
0.596228  0.166646  2.8391  
1.32258  0.312181  0.332725  
0.665278  0.13423  2.70118  
0.762591  0.416799  1.29705  
0.125156  2.95425  0.112891  
0.105462  3.16811  0.0784279  
0.667869  0.105212  3.39229  
0.0694185  3.44404  0.0650939  
1.80399  0.0595026  0.674703  
0.217787  0.732984  2.90587  
0.44854  0.255251  3.12528  
0.132712  2.80566  0.4354  
0.0805373  0.53486  4.46005  
0.0982623  0.112379  4.97104  
0.603697  1.32021  0.101427  
0.381719  0.930734  2.30328  
1.39303  0.23057  1.2439  
1.31801  0.350666  0.063135  
0.528135  1.50245  0.068069  
1.16853  0.45223  0.535326  
0.609367  0.634888  1.67744  
0.371847  0.377858  2.54467  
0.545148  1.38342  0.354949  
0.362088  1.82057  1.16866  
0.569729  1.3404  0.342003  
0.957783  0.667321  0.992094  
1.73411  0.086501  0.304714  
0.449834  0.839059  1.96248  
1.33972  0.272254  0.925239  
0.276352  2.23992  0.125051  
0.580151  0.168821  3.08591  
0.155649  0.934298  2.82838  
1.03007  0.599602  0.152918  
0.213889  1.47337  2.35652  
0.344769  0.0622186  5.24644  
0.600774  1.26622  0.441579  
0.522491  0.167668  3.26081  
0.94586  0.713838  0.198385  
0.0975724  3.24694  0.0673427  
0.100258  1.26301  2.79702  
1.45799  0.200964  0.944688  
0.30267  2.07315  0.633324  
0.555774  1.43455  0.0935313  
0.238131  2.35178  0.522089  
0.976191  0.705357  0.066503  
0.176272  0.120951  4.88264  
0.10888  1.77136  2.63649  
1.72667  0.106256  0.10057  
0.164765  0.948767  2.74581  
0.45189  1.6687  0.185354  
1.47387  0.217762  0.183466  
0.182935  2.54049  1.24188  
0.11739  2.98947  0.335237  
0.572211  1.35731  0.0536053  
0.354306  1.86838  1.07905  
1.85213  0.0586323  1.17841  
0.422511  0.323383  3.0848  
0.995128  0.668461  0.0679198  
0.13391  2.96292  0.0614439  
0.964919  0.688521  0.12064  
0.0664097  1.41778  2.74839  
0.172179  0.802109  3.32561  
0.30596  2.08808  0.622242  
0.0844458  3.31948  0.0710969  
0.912653  0.270317  1.42711  
0.27098  2.28364  0.068389  
0.80159  0.889315  1.24995  
0.657174  0.580067  1.36262  
1.21403  0.409752  0.354043  
0.613649  0.136145  3.27138  
0.316291  2.08661  0.163601  
0.460605  0.892683  1.49231  
0.33266  1.13439  1.64619  
1.42096  0.228524  0.788638  
0.9917  0.671743  0.0687118  
0.317171  0.485744  2.67427  
0.26045  2.31421  0.10869  
0.590388  1.33173  0.09068  
1.28016  0.323676  0.939312  
0.149579  2.75876  0.373097  
0.366877  0.362373  3.14139  
0.475294  0.292393  2.55324  
0.328968  0.0699191  4.24079  
0.33321  1.94877  0.514436  
0.449313  0.860613  1.64868  
0.296676  0.449869  3.05017  
1.37752  0.286152  0.0527433  
0.0609945  1.4088  3.05841  
0.119101  0.069226  5.22828  
0.308786  2.02997  0.677913  
0.927843  0.31475  1.41897  
0.458858  1.5799  0.278566  
1.57058  0.184513  0.0702412  
1.33692  0.0676333  2.00969  
0.110308  0.422782  4.4387  
0.895733  0.818993  0.0930233  
0.383341  1.82734  0.83813  
1.29448  0.0846163  1.37452  
1.63848  0.115979  0.936468  
0.0707599  3.31683  0.799052  
1.30148  0.355911  0.121956  
0.807721  0.869363  0.952102  
0.167538  1.77957  1.45845  
0.230533  2.39342  0.414215  
0.833301  0.350945  1.9724  
0.301032  0.129743  4.34738  
0.0743131  2.41191  1.44046  
0.775875  0.940114  0.196273  
0.751391  0.99479  0.426417  
0.139566  2.80939  0.321254  
1.01458  0.206429  1.62484  
0.0803184  0.129085  5.41324  
0.798087  0.926696  0.0584519  
0.322905  2.04423  0.141821  
0.0971866  3.28927  0.0728215  
0.214895  1.87699  1.37504  
0.064235  3.5989  0.131633  
0.147823  2.75528  0.603262  
0.325782  1.95634  0.235814  
1.39513  0.240007  0.169477  
0.270595  2.2738  0.142934  
0.353363  1.30972  1.30915  
1.53774  0.173581  0.477039  
1.34533  0.316349  0.0558056  
1.53999  0.170611  0.0969036  
0.0988018  3.10442  0.451722  
1.26718  0.335507  0.910531  
1.2244  0.385612  1.19778  
0.0752123  2.32381  2.2091  
0.13719  0.448388  3.66352  
1.42506  0.233385  0.476053  
0.262353  0.66528  2.69437  
0.122256  1.89494  2.48376  
0.463523  1.63334  0.204545  
0.300293  0.247222  3.71889  
0.405097  1.81153  0.140629  
0.653011  0.140349  2.46448  
0.510872  1.52274  0.175539  
0.162007  1.93008  1.32046  
0.242752  2.31766  0.365591  
0.34726  1.90778  0.710099  
0.084045  0.161357  5.08136  
0.423298  0.0657805  3.69876  
0.300843  0.501075  2.67853  
0.319098  0.43135  3.31791  
0.164992  0.824096  3.4604  
1.79678  0.0592143  0.707672  
0.617955  1.25597  0.0983306  
0.852695  0.850912  0.117732  
1.35319  0.292939  0.495751  
0.673882  0.13055  2.81535  
0.609575  0.552108  1.76299  
0.86429  0.77452  1.20541  
1.85394  0.0584188  1.17903  
1.46626  0.247167  0.0643007  
0.081095  0.728799  3.69043  
1.51611  0.165383  1.07565  
0.190976  0.238483  4.22875  
0.208767  0.799077  2.84363  
0.109369  3.09815  0.0885793  
0.190836  0.24136  4.36683  
0.151055  0.99518  3.14661  
0.13678  0.348993  4.66146  
0.417766  0.0992605  3.97792  
0.679058  1.09067  0.672253  
0.313377  0.135424  3.96079  
0.391776  1.89618  0.100029  
0.0843181  0.165975  5.0737  
0.850293  0.311606  1.63541  
0.970318  0.207572  1.24892  
0.760203  0.995511  0.178671  
0.299358  2.0964  0.465981  
1.43083  0.23833  0.328741  
0.480658  0.77595  2.25025  
0.396561  1.80388  0.37215  
0.580805  1.24993  0.58455  
0.29815  1.1993  2.01219  
0.288484  2.12298  0.480111  
0.241802  2.40895  0.0638514  
0.936385  0.241315  1.40525  
0.939904  0.715464  0.109684  
0.681733  1.20523  0.18121  
0.310328  2.24365  0.0998289  
0.0982761  0.0842584  4.89853  
0.216644  0.187771  4.01982  
0.119835  1.9005  2.31226  
1.33929  0.268576  1.12395  
0.317791  2.10887  0.0641156  
