0.0488717  0.0489763  5.92073  
0.0386199  2.84932  0.911049  
0.0704555  3.38057  0.047742  
2.02847  0.0552981  0.0592321  
0.0452509  3.84784  0.0852033  
0.0428825  3.74447  0.307616  
1.97267  0.0537806  0.200973  
0.048803  0.0685346  5.59272  
0.0543575  0.0644917  5.75  
0.0723147  0.0565516  5.26298  
1.95166  0.0582516  0.0577253  
0.0641842  0.0625315  5.16795  
0.0481185  3.69638  0.0519025  
0.0589876  3.66822  0.126619  
0.0431848  3.62858  0.156693  
1.89206  0.0799006  0.0942683  
0.0477872  0.0724893  5.56356  
1.91716  0.0698367  0.150197  
0.0455547  2.21988  1.82715  
0.0485633  0.079512  5.49538  
0.0534988  0.0533111  5.83482  
1.60926  0.14963  0.10596  
0.125146  2.67558  0.202169  
1.81261  0.106042  0.0767283  
0.0504471  0.0589974  5.77105  
0.0663364  0.0922821  5.01154  
0.0670674  0.096527  4.95465  
0.507925  0.201266  2.92326  
1.64536  0.11302  0.286315  
1.07164  0.241463  1.26322  
1.92787  0.0735401  0.0659396  
1.46946  0.0754153  0.729077  
0.0582643  0.0592923  5.36495  
1.83057  0.105394  0.094102  
1.294  0.0695244  1.57842  
1.65993  0.0837742  0.453289  
1.4409  0.252607  0.172454  
0.855702  0.79879  0.234349  
0.824137  0.148019  2.43812  
0.301383  0.376694  3.23505  
1.54257  0.0517886  1.00897  
1.58642  0.154681  0.0820734  
0.268874  1.9285  0.789279  
0.0422805  2.25697  1.79414  
0.0391478  3.51596  0.529388  
1.85555  0.0675513  0.268214  
0.312492  0.526119  2.55541  
0.43534  1.59264  0.384905  
0.0485066  2.55061  1.48377  
0.0450237  3.60614  0.291356  
0.331612  0.155499  3.65494  
0.0578649  0.421025  4.00825  
0.25439  0.570448  2.88014  
0.0888967  0.294406  4.14557  
0.234583  0.096923  4.51423  
0.0807016  2.45922  1.06327  
0.53348  1.49738  0.139763  
0.0767906  1.56062  2.50002  
1.3328  0.310648  0.276465  
0.0809678  0.0852558  4.80714  
1.19488  0.372968  0.409388  
0.0443063  3.21183  0.660725  
0.0439922  0.245754  4.68433  
0.108663  0.0734093  4.9058  
0.0560203  3.14865  0.482718  
0.229358  2.34196  0.276704  
0.0922365  3.24957  0.0541309  
0.106565  0.224322  4.38285  
0.32525  1.11141  1.5829  
0.0798884  3.01344  0.457047  
0.069371  0.0843382  5.14009  
1.55256  0.208051  0.0740708  
0.113313  0.0957051  4.64178  
0.318443  1.77365  0.661733  
0.829183  0.0952596  2.31607  
0.130188  2.00013  1.12053  
0.743007  0.836879  0.600914  
0.0788906  0.076481  5.0692  
0.0518211  3.58348  0.161326  
0.0568424  0.0556603  5.82941  
0.0728756  3.11373  0.367776  
0.064345  0.560395  3.89905  
0.492579  0.635119  1.7567  
0.100608  0.0632232  5.10003  
0.398141  0.627632  1.99394  
0.233777  0.868991  2.58911  
0.068024  3.17588  0.31128  
1.62268  0.0509651  0.820491  
1.76788  0.0527981  0.5874  
0.0493451  2.5642  1.30407  
0.752391  0.20125  2.09057  
0.328895  0.131865  3.74108  
0.201991  0.423106  3.2691  
0.502061  1.57768  0.0822772  
1.51541  0.176017  0.311887  
0.277327  0.200365  3.77764  
0.220981  1.05431  2.11377  
0.869238  0.858541  0.0774974  
1.08637  0.320953  0.980319  
0.04049  3.56898  0.381256  
0.366586  1.82635  0.264979  
1.7142  0.113093  0.189132  
0.214023  1.39295  1.84658  
0.446077  0.780381  1.72696  
1.09768  0.507518  0.398756  
0.153408  0.379363  3.70067  
0.376216  0.149009  3.40037  
0.971386  0.0946095  2.21479  
0.422758  1.40322  0.705128  
1.67036  0.124019  0.229914  
0.342398  0.101134  3.86713  
1.57742  0.194208  0.0887627  
0.175959  0.18049  3.97213  
0.183845  2.01765  0.917145  
1.0148  0.0935575  1.92172  
0.524137  1.35611  0.684158  
0.283755  1.95508  0.757023  
0.281098  0.33663  3.36596  
0.0859258  0.220595  4.61794  
0.119491  2.5761  0.88179  
0.0739597  3.26754  0.14037  
0.488067  0.768828  1.50039  
0.284951  1.72379  0.879185  
0.0766406  0.218111  4.7203  
0.572395  0.701669  1.3521  
0.809325  0.526812  1.09915  
0.0471913  2.69895  1.22399  
1.79444  0.0599191  0.418941  
0.252334  1.80635  0.822441  
0.13849  2.17264  0.90442  
0.0832355  0.063661  4.98813  
0.221708  0.994984  2.18464  
0.287926  0.392095  3.01372  
0.0599048  3.39917  0.291254  
0.156703  2.64711  0.182997  
0.0584277  2.50542  1.55748  
0.0647117  2.92059  0.762639  
0.455339  1.27326  0.967289  
1.86881  0.0702211  0.226538  
0.050098  0.0839835  5.47092  
0.889174  0.137026  2.25693  
0.112379  1.97778  1.35418  
0.140957  0.476286  3.56103  
0.126182  0.613174  3.34991  
0.0579128  0.125367  5.31577  
1.20792  0.464185  0.168991  
0.760884  0.10711  2.62274  
1.39252  0.304772  0.0853348  
1.49972  0.190035  0.248555  
1.8024  0.0808035  0.233246  
0.273385  0.940361  2.01249  
0.228907  2.48541  0.150856  
0.0476188  2.7212  1.17647  
0.0659684  0.0572773  5.31055  
1.38066  0.210656  0.390704  
0.17953  0.967962  2.46217  
0.0737892  0.267209  4.54243  
0.651751  0.813484  1.16819  
0.0663482  1.75272  2.12795  
0.113819  1.61813  1.98438  
1.77899  0.0719725  0.369259  
0.189803  1.54617  1.38031  
0.117903  2.36927  1.00086  
1.32433  0.0913751  1.29024  
0.0688375  0.111085  4.8642  
1.30493  0.102758  1.04829  
0.292332  1.84022  0.570294  
0.0861318  3.28811  0.054066  
1.8832  0.0800531  0.0667143  
0.176952  2.05396  0.935481  
0.0399353  3.30973  0.557338  
1.22027  0.226693  0.954182  
0.267243  1.64911  1.14268  
0.0699574  3.41771  0.0855904  
1.34403  0.316093  0.185342  
0.432048  0.512858  2.2635  
0.908303  0.334654  1.37156  
0.242279  1.71061  0.919159  
0.724751  0.438513  1.5086  
0.614158  0.661631  1.42846  
0.0964474  0.200008  4.47867  
1.24905  0.105231  1.24559  
1.74408  0.0539449  0.472735  
0.422689  1.20589  1.02814  
0.409312  1.24429  1.00152  
0.977511  0.231713  1.52896  
0.0668769  2.43925  1.49002  
1.03508  0.516307  0.501894  
1.47988  0.186346  0.293241  
0.39134  0.182996  3.19552  
1.0505  0.486765  0.618487  
1.45693  0.262175  0.0710567  
0.068671  3.0875  0.414326  
0.107399  0.327706  4.08367  
0.98069  0.104533  1.87225  
1.41988  0.0803467  1.23153  
0.147805  1.85908  1.61169  
0.309009  1.92054  0.499768  
0.329417  0.451456  2.69205  
0.0936748  0.249522  4.42566  
0.0551884  3.3271  0.363985  
0.356383  0.230179  3.29029  
0.646818  1.04109  0.727277  
0.816766  0.222772  1.96656  
0.0767496  1.66536  2.36853  
0.484692  1.51544  0.248144  
0.866773  0.260137  1.6613  
1.84572  0.0713366  0.0944539  
0.559743  0.356701  2.16924  
0.0883021  2.9844  0.346778  
0.199677  2.5918  0.16466  
0.0694231  3.54395  0.0532311  
0.34687  0.602581  2.46929  
0.125252  0.0794653  4.75996  
0.0581305  1.86616  2.04259  
1.75601  0.072105  0.433962  
0.0749066  0.40336  4.33612  
0.223617  2.20317  0.381708  
0.0934695  3.03276  0.252892  
0.0852612  0.543306  3.70815  
0.0976616  2.77295  0.421424  
1.07696  0.136917  1.75057  
0.271667  1.64481  0.991473  
0.14353  2.83275  0.050621  
0.0975034  2.79312  0.41366  
0.0838111  1.32984  2.64522  
1.4873  0.0642458  1.17033  
0.0790443  1.52816  2.23225  
1.32183  0.392882  0.0965081  
0.0601593  3.35107  0.27944  
0.0532377  3.48169  0.256808  
1.78595  0.0642761  0.338015  
0.757152  0.18514  2.05285  
0.474222  0.845716  1.44982  
0.387016  0.677856  2.14943  
1.27682  0.25688  0.56515  
0.065107  0.0562139  5.43906  
1.83885  0.0562729  0.463347  
1.52827  0.179061  0.233773  
0.115142  2.40285  0.995838  
0.162574  0.221026  4.26348  
0.128265  2.99348  0.0565087  
0.121163  2.87583  0.172026  
0.114173  0.0900494  4.75956  
0.33673  1.07889  1.60495  
0.133349  0.682286  3.21329  
0.345057  1.57241  0.853762  
1.87384  0.0653015  0.168783  
0.0617109  0.186661  4.88937  
0.0814508  0.532341  3.9558  
0.26314  0.30078  3.47388  
0.30772  0.0831342  4.03928  
0.382686  0.395292  2.77597  
0.10946  2.02919  1.46265  
1.00212  0.447316  0.713606  
0.78295  0.482691  1.33473  
0.243409  1.28081  1.5432  
0.0725396  1.43705  2.62868  
0.0943354  3.22504  0.0557158  
1.20981  0.134581  0.977905  
0.624093  0.105935  3.13518  
0.132559  2.14354  0.928308  
0.158535  2.60255  0.152987  
0.0551646  2.70968  1.02536  
0.485971  0.908147  1.15526  
1.02485  0.516041  0.513324  
0.152702  2.53263  0.272166  
1.15945  0.492708  0.172426  
0.0832001  2.89034  0.621751  
0.298051  1.25391  1.36206  
0.385545  0.0711325  3.80685  
0.0499314  3.071  0.634058  
0.0877356  0.903026  3.17049  
1.67989  0.0708468  0.539655  
0.343935  0.277919  2.99212  
0.111092  2.86838  0.298053  
1.26819  0.0837538  1.46467  
0.549359  0.279472  2.34929  
0.0533384  3.05394  0.657143  
0.0632276  2.80622  0.891325  
0.198412  0.118749  4.21173  
0.143926  1.04532  2.34445  
0.0750901  1.47854  2.51598  
0.381849  0.889505  1.7302  
1.43047  0.201904  0.516508  
0.159092  0.213107  4.27735  
0.99639  0.576536  0.492473  
0.237381  0.932063  2.12848  
0.336983  2.0355  0.111203  
0.331917  1.29736  1.04908  
0.566004  0.432697  1.80948  
1.1737  0.410295  0.448244  
0.12772  0.25671  4.18357  
0.0473289  3.33755  0.480233  
0.196469  1.13559  2.06271  
1.63125  0.117227  0.260484  
0.900742  0.387109  1.04234  
0.47931  0.221722  2.95653  
0.154059  2.42423  0.670444  
0.686777  0.134886  2.72544  
1.10939  0.58147  0.0831204  
1.45259  0.201039  0.425491  
0.59428  0.141807  2.71222  
0.518792  0.787409  1.46475  
0.0537449  3.54657  0.188277  
0.986815  0.428594  0.846769  
0.281361  0.913982  2.42611  
0.794819  0.977555  0.0850182  
0.112699  2.74018  0.352989  
0.205823  0.173917  4.12168  
0.634584  1.33402  0.231886  
1.68729  0.104356  0.335123  
0.225695  0.674489  2.7637  
0.25382  1.31514  1.39503  
1.5657  0.102285  0.52621  
0.939407  0.436105  0.737111  
1.04194  0.162252  1.4397  
0.0982281  0.562812  3.54084  
0.225987  0.71624  2.75555  
0.232984  0.201537  3.9337  
0.401613  1.1207  1.42421  
0.151016  0.950707  2.6708  
0.405571  0.164162  3.31403  
1.61326  0.124706  0.296718  
0.209355  2.39209  0.217827  
1.53049  0.138621  0.272233  
0.17745  2.74282  0.128292  
0.0978051  0.353282  4.02375  
0.734698  0.536004  1.2427  
0.158407  2.76504  0.0914294  
0.177491  1.19148  2.29253  
0.880256  0.439442  1.10861  
0.962588  0.737331  0.126268  
0.205796  1.36308  1.88844  
0.607534  0.666861  1.43866  
1.00043  0.2038  1.64269  
0.480225  0.555583  1.78999  
1.25914  0.463659  0.14228  
0.146731  1.79195  1.63065  
0.190118  2.06283  0.812593  
0.100432  2.96694  0.16414  
0.78765  0.246063  2.02957  
0.671389  0.631457  1.18552  
0.0408526  1.68998  2.41303  
0.190639  2.31433  0.39828  
1.76013  0.0947146  0.146677  
1.73256  0.123458  0.142365  
0.103642  1.73703  1.95426  
0.654797  1.09303  0.323366  
0.145321  1.89572  1.12413  
0.0648856  2.8009  0.783603  
0.118864  1.09748  2.53077  
0.95011  0.34881  1.19236  
0.924481  0.139005  1.85641  
0.151451  0.476353  3.52109  
0.069184  1.44251  2.58183  
0.0679502  0.0572179  5.39566  
0.0752517  0.694457  3.75854  
0.699623  1.18348  0.153418  
0.190676  0.143256  4.2358  
0.104528  2.61964  0.615403  
0.131882  2.94354  0.0854189  
0.130849  0.101358  4.58621  
0.472896  1.53633  0.407172  
1.26218  0.262637  0.656423  
1.56447  0.138119  0.662754  
0.136859  0.0843272  4.5658  
0.708441  0.471626  1.40467  
0.1073  3.10684  0.0555876  
0.928133  0.271728  1.58755  
0.0917753  1.31879  2.524  
0.392792  1.62949  0.621775  
0.0772538  0.227612  4.70563  
0.802089  0.627641  1.0292  
1.40311  0.282233  0.205463  
1.31101  0.108319  0.998511  
0.590837  0.915929  0.948026  
0.123857  1.13082  2.38712  
0.116651  1.29904  2.40341  
0.902937  0.123916  2.21592  
0.602177  1.12505  0.524195  
1.3639  0.144158  0.844708  
1.00588  0.136189  1.76907  
0.350906  1.62425  0.658823  
0.272256  2.30368  0.0731794  
0.0595399  2.94204  0.821122  
0.236774  0.324051  3.59233  
0.609972  1.04629  0.628296  
0.258345  0.232034  3.61839  
0.166497  0.164862  4.19884  
0.203369  1.15227  1.98129  
0.525177  1.27106  0.450423  
0.263424  1.69806  1.0779  
0.210913  1.34351  1.8873  
0.341432  0.126503  3.92144  
0.0679104  1.14742  3.03058  
0.413687  1.96717  0.109829  
0.931741  0.204105  1.65559  
0.105861  2.26827  1.10935  
0.379031  0.497569  2.5384  
0.364045  1.55392  0.672232  
0.516293  1.37974  0.797713  
1.63506  0.116301  0.391338  
0.674351  0.817663  0.749565  
0.155633  1.6804  1.28302  
0.531619  1.42356  0.242987  
0.64066  0.401149  1.89041  
1.14605  0.210026  1.09122  
0.0463611  3.49754  0.30362  
0.851206  0.780079  0.350264  
0.646324  0.854721  1.05843  
0.773196  0.487773  1.22774  
0.717758  0.881302  0.590592  
0.737595  0.320451  1.89651  
1.28671  0.285159  0.367598  
0.293464  0.213276  3.59154  
0.78754  0.384886  1.32728  
0.0410071  3.43244  0.516238  
0.777113  0.28785  1.70916  
0.705896  0.206479  2.23997  
1.01024  0.658582  0.314606  
0.176315  2.44635  0.386598  
0.173753  2.15573  0.491031  
0.0941873  1.21125  2.65638  
0.0464403  3.47226  0.317908  
0.126813  2.49292  0.76815  
0.297728  1.96415  0.543409  
1.05604  0.604615  0.36111  
0.626771  1.27731  0.289908  
1.42861  0.0769364  0.808051  
1.09335  0.58305  0.0823193  
0.774766  0.98483  0.131211  
1.69343  0.0594643  0.474316  
0.815765  0.349684  1.43234  
0.070992  0.0917213  5.07672  
0.139745  2.52171  0.580594  
0.582499  0.182193  3.02077  
1.50892  0.153229  0.392704  
1.36037  0.171223  0.754558  
0.918186  0.698026  0.603632  
1.74672  0.126751  0.0882437  
0.163867  0.15951  4.36252  
0.166835  2.184  0.647424  
0.196366  0.961946  2.37359  
1.28434  0.332916  0.279055  
0.174045  0.369657  3.49552  
0.118349  2.41448  0.958916  
0.673161  1.02568  0.528067  
0.217698  0.266233  3.84234  
0.0672379  2.968  0.608433  
0.69178  0.895133  0.64648  
0.0459101  3.38104  0.48992  
0.542396  1.23266  0.659037  
0.140889  0.198635  4.31581  
1.0636  0.241819  1.10531  
0.0549726  0.290404  4.4658  
0.112323  2.85579  0.265623  
0.124164  0.825387  3.33541  
0.339004  0.406816  2.98176  
1.3577  0.150021  0.909815  
1.69879  0.107668  0.205137  
0.0586894  3.29941  0.295289  
0.713829  0.951654  0.639178  
0.179671  1.41239  1.74588  
0.167639  1.34413  1.94244  
0.230849  2.29274  0.327616  
0.142316  0.20269  4.30006  
0.109239  2.90965  0.114911  
1.24143  0.319154  0.443456  
0.767327  0.459354  1.38847  
0.0904967  2.25982  1.19703  
0.540958  0.100371  3.44774  
0.50602  0.650241  1.66439  
0.692073  0.785781  0.806858  
0.582636  0.0984169  3.14492  
1.70401  0.127982  0.181942  
0.0547067  0.0566818  5.42576  
0.956851  0.2977  1.13641  
0.7669  0.997991  0.581319  
0.15547  0.500655  3.43777  
0.921881  0.534775  0.832239  
0.0645906  3.45294  0.0564293  
0.135107  1.06776  2.39648  
0.368692  1.28317  1.01215  
0.172586  1.01239  2.30977  
0.663854  1.02311  0.70353  
0.762521  1.16749  0.149148  
0.56105  0.108917  3.42087  
0.515285  1.43909  0.223402  
0.478105  0.249252  2.83123  
0.434069  1.79904  0.0788394  
0.719166  1.00724  0.371881  
1.16996  0.340979  0.58275  
0.150474  0.742864  3.06851  
0.180635  2.63757  0.0669008  
1.35046  0.228926  0.406074  
1.18656  0.176443  1.20529  
0.639159  1.22927  0.211917  
0.0551756  1.86131  2.07852  
0.208028  1.7888  1.12435  
0.591124  1.4586  0.11118  
0.0811086  2.62382  0.959835  
0.0608018  3.49964  0.247638  
0.934343  0.648374  0.611139  
0.238397  2.38476  0.0804043  
0.19319  1.12207  2.30877  
0.0999816  1.88368  1.77912  
0.255878  0.136715  4.06602  
0.546378  0.746376  1.3378  
0.0730015  0.12733  4.83669  
0.913276  0.375548  1.12528  
0.294428  0.381589  3.05961  
1.22834  0.113114  1.63155  
0.0568939  0.0632831  5.40572  
0.264693  2.15246  0.338583  
1.15342  0.273979  0.899923  
0.25696  2.28051  0.158739  
0.315748  2.19632  0.138153  
0.553721  1.47553  0.0753078  
0.680481  0.548147  1.41885  
0.0839206  3.36405  0.101618  
1.92518  0.0711436  0.139448  
0.27887  2.1315  0.140462  
1.1492  0.431458  0.42968  
0.846916  0.340556  1.33843  
0.230844  2.11526  0.45775  
0.5967  0.827297  1.13437  
1.23517  0.3115  0.57033  
0.258184  1.07424  1.79978  
0.10111  0.791592  3.41325  
0.371418  1.96966  0.0734551  
0.169005  1.42031  1.90452  
0.204632  0.337131  3.63408  
0.320385  0.460214  2.74924  
0.169421  0.237645  4.10788  
0.835606  0.303932  1.67976  
0.270557  0.612852  2.82599  
0.0886131  3.1637  0.290726  
0.0876592  0.502712  3.75801  
0.0586946  0.213702  4.82525  
1.3993  0.130834  0.941916  
0.314499  1.90898  0.370124  
1.7222  0.0771284  0.396323  
1.12775  0.254539  1.05662  
0.57485  0.0817145  3.21389  
0.184878  0.321729  3.81976  
0.259798  2.37339  0.087944  
1.40959  0.273822  0.206998  
0.130861  1.06352  2.74532  
0.461431  1.18816  0.848702  
0.0504191  3.46326  0.287075  
1.3725  0.134123  0.839294  
1.23024  0.318095  0.494089  
1.02818  0.216527  1.39153  
0.113316  3.07805  0.101316  
1.24546  0.347501  0.360706  
0.0640686  2.18817  1.59504  
0.164456  1.90404  1.05435  
0.206669  2.5096  0.0555194  
0.437552  0.0557981  3.48966  
0.246569  2.07214  0.663329  
0.139119  0.879775  2.86678  
0.0956658  1.16159  2.46632  
0.0786482  2.07899  1.93364  
0.587559  0.514911  1.69562  
0.8435  0.666225  0.640101  
1.16408  0.31543  0.71877  
0.239246  0.0683339  4.44019  
0.329773  0.237288  3.45735  
0.054604  3.15364  0.55578  
0.894668  0.548626  0.827874  
0.260591  1.84817  0.798329  
0.883182  0.298932  1.39934  
0.152491  0.796468  2.8469  
0.16943  1.87848  1.05785  
0.0970968  0.639045  3.61903  
0.896751  0.731504  0.443157  
1.37073  0.314058  0.0662284  
0.516594  0.22838  2.80109  
1.58426  0.15518  0.20812  
1.17859  0.386662  0.508171  
0.701937  1.08778  0.269126  
0.5765  0.346373  2.28641  
1.73147  0.120405  0.181472  
1.06101  0.0942227  1.80606  
0.20944  0.833237  2.7901  
0.65014  1.21655  0.464951  
1.14085  0.358506  0.509065  
0.216598  2.10367  0.613241  
1.13376  0.327515  0.742419  
0.660428  1.12981  0.29533  
0.331203  1.17986  1.31341  
0.705239  0.628543  1.07211  
0.243007  2.32902  0.119108  
1.37639  0.2991  0.199432  
1.27865  0.129817  1.18701  
0.682435  0.544685  1.42979  
0.131545  0.439591  3.82126  
0.405647  1.22067  1.22241  
0.113026  0.207498  4.44962  
