0.0370746  1.23936  5.9242  
0.144893  0.0439651  4.81443  
0.0701182  3.22716  0.0309784  
0.057387  0.0573481  6.03345  
0.0423763  4.03892  0.0443725  
2.04105  0.0547242  0.0563066  
0.0404574  3.89229  0.0651119  
0.0732399  0.148615  5.24707  
0.0624746  3.33032  0.918772  
0.104026  0.099257  4.88682  
0.0410734  3.47816  5.18843  
0.14154  0.0635884  4.98847  
2.00489  0.0623057  0.0638746  
0.298699  0.0938856  4.1116  
0.0475482  0.2975  5.09429  
0.111656  0.0581676  5.33573  
1.40262  0.240075  1.03223  
0.12122  2.86214  0.31379  
0.0635488  3.29038  1.18308  
0.0690673  0.134567  5.54379  
2.02396  0.0476071  0.0617164  
0.0790973  3.18868  1.18041  
0.0434128  3.66912  0.928346  
0.0432356  3.69316  2.28025  
0.0385802  3.55439  5.35692  
1.70013  0.111004  0.54814  
0.219309  0.113846  4.50053  
0.17036  2.59848  0.223732  
0.0741613  0.117511  5.62784  
0.178556  0.291289  3.96173  
0.0678155  3.25873  0.708218  
0.0814864  3.15436  0.907064  
1.86554  0.0638023  1.16776  
0.0930936  0.0966238  5.17342  
0.228827  2.3903  0.0489145  
0.120002  2.90431  0.385032  
1.6814  0.117554  0.0557043  
0.0391278  3.73592  0.220605  
1.98505  0.050225  0.262058  
0.0479662  1.5042  3.23088  
0.0426217  3.85427  0.0464977  
0.094069  2.0233  2.36727  
0.177326  0.186226  4.75649  
0.302209  0.0729972  4.30872  
1.38585  0.285748  0.0780104  
0.115865  0.461473  4.00177  
0.0700287  3.37635  0.0425887  
0.205055  2.43396  0.645587  
0.0993809  2.94642  1.06526  
0.0605161  3.44437  0.141702  
0.313262  0.0620016  4.35272  
0.653291  1.12327  0.602075  
1.96302  0.0671136  0.0639169  
0.216429  2.36496  0.40485  
1.15686  0.449843  0.300109  
0.0724013  0.111757  5.87003  
0.0560096  2.46812  1.63213  
0.291705  0.142331  4.17049  
0.113336  2.97125  0.127366  
1.33563  0.294919  0.857744  
0.0515339  3.52348  0.418377  
0.119134  0.390845  3.79832  
1.67031  0.109414  0.702839  
0.1388  2.73156  1.22228  
0.110952  1.97307  1.9969  
0.076357  0.0904991  5.83186  
0.0513683  1.50945  3.18006  
0.529905  1.3362  1.08881  
0.216898  2.40347  0.0473756  
0.128989  2.84163  0.0602259  
1.56479  0.146251  0.914542  
0.0645944  3.50736  0.0493155  
0.0853664  0.0570634  5.77915  
1.50114  0.177347  0.691018  
1.8478  0.0499397  4.44771  
0.0478417  2.47752  2.33931  
0.0396987  3.80679  0.112725  
0.0661457  0.136174  5.72761  
1.07493  0.534197  1.07362  
0.656497  0.109216  3.30386  
1.9759  0.0497006  0.939983  
0.0630426  0.175172  5.41943  
0.0530159  0.558914  3.87302  
0.140526  0.253734  4.69268  
1.14575  0.475836  0.464398  
0.139225  1.80092  1.61187  
1.89041  0.0460401  3.14409  
0.804375  0.876003  1.05339  
0.0768162  3.21311  0.667118  
0.356371  1.92383  0.0659296  
1.65994  0.122436  1.04551  
0.277584  0.173869  4.24319  
0.206748  2.50203  0.050962  
0.279652  0.072793  4.73242  
0.265197  1.29668  2.41081  
0.0530085  3.41963  0.518129  
0.818942  0.317321  2.33199  
0.626386  1.18658  0.486151  
0.0887349  3.13239  0.0370474  
0.0468971  3.62503  0.0625092  
0.123687  2.82068  1.10298  
1.16662  0.0978085  2.42566  
0.306337  1.20869  1.73407  
0.364284  1.02829  2.27113  
1.30162  0.0527701  2.75268  
1.29349  0.306697  1.19678  
0.480799  0.241545  3.09029  
0.146483  2.69069  0.243574  
1.41618  0.0663309  1.4114  
0.619688  1.27587  0.124232  
1.35116  0.318121  0.0777498  
0.434358  0.391601  2.57727  
0.0402817  3.59689  3.6583  
0.729812  0.417997  1.45348  
1.76642  0.0753218  0.977361  
1.94816  0.0487543  1.20814  
1.37467  0.284557  0.189077  
1.02975  0.190868  1.5675  
0.209963  0.665385  3.4579  
0.0621016  3.38635  0.0648329  
0.346569  1.05776  1.45738  
0.310636  2.0877  0.242781  
0.160754  2.62337  0.175781  
0.184183  0.204245  4.5501  
1.90275  0.0490626  2.83705  
0.512537  1.43785  0.719044  
0.776433  0.0856947  2.86649  
1.93667  0.04908  1.85595  
0.11973  0.0558759  5.37547  
1.22358  0.117439  1.77852  
1.5743  0.159182  0.122564  
0.072229  2.30017  1.35436  
0.261766  0.181983  4.38153  
0.316506  1.94506  0.826172  
1.03463  0.596574  0.447955  
0.0550899  1.84762  3.13296  
1.01267  0.692237  0.0781971  
0.16105  2.64238  0.154537  
1.47528  0.224396  0.250297  
1.60033  0.13663  0.559489  
0.15238  2.7192  0.0837131  
0.0911314  0.0820594  5.52393  
0.133615  2.75323  0.790334  
0.171134  0.248419  4.07201  
0.757929  0.94153  1.14861  
1.44609  0.270259  0.133366  
1.5122  0.0531738  1.86208  
0.0949385  3.06743  0.21182  
1.45831  0.195949  0.694033  
0.376066  0.966388  2.01926  
0.391891  1.68994  1.13373  
0.799273  0.853343  1.09587  
0.0926537  0.089316  5.20043  
1.32076  0.288021  1.18466  
0.136801  2.77708  0.392125  
0.0420242  3.56588  4.55553  
0.267398  2.20161  0.430993  
0.554481  0.737074  1.53969  
1.72104  0.105541  0.277493  
1.10681  0.15916  1.70031  
0.16005  0.88296  3.28028  
0.536117  1.387  0.829119  
1.80287  0.0719405  0.645619  
0.166497  0.212528  4.39801  
1.02263  0.238853  1.40265  
1.58467  0.136794  0.772865  
0.051926  2.52635  2.14783  
0.191605  2.44792  0.664047  
0.177208  0.796506  3.33239  
0.286861  0.167029  3.84966  
0.468775  0.263514  3.16267  
0.0602266  0.0481167  5.98409  
0.250939  2.14797  1.11041  
1.20763  0.132001  1.83378  
1.63505  0.127844  0.168392  
0.848395  0.0799208  2.71657  
0.0623193  0.0496778  5.97628  
0.280583  2.1306  0.503086  
0.0401031  3.77551  0.104732  
1.21055  0.388222  0.338952  
0.83838  0.085095  2.92594  
1.0855  0.171934  1.76959  
0.485743  1.53959  0.223411  
0.31426  1.1974  1.64282  
0.456632  0.809417  2.38106  
0.0685139  0.115975  5.67071  
1.19468  0.432884  0.204228  
0.108439  2.99009  0.321893  
1.05052  0.526333  1.12586  
0.0454512  0.639063  3.9144  
0.939175  0.669929  1.03865  
1.26228  0.110819  1.50636  
1.18267  0.411391  0.880439  
1.11576  0.153414  1.89683  
0.27163  2.16041  0.535364  
0.216235  1.49387  2.11453  
0.254901  1.32645  1.48357  
0.400361  0.356461  2.98754  
0.0587205  0.0531578  5.90724  
1.73404  0.0854113  0.66444  
0.230925  2.35067  0.105767  
0.200396  1.57121  1.90402  
0.637956  1.10711  0.747932  
0.0932181  0.23067  4.85786  
0.415919  0.920359  1.95104  
0.696176  0.43338  2.22091  
0.079794  0.467265  4.42249  
1.70976  0.114211  0.0851872  
0.873199  0.286727  2.12802  
0.288977  0.156792  3.75393  
0.338094  0.464891  3.25128  
0.247382  2.2091  0.820233  
1.11054  0.493367  0.585037  
1.54122  0.167309  0.328011  
0.100368  3.0057  0.784954  
0.177883  2.56648  0.0418317  
0.32411  1.99347  0.0906579  
0.771788  0.405461  1.49626  
1.85772  0.070575  0.0643076  
0.513897  1.41195  0.806627  
0.78554  0.954346  0.46866  
0.190336  0.182112  4.21829  
0.0524384  2.51424  2.2815  
0.0956364  1.5519  2.4946  
0.722199  1.06858  0.322187  
0.195809  0.747499  2.78709  
0.0915862  3.09698  0.297562  
0.387236  1.81851  0.0481123  
1.20181  0.427721  0.18291  
0.0990641  3.11891  0.0639141  
0.833096  0.93423  0.0729286  
0.846126  0.0850967  2.7941  
0.10778  0.0695451  5.05723  
1.84471  0.0752002  0.478624  
1.0689  0.549239  0.441228  
0.428902  1.63709  0.228789  
0.498667  1.48345  0.986648  
0.0463282  2.79549  1.32441  
0.420425  0.866183  2.29846  
0.0636233  2.32726  1.24594  
0.213322  1.51819  2.08836  
0.175547  0.802161  3.35222  
0.0733248  2.25464  2.00992  
0.332525  1.90413  0.283744  
1.46329  0.253179  0.0728009  
0.442862  1.58232  0.568991  
1.94508  0.0526017  0.663017  
1.32639  0.0661722  1.97891  
1.81011  0.0677047  0.870788  
1.60677  0.136685  0.41412  
0.739511  0.100902  2.6896  
1.18828  0.41526  0.803842  
0.213226  2.2879  0.902878  
0.881071  0.834326  0.352317  
0.331193  1.24889  1.52931  
0.109475  3.02942  0.0527083  
0.483658  1.43684  1.11431  
0.102117  3.08545  0.054679  
0.112348  1.99796  1.45656  
0.411899  1.67643  0.476291  
1.83307  0.0769903  0.0640565  
0.262052  0.112874  4.27358  
0.284635  1.2348  2.25101  
0.499488  0.77082  1.60921  
0.792946  0.913325  0.713036  
1.78972  0.0718979  0.868641  
1.25235  0.355032  0.79804  
0.0420616  3.83634  0.0845438  
1.13539  0.440487  0.954512  
0.132783  2.80927  0.970724  
0.0476643  3.75122  0.0500787  
0.161679  1.74669  1.67087  
0.712797  1.04054  0.798345  
0.0843632  1.54608  2.84553  
0.905383  0.336404  1.29978  
1.77844  0.08144  0.495036  
0.148232  2.04623  1.28509  
1.91321  0.0500575  1.79352  
0.680397  1.17712  0.070644  
1.65163  0.123617  0.47474  
0.296184  0.057558  4.65957  
1.28705  0.0583617  2.74568  
0.464935  0.870796  1.74255  
0.867484  0.812378  0.706837  
1.62699  0.146147  0.0799849  
0.32819  0.425924  3.44001  
0.545792  0.759988  1.37602  
1.75296  0.106851  0.060752  
0.504852  1.4687  0.378567  
1.87891  0.0538636  0.716934  
1.58891  0.163972  0.105965  
0.263005  0.6343  2.66058  
0.425716  1.64517  0.730631  
0.279891  2.06653  0.965381  
0.0591581  1.46547  3.00394  
1.24824  0.376458  0.676529  
0.135308  2.04403  1.31188  
0.574397  0.566725  2.35439  
1.42479  0.263901  0.334749  
0.380452  1.75531  0.759379  
0.0486943  3.62351  0.150391  
0.337399  0.399756  3.57071  
0.884723  0.22657  2.16772  
0.131442  1.86559  1.5957  
1.43345  0.233888  0.251479  
0.049316  0.508416  4.6748  
0.997596  0.606719  0.353577  
0.171367  2.66316  0.0486791  
0.356029  1.87611  0.377277  
1.09373  0.482151  0.978662  
0.236588  1.59577  1.37297  
1.71652  0.0976371  0.583198  
0.814284  0.884461  0.646419  
0.232739  0.657047  3.52644  
1.10597  0.469135  0.999257  
0.250541  0.660104  2.61062  
1.17401  0.452522  0.17475  
0.0733243  2.27726  2.27154  
1.14122  0.101725  1.98588  
0.736906  1.00562  0.922797  
0.108844  2.92958  0.427916  
0.0951277  0.0667455  5.48544  
0.0810394  2.17938  1.58922  
0.437702  1.60644  0.949124  
0.353298  1.89215  0.766998  
1.24004  0.397014  0.131838  
0.250502  0.675789  2.73195  
1.54645  0.153198  1.01862  
0.887069  0.269951  2.09115  
0.269161  0.614721  2.67284  
1.48477  0.196967  0.492468  
0.406752  1.78864  0.0916948  
0.545466  0.329193  2.53844  
0.440013  1.61966  0.621943  
0.861263  0.817381  0.965716  
0.453563  0.810128  2.18825  
0.383604  1.70364  0.945614  
1.55431  0.165798  0.196889  
0.640336  0.514298  1.80782  
0.111173  0.483995  3.91108  
0.174453  0.282087  4.03818  
0.666657  1.16113  0.114038  
0.634028  0.559603  1.68402  
0.51822  1.4201  0.61222  
0.0993775  0.389075  4.48034  
1.13283  0.491287  0.342692  
0.533957  0.707129  1.65373  
0.986879  0.218163  1.91662  
0.067748  0.14058  5.64537  
0.605514  1.30536  0.119334  
0.892322  0.217212  2.242  
0.125442  0.294786  4.19961  
0.241673  0.644252  3.02636  
0.647845  0.619084  1.34221  
1.52671  0.206807  0.0904725  
0.41902  0.984491  1.42182  
0.671391  1.10132  0.114662  
0.359909  0.382795  3.04399  
0.706961  1.17014  0.0805296  
0.826158  0.898489  0.261844  
0.410016  0.311415  3.56391  
0.921196  0.689234  1.00151  
0.507596  0.715813  1.96755  
0.254297  2.24048  0.14417  
0.340874  1.9543  0.0615425  
0.157163  0.883493  3.60067  
0.55095  0.179016  3.50112  
0.396424  0.110821  3.69105  
1.43857  0.259611  0.196655  
1.42156  0.258915  0.377206  
1.12117  0.104755  2.17121  
0.186525  1.65586  1.48697  
1.0869  0.518952  0.387786  
1.51861  0.195908  0.176408  
0.460931  0.295774  3.36719  
0.0466062  3.82068  0.0704699  
0.748163  0.353359  2.06015  
0.162031  2.53704  0.838639  
0.096742  3.04242  0.178573  
1.0991  0.538545  0.303737  
0.161917  1.71306  2.06894  
1.91034  0.0480646  2.21538  
0.612091  1.28507  0.185855  
0.0614054  2.55056  1.28845  
0.350128  1.08861  1.41792  
0.0432154  3.76922  0.167299  
0.0920729  1.2103  2.89947  
0.997717  0.204876  1.82261  
1.92211  0.0598512  0.123629  
0.404339  0.359811  2.96835  
0.408964  1.73508  0.416335  
1.89419  0.054813  0.444601  
0.36939  1.84601  0.274734  
0.945752  0.779587  0.0793362  
0.916899  0.823637  0.0833512  
0.27463  2.22784  0.0587949  
0.775995  0.983262  0.26396  
0.570018  0.642901  2.39436  
0.838698  0.83644  1.0025  
0.0641616  0.136359  5.69913  
0.0699093  0.822445  3.66164  
1.36839  0.25963  0.729596  
1.31166  0.366259  0.0765114  
0.993575  0.200679  2.0415  
0.585902  0.721225  1.27497  
0.834723  0.890521  0.208919  
0.144817  1.77835  1.87688  
0.100104  0.403215  4.02403  
0.155421  0.952845  2.88043  
1.05705  0.54993  0.621151  
0.928912  0.704162  0.523977  
0.897545  0.801219  0.160807  
0.327502  1.14158  1.96799  
0.13752  0.277251  4.60964  
0.495978  0.199205  3.54815  
0.189081  1.66455  1.34476  
0.629944  0.624537  1.73818  
0.181811  0.741909  3.5399  
0.177874  0.235922  4.28988  
0.253595  2.21616  0.671836  
1.22605  0.443594  0.137215  
0.293201  0.0940587  4.58064  
0.130444  1.00685  3.42376  
0.23538  2.33426  0.275462  
1.31028  0.101517  1.32358  
0.599465  1.31936  0.115868  
0.0959495  1.07941  3.39747  
0.398231  0.939904  2.03303  
0.193573  1.57971  2.23882  
1.23285  0.380426  0.323646  
1.35703  0.269932  1.21036  
1.04777  0.576104  0.496543  
0.371891  1.82385  0.513644  
0.0825852  0.578526  3.73339  
0.473123  1.48939  0.929912  
1.61456  0.162539  0.0710472  
0.248242  2.26077  0.382228  
0.899957  0.269035  1.4635  
0.705592  0.118501  2.46346  
0.396993  0.400499  2.771  
0.933456  0.754804  0.120318  
0.391135  0.514717  2.81385  
0.116523  2.91898  0.315069  
0.404522  1.76554  0.647574  
0.329987  1.21745  1.59111  
0.103619  0.361301  4.45726  
0.102939  3.05115  0.0429897  
1.36388  0.321811  0.0687347  
0.374728  1.77774  0.365153  
0.823938  0.860524  0.422735  
0.664294  0.464307  1.75322  
1.61836  0.139353  0.144496  
0.193898  0.795431  3.07322  
0.283045  1.2866  1.90893  
0.553031  0.182092  2.94841  
0.752158  0.0922952  2.46862  
0.952511  0.251075  1.67328  
0.687995  0.164918  2.48632  
0.0590856  0.540103  4.63342  
0.148871  0.262709  4.62443  
0.143363  2.70117  0.969077  
0.645411  0.61763  1.58306  
0.0667925  0.133445  5.80501  
1.04088  0.582527  0.288436  
0.525923  0.752735  1.38448  
0.203236  0.199206  4.18236  
1.81659  0.0812217  0.116058  
0.118786  0.0575971  5.44452  
0.675317  1.12773  0.0839582  
0.6374  0.110669  3.62295  
1.48156  0.178994  0.938498  
0.857573  0.838856  0.0817654  
0.684316  1.08853  0.266733  
1.23563  0.342983  1.01791  
0.408967  1.72357  0.0415032  
1.53327  0.202799  0.0741414  
1.77239  0.102267  0.0705069  
0.18297  0.274392  3.71978  
0.580787  0.571083  2.20209  
0.0499987  3.57479  0.248153  
1.82196  0.0939166  0.0668571  
0.595802  1.36184  0.138442  
0.499233  0.732082  2.44095  
0.1442  2.76837  0.0541205  
0.42326  0.908856  1.75858  
0.384166  1.83194  0.219219  
0.0675865  3.42788  0.0562662  
0.523804  0.181927  3.51264  
1.88043  0.0674517  0.286133  
1.27486  0.373343  0.0600508  
0.584328  0.785688  1.30294  
0.318352  2.10341  0.0768894  
0.117045  1.35582  2.50648  
1.49342  0.20314  0.231129  
0.37754  1.76781  0.62479  
0.562641  0.73308  1.36751  
0.424208  0.320701  3.06141  
0.0765951  0.1224  5.45551  
1.82926  0.088148  0.114288  
0.131199  1.01967  2.6435  
0.96474  0.215218  2.04697  
1.74472  0.0989238  0.134735  
0.0470928  2.56132  1.23433  
0.333836  2.10255  0.0746024  
0.158365  1.96195  1.28628  
0.441146  0.900754  1.47186  
0.759778  0.398837  1.93661  
0.609654  1.21271  0.8434  
1.73946  0.0929816  0.351571  
0.646534  1.15325  0.14726  
0.855998  0.835194  0.722857  
0.27519  1.26132  2.19255  
0.575884  1.26112  0.363227  
0.0796132  0.157884  4.99788  
0.713605  0.529857  1.31091  
0.0682271  1.27679  3.00441  
0.674402  0.163333  2.55799  
0.698955  0.098645  3.40669  
1.12416  0.571021  0.110621  
0.727664  0.0952095  3.38238  
1.78807  0.0942238  0.102452  
1.23608  0.360559  0.892798  
0.975678  0.638504  1.2321  
0.449052  0.346446  2.47258  
0.0742884  1.57223  2.70575  
0.237602  1.41382  2.42879  
0.135343  0.0540338  5.0223  
1.06234  0.645448  0.0926577  
0.113329  3.01293  0.0698882  
0.157168  0.238556  4.59405  
0.0670044  1.49837  2.88937  
0.801612  0.961107  0.268293  
0.590942  0.589384  2.13576  
0.762215  0.489499  1.29277  
0.324813  1.10396  2.08297  
0.0498983  3.58552  0.0632963  
0.960566  0.291961  1.29637  
0.52253  0.212497  2.96049  
0.415703  1.64996  0.509055  
1.04233  0.172026  1.94993  
1.64558  0.127588  0.557046  
0.241259  0.195591  3.8508  
0.747944  0.500236  1.29998  
0.133735  0.0526715  5.02973  
0.47622  1.51416  0.306177  
0.362898  0.996101  2.36332  
1.93227  0.0608863  0.0965852  
0.949514  0.221272  2.2039  
0.1133  1.39785  2.48419  
0.293211  2.11309  0.296408  
0.143864  0.330848  3.64487  
0.910934  0.0618211  2.51125  
0.572159  0.726912  1.35974  
1.28387  0.29524  1.21168  
0.306182  2.07135  0.379954  
0.0554872  1.83743  3.13642  
0.700134  1.07807  0.521491  
0.133841  0.0847677  4.83897  
0.989176  0.684099  0.17599  
0.586795  1.34855  0.347601  
1.26484  0.376301  0.681348  
0.26722  1.37153  1.26297  
1.0726  0.189222  1.78818  
0.160696  2.65862  0.149809  
0.767383  0.485745  1.31087  
0.704357  0.10485  3.00246  
0.445523  0.909032  1.25404  
0.105511  0.499477  3.65078  
1.64526  0.157489  0.0685939  
0.250684  2.17704  0.765885  
0.725566  1.04  0.0992788  
0.557145  0.213501  2.81585  
0.696771  1.07082  0.863811  
0.971018  0.212639  2.13543  
0.47549  0.86629  1.51862  
0.0954869  0.420796  4.0531  
0.912478  0.730868  0.792155  
0.927526  0.219631  2.21794  
0.14465  0.988368  2.62258  
0.116659  0.0564222  5.47663  
0.977779  0.698801  0.255897  
1.0036  0.710375  0.108231  
1.29557  0.0739141  1.36856  
0.789764  0.40218  1.57232  
0.659295  0.513491  1.32393  
1.9267  0.0531444  0.262688  
1.27975  0.347137  0.168697  
0.339716  0.385221  3.61001  
1.55221  0.15546  0.469416  
0.359138  0.504197  3.09017  
0.275484  2.16289  0.0416589  
0.978456  0.694488  0.425199  
0.418968  0.867006  2.29778  
1.26947  0.36524  0.149593  
0.352777  1.89826  0.672722  
0.111151  1.13818  2.82104  
0.242695  2.29698  0.062294  
0.103103  1.4855  2.6411  
1.26744  0.332452  0.836895  
0.182918  0.945505  2.82652  
