1.9416  0.0484207  0.499182  
0.146682  2.74526  0.0394401  
0.0467585  2.5411  3.17339  
0.277324  0.0638784  6.06337  
2.01433  0.0525505  0.309184  
0.051121  3.88019  0.0536434  
1.9904  0.0559551  0.211954  
0.0844253  0.108442  5.6595  
0.0787712  0.132611  5.81409  
0.0680893  3.38967  0.160181  
0.109193  2.9894  0.0493548  
0.0531162  3.79455  0.838139  
0.0478754  3.84706  0.139685  
0.0624927  3.57577  0.0902616  
1.88786  0.0636495  0.0529144  
0.0594313  3.6366  0.799458  
0.0508411  1.14389  5.98244  
0.0745604  3.3373  0.0464893  
0.0661172  3.44972  0.326464  
0.0969528  3.04605  0.2449  
0.054301  3.76456  0.189461  
1.72307  0.0953577  0.0496815  
0.0641539  0.0646775  5.9436  
0.833452  0.375635  1.37211  
1.74564  0.089139  0.325648  
1.82202  0.0784652  0.0527935  
0.0773189  0.162839  5.878  
0.864888  0.287415  1.72818  
1.90826  0.0615727  0.0547176  
0.329698  0.0684979  5.28233  
1.71051  0.0984856  0.669565  
0.0709917  3.50541  0.0543687  
0.0588971  3.68949  0.656026  
1.86253  0.0554752  1.24552  
0.108772  0.0845145  5.21433  
0.815777  0.891348  0.187619  
1.37434  0.222826  1.10441  
0.102332  3.11707  0.0754985  
0.0936555  0.823282  3.77359  
1.83609  0.059936  0.199928  
0.127502  0.374031  4.49629  
0.136673  2.76606  0.208413  
0.121529  2.95234  0.0498301  
0.231239  0.0746447  5.5311  
0.190904  0.220121  4.54291  
0.481017  0.0653342  4.25662  
1.43175  0.217828  0.874885  
0.0490246  2.83007  2.75087  
0.0559455  3.73076  0.329628  
1.91986  0.0530285  0.267308  
0.189277  0.270003  4.17631  
0.0863713  0.102517  5.60581  
0.0699484  3.5397  0.0712322  
0.100547  0.0794387  5.57973  
1.65441  0.126755  0.0527565  
1.32784  0.260598  0.818928  
1.20738  0.0566007  5.43293  
1.80041  0.0804042  0.154007  
0.0669193  3.47967  0.316555  
1.86387  0.0761123  0.114042  
0.125733  2.89756  0.957778  
0.109969  0.622732  3.72402  
0.472086  0.229343  3.53673  
0.150349  2.71229  1.117  
1.77765  0.0819159  0.70301  
0.0951957  0.102699  5.39327  
1.39528  0.256722  0.588165  
0.074008  0.559635  4.12684  
0.0743605  2.46212  1.70624  
1.36474  0.262448  0.0717906  
0.791402  0.119949  2.49186  
0.281109  2.08223  0.774682  
0.23183  0.0729993  5.49669  
0.418787  0.922615  1.95718  
0.782347  0.885187  1.06014  
0.0907061  2.14861  1.98635  
1.39825  0.236502  0.124834  
0.0848953  3.19676  0.18598  
0.371991  0.439333  2.69896  
0.0811965  3.15474  0.879946  
0.370979  0.0791061  5.09135  
0.0890225  2.11512  2.41103  
0.0646095  3.55289  0.597112  
0.151461  2.66652  1.09968  
0.463613  1.513  1.09089  
0.805137  0.862137  0.607288  
0.225688  2.39307  0.453902  
0.255954  0.19987  3.94267  
0.143182  2.79493  0.203077  
0.0573289  1.46578  2.7937  
1.14727  0.164024  1.45772  
0.962515  0.233201  1.46641  
0.0598864  3.65566  0.0579036  
0.634983  0.0967902  3.33419  
0.0522628  1.20424  5.3622  
0.917623  0.737994  0.403538  
0.0852204  0.468841  4.72201  
0.982383  0.185784  2.0875  
0.185378  0.842299  2.84801  
0.183264  0.757448  3.50773  
1.00414  0.173678  2.11611  
0.103634  0.460834  4.29393  
0.515954  0.239841  2.65738  
0.901518  0.249924  2.27513  
1.93514  0.0572058  0.0512887  
0.70723  0.536414  1.62464  
0.165127  0.83301  2.92994  
0.0468309  1.26036  5.32834  
0.326839  0.449972  3.56132  
1.67187  0.114895  0.0498052  
0.0573286  2.57107  2.02373  
0.091126  0.0901153  5.8454  
0.245254  0.660831  2.44735  
0.155098  0.473078  3.69873  
0.726695  0.364158  2.21852  
0.0570198  2.34405  4.4309  
0.434122  0.0854503  3.98175  
0.144418  2.86353  0.0779513  
0.261453  0.165236  4.76829  
0.0868528  0.11322  5.46124  
0.220316  2.32353  0.690371  
0.59184  0.6761  1.41892  
0.395804  1.74966  0.888855  
0.130157  1.01626  3.61438  
0.303032  0.556943  2.96647  
0.566243  1.28306  0.991249  
0.241419  0.619295  3.28419  
0.058259  0.912117  4.7064  
1.12418  0.138832  1.87268  
0.317028  1.99011  0.419509  
1.69538  0.108733  0.197938  
0.844372  0.0702249  2.88349  
1.59681  0.16247  0.0561043  
0.881465  0.880342  0.081662  
0.438934  1.68766  0.0521937  
0.146774  0.311019  4.62612  
0.1045  0.0930328  5.03859  
0.927303  0.699816  1.01728  
1.24054  0.400043  0.0786975  
0.339843  1.8899  0.882314  
0.122093  2.01566  1.41708  
0.285511  2.19744  0.294  
1.41737  0.268875  0.0581567  
0.761379  0.362608  2.15604  
1.34607  0.313028  0.203514  
1.25175  0.356851  0.549519  
0.209353  2.41314  0.450255  
0.485449  0.752651  2.07679  
1.34006  0.243196  1.17161  
0.0671491  1.61501  2.56705  
0.724104  0.540434  1.43459  
0.446166  1.59831  1.03956  
0.569789  1.3258  0.755992  
0.134551  2.89251  0.132309  
0.380811  0.387575  3.1066  
0.51133  0.202858  3.39532  
0.0758738  2.34752  1.38767  
0.100067  0.189949  4.85677  
1.21174  0.0568454  5.30476  
0.0655403  2.24109  2.30469  
0.127163  1.87686  1.28769  
0.948182  0.2322  2.27732  
0.740179  0.988309  0.26383  
0.128705  2.80873  0.898235  
0.0755365  3.26986  0.734794  
0.0870937  3.29325  0.0554559  
0.469704  0.897999  1.80701  
0.200968  1.53884  2.03566  
0.0561288  3.70472  2.16404  
0.857435  0.304039  2.06741  
0.195901  0.248373  4.39136  
0.118862  0.519191  4.00777  
0.24277  2.43744  0.0805921  
0.433747  0.089315  4.04834  
0.232802  2.36315  0.533087  
1.78984  0.078671  0.272962  
0.334727  1.09474  2.23613  
0.301557  2.04629  1.00781  
0.37403  0.370482  3.13167  
0.077683  2.13764  2.33557  
0.747731  1.00369  0.0461491  
0.166072  0.315686  4.1939  
0.669394  0.560763  1.71999  
0.404271  1.73561  0.0973184  
1.28088  0.297881  1.18031  
0.521307  1.37211  1.15689  
1.17257  0.118754  1.69568  
1.09265  0.15709  1.69407  
0.160485  2.65591  0.254715  
0.549721  0.170529  3.37248  
0.307242  1.11134  2.13615  
0.907465  0.781397  0.175735  
0.331017  1.92857  1.0765  
0.107925  0.107255  4.98222  
0.0998296  2.09339  2.37896  
1.3097  0.279685  1.1696  
1.46478  0.205142  0.852117  
0.632581  1.18501  0.591536  
0.253025  0.193209  4.3415  
0.089865  3.22713  0.143074  
0.0519428  2.37226  3.21786  
0.0917657  3.07555  0.644785  
0.852045  0.862625  0.359738  
0.0881111  1.14236  3.48772  
0.401449  1.76297  0.369043  
0.156405  2.69111  0.463264  
0.995954  0.214142  1.63441  
0.103953  0.443009  4.59489  
0.185584  0.794268  3.17827  
0.113307  1.05126  3.40429  
0.238758  0.166531  4.797  
1.53601  0.168458  0.0718976  
0.382639  1.83122  0.336116  
0.250249  2.30963  0.0508551  
0.25075  2.22578  0.206728  
0.651572  1.13862  0.930426  
0.198006  0.257294  3.90627  
0.140229  2.72008  0.477824  
0.169561  1.71324  2.45103  
0.254601  2.21219  0.264532  
0.282256  2.27541  0.130881  
1.18107  0.432723  0.484914  
0.642167  1.24297  0.131227  
1.50672  0.175596  1.19699  
0.181309  0.23852  4.67347  
0.132443  2.84757  0.859907  
1.61381  0.126626  0.844967  
0.507391  0.815422  1.49227  
0.179135  0.279258  4.2355  
0.58015  1.31224  0.92151  
0.10582  3.05407  0.126304  
0.558523  0.648835  1.94112  
0.442503  1.66456  0.243233  
0.720769  1.08271  0.233312  
0.412861  0.481581  2.55293  
1.44342  0.208257  1.20038  
1.13161  0.485891  0.332657  
1.47037  0.224071  0.15763  
1.54913  0.142874  0.724645  
0.182068  2.62593  0.0733307  
1.60554  0.138123  0.185518  
0.303001  2.03156  1.004  
0.0996815  0.458662  4.5754  
0.583949  1.30334  0.14937  
1.08095  0.153761  1.75549  
0.096553  0.702778  3.83733  
1.418  0.267273  0.0679054  
0.173473  1.77559  1.30953  
0.700617  0.0747164  3.24553  
1.16002  0.487189  0.0608425  
0.357073  0.0917487  3.6766  
0.403056  0.876596  2.30038  
0.696094  1.03586  1.04639  
0.704332  1.09716  0.675404  
0.0711572  3.31647  0.677001  
0.351448  1.90395  0.663261  
1.83415  0.0760111  0.584562  
0.585959  0.689204  1.40328  
0.34412  0.119258  3.87798  
0.091807  0.804054  3.81054  
1.04103  0.176315  1.28186  
0.361426  1.05908  2.31159  
0.384735  0.412768  2.90074  
1.4923  0.187166  0.520941  
0.364059  0.0803183  4.68857  
0.319886  0.503743  3.02713  
1.06542  0.556671  0.392894  
0.29639  1.99528  1.06135  
1.0122  0.638885  0.0537822  
0.188965  2.53499  0.62044  
0.082152  0.728044  3.86959  
0.680687  0.467881  1.89453  
1.1029  0.110214  2.51558  
0.195725  0.262854  4.42412  
0.411913  1.82235  0.0835721  
0.0632682  2.42906  2.17188  
0.109789  0.08668  4.91329  
0.112784  2.9357  0.307505  
0.145494  2.69943  1.22908  
0.140786  0.548836  3.78946  
0.173786  0.293858  3.9185  
0.432064  1.70343  0.110466  
1.48081  0.20782  0.495429  
0.0604226  1.48465  2.59311  
0.540295  0.719775  1.79226  
0.629296  0.523203  2.3573  
0.150646  1.09354  2.47361  
0.0704779  3.45914  0.057011  
1.25999  0.323685  0.637771  
0.0790806  0.17507  4.94081  
0.632138  0.129454  3.64547  
0.448113  0.965196  1.68281  
0.178412  2.54985  0.463565  
1.57027  0.0511815  3.34963  
0.644388  1.20305  0.146875  
0.582132  1.28688  0.858642  
0.451008  1.63806  0.254555  
0.194149  2.49116  0.19353  
0.330565  1.97213  0.0420468  
0.849698  0.77275  0.490384  
1.08906  0.490277  0.489242  
0.386986  0.369676  3.25639  
0.0751956  0.538088  4.22462  
0.693314  1.12884  0.168965  
1.11299  0.518268  0.0951991  
0.192129  2.56223  0.274274  
0.0913231  0.607395  4.09687  
1.1169  0.164805  1.49681  
0.346882  1.15562  1.56822  
0.0941387  3.1809  0.0604494  
0.217631  1.37347  2.39588  
0.116431  2.04043  1.51638  
0.923733  0.729416  0.214526  
0.267737  2.25686  0.170257  
0.0854747  1.35671  3.43701  
0.425163  1.71662  0.0699309  
1.69077  0.108055  0.306874  
0.93883  0.692625  0.576579  
0.217025  0.0771895  5.19425  
1.10639  0.15118  1.57584  
0.286975  0.113567  4.64631  
1.76769  0.0917419  0.196593  
0.183157  0.256828  4.46309  
0.353612  1.86088  0.690692  
0.0988744  3.08854  0.235497  
1.19161  0.407922  0.683469  
0.528323  1.35169  0.941693  
0.349908  1.84256  1.21015  
0.215918  0.718121  3.15365  
0.203689  2.58743  0.10708  
0.390795  0.956443  1.84403  
1.07751  0.512064  0.444784  
0.0533586  3.71605  0.383105  
0.327771  1.95351  0.64679  
0.639098  0.563643  1.60318  
0.264517  0.602467  3.57588  
0.337373  0.542332  2.53257  
0.10646  3.10172  0.0562688  
1.02655  0.583961  0.571134  
0.930886  0.235565  2.25523  
1.58478  0.165433  0.0976998  
0.490011  1.56217  0.558476  
0.299616  0.588927  2.84584  
1.68051  0.114824  0.0477845  
0.083821  3.23972  0.176549  
0.110956  1.06972  3.46332  
0.139096  0.982722  3.28175  
0.215026  2.37606  0.872013  
1.50509  0.0518603  2.00651  
1.0201  0.599053  0.495279  
0.401413  0.340588  3.58657  
0.659591  1.11348  0.941792  
1.00188  0.163163  2.36725  
0.947051  0.665757  0.755328  
0.295883  1.22074  2.19631  
0.991348  0.670006  0.0701359  
0.809503  0.856376  1.14207  
1.19472  0.436536  0.216312  
0.272079  0.566554  3.33759  
1.0586  0.575601  0.142683  
1.55912  0.159053  0.324113  
1.62067  0.142751  0.128431  
0.684897  0.426849  1.87959  
0.0784567  0.165691  4.95945  
0.294322  2.06655  0.847989  
1.75644  0.0953263  0.244649  
0.117614  1.3407  3.08292  
1.18637  0.0816404  1.9057  
0.565175  0.638262  1.93364  
0.756408  0.950737  1.22612  
0.324322  2.0188  0.229441  
1.28397  0.38895  0.115877  
0.45336  0.341688  2.99253  
1.45727  0.0522372  1.86109  
0.234752  0.624799  3.19927  
0.239164  0.657794  2.72044  
0.433416  1.60883  0.348562  
0.378656  1.16188  1.33215  
0.315008  0.548441  2.6235  
0.836396  0.0716427  2.77787  
0.204967  0.740211  3.08479  
0.0570248  0.261081  4.82953  
0.776654  0.936096  0.110098  
0.612451  0.664526  1.27214  
0.162199  1.80371  1.34916  
1.44737  0.209394  0.814481  
0.422769  1.65097  1.21721  
0.971594  0.613624  0.900433  
1.57412  0.15139  0.144152  
0.626096  0.621031  1.64987  
0.157002  2.73609  0.0692608  
0.0756291  0.528599  4.31717  
0.171488  1.62753  1.82323  
0.975528  0.196154  2.19877  
1.16236  0.129367  1.48176  
0.599317  0.653143  1.47176  
0.309696  2.16231  0.184693  
0.296939  2.12337  0.204932  
0.213166  2.5069  0.0834101  
0.270452  2.18455  0.788151  
0.60174  0.555523  2.32809  
0.446207  1.674  0.06766  
0.673902  1.14544  0.112852  
0.118084  0.425716  4.45198  
0.0803808  3.25635  0.664881  
1.31774  0.334219  0.0605822  
0.0638561  2.47713  1.31656  
0.985635  0.683339  0.0587987  
0.372373  1.91322  0.0678279  
0.169582  1.56969  1.99705  
1.05124  0.574492  0.18336  
1.52429  0.185032  0.140135  
0.20894  2.5228  0.0561577  
1.48443  0.19973  0.180541  
1.16709  0.483528  0.707581  
1.31324  0.342892  0.0644732  
1.51638  0.179951  0.483379  
0.634476  1.21431  0.546777  
0.276562  0.158744  4.00006  
0.222335  1.50112  1.24564  
0.120216  0.386594  4.3607  
0.553973  0.182498  2.74246  
0.766544  0.972872  0.31234  
0.291334  2.10464  0.384188  
0.0829247  1.43423  3.01686  
0.677307  1.11923  0.811046  
0.429269  1.65588  0.746243  
0.174774  0.353952  3.66714  
0.0901771  3.16917  0.361826  
0.375586  1.85269  0.463101  
1.06107  0.561343  0.62961  
0.137472  1.06465  3.21098  
0.545243  0.718585  1.78027  
0.475203  1.49932  1.07527  
1.52899  0.163192  1.17534  
0.577059  1.32492  0.109099  
0.152815  2.64046  0.732427  
0.114033  1.35786  2.74499  
0.240702  1.40866  1.86219  
1.20945  0.0568587  5.34179  
0.117161  0.112085  4.88895  
0.503229  1.48816  0.268245  
1.29771  0.0612082  1.26779  
0.258066  2.26302  0.165067  
1.23426  0.418567  0.132336  
0.214157  0.743592  3.04411  
0.370483  0.0808986  4.11226  
0.279794  0.135316  4.08167  
0.162829  2.60489  1.14459  
0.492602  1.53033  0.192493  
1.30307  0.380062  0.0723961  
0.887448  0.801356  0.294961  
0.457655  1.56341  0.211625  
0.223559  1.45313  1.65593  
0.754468  0.0873179  2.54533  
1.34505  0.0607976  1.82947  
0.341942  1.96387  0.224789  
1.37109  0.306335  0.0654227  
0.178106  2.60992  0.13302  
1.27617  0.0704303  2.64125  
0.279169  0.142753  4.06458  
0.477226  0.962204  1.75889  
0.495627  1.5516  0.104239  
0.654384  1.22482  0.0691822  
0.454658  1.58113  0.283998  
0.6197  1.23374  0.150553  
1.45255  0.243622  0.0634635  
0.397763  1.01066  1.74435  
0.308515  0.492996  3.45871  
0.377083  1.78889  0.901956  
0.0932636  0.116608  5.17428  
0.731364  1.00795  0.55466  
1.14461  0.131887  2.14129  
1.54689  0.186452  0.0646878  
0.525034  1.41872  0.865756  
0.686191  1.11968  0.564067  
0.31986  2.06356  0.0970787  
0.557427  1.37728  0.432411  
0.119619  1.1574  2.59156  
0.384041  1.81207  0.399057  
0.529166  0.178135  3.6299  
0.176674  1.59431  1.94552  
0.436353  0.313243  3.05387  
0.995218  0.0589834  5.14982  
0.894265  0.295387  1.25742  
1.51663  0.169436  0.438264  
0.244256  2.29859  0.11923  
1.627  0.127826  0.839111  
0.90769  0.794684  0.0818976  
0.103173  0.104463  5.11221  
1.04622  0.590987  0.513027  
0.736391  0.976002  0.915173  
0.0754953  2.47167  1.59567  
0.120249  2.92482  0.223927  
0.0579511  2.85558  1.30309  
0.184621  0.87785  2.82215  
0.192765  0.852843  2.7634  
0.22965  0.177908  4.7783  
0.22602  1.44141  1.66785  
1.02499  0.182046  1.9133  
1.20991  0.0595451  5.006  
0.322771  0.475325  3.42095  
0.718174  0.124107  2.65  
1.32264  0.325867  0.360311  
0.773523  0.944452  0.13566  
0.0622542  2.80353  1.26705  
0.367659  1.03084  1.60031  
0.499718  0.708407  1.94815  
1.20044  0.380428  0.744021  
0.399397  0.49621  2.52201  
0.809556  0.8319  0.5004  
1.25463  0.327556  0.64414  
0.392111  1.02203  1.76496  
0.30464  2.17101  0.0846921  
0.418792  1.07214  1.32369  
0.388542  0.939903  2.04379  
0.715321  1.0947  0.233393  
0.643454  1.17084  0.53939  
0.0972363  0.706232  3.83036  
0.126607  1.17608  2.48085  
1.03213  0.632564  0.15926  
1.0157  0.224904  1.27587  
1.29141  0.0757095  1.90094  
1.58238  0.145514  0.188651  
0.493381  0.31796  2.91237  
0.164638  2.59178  1.06958  
0.189081  2.50094  0.791285  
1.13829  0.132352  1.79021  
0.228053  0.852643  2.49459  
1.76396  0.0931829  0.239323  
0.0799255  3.26119  0.427759  
0.39462  0.925616  2.04847  
0.64911  1.1436  0.695344  
1.64487  0.127108  0.287422  
0.535383  0.168061  3.42254  
0.29456  0.119803  4.37847  
0.328966  0.533176  2.82277  
1.63094  0.148863  0.0575842  
0.199415  2.42728  0.405292  
0.420764  1.65482  1.23826  
0.574296  0.564336  2.34477  
0.0529202  0.589361  5.11962  
0.264681  1.26837  1.92282  
0.838111  0.323183  1.85492  
0.738704  1.00061  0.156269  
1.21507  0.463783  0.0752665  
0.237128  0.725162  2.91688  
0.234838  0.221451  4.32376  
0.11319  2.91565  0.305828  
0.934803  0.746741  0.0786217  
0.317899  1.27671  1.32086  
0.290867  1.27034  1.34452  
0.662555  1.17273  0.0513767  
0.189647  1.60899  1.53268  
0.183713  1.58385  1.99437  
0.133949  2.90444  0.10528  
0.499691  0.217213  3.37527  
0.16637  0.24007  4.57791  
0.57248  0.627982  2.11978  
0.43047  0.382371  2.72648  
0.49702  0.765823  1.81573  
0.566236  1.38423  0.0616555  
0.965857  0.248811  1.39957  
1.56788  0.154728  0.188736  
0.279797  2.17697  0.506487  
0.890665  0.685078  1.20212  
1.21933  0.445815  0.0798609  
0.269882  1.26193  1.53909  
0.258638  1.39705  1.28109  
0.373637  0.0706284  4.83838  
0.260768  2.10065  0.905063  
1.20487  0.421803  0.182123  
0.213449  0.10065  4.89226  
0.330208  1.93829  1.1752  
0.497431  1.42595  0.729327  
0.0654122  3.64543  0.0549057  
0.616865  1.22349  0.492188  
1.79605  0.0806839  0.0528461  
0.603699  0.592596  1.74473  
1.26531  0.368895  0.512853  
0.36116  0.405363  3.00151  
0.40598  1.79239  0.0858771  
0.109113  0.0824181  5.0124  
1.03144  0.158223  1.58561  
0.425004  0.398446  2.49163  
0.174625  0.806391  3.34624  
0.220154  1.45898  1.29833  
0.15045  1.79592  2.28337  
1.2747  0.330803  0.37414  
0.106599  0.0863744  5.03368  
0.310817  1.12786  1.58228  
0.861816  0.115564  2.50358  
1.49541  0.200414  0.147352  
0.0863659  3.30589  0.062185  
1.50055  0.185954  0.112725  
1.22708  0.384771  0.405809  
0.425008  0.327133  3.06513  
0.606719  0.693833  1.34588  
0.223629  1.44142  1.31034  
1.64505  0.143325  0.058153  
