0.923472  0.0466235  2.2466  
0.131589  2.88267  0.0480604  
0.0419282  3.69486  0.252386  
0.0474682  0.0475419  6.01533  
2.0374  0.0500162  0.0675273  
0.0496476  3.71718  0.0689098  
0.0555603  0.0569532  5.94  
1.98675  0.0563103  0.0967972  
0.0462311  0.0681363  5.55519  
0.0572855  0.0554048  5.79653  
0.0496502  0.0653562  5.63245  
1.93412  0.0556413  0.158528  
1.89126  0.0694576  0.0596831  
1.96087  0.055984  0.115665  
0.0524792  3.64958  0.0877032  
1.35821  0.273314  0.21837  
1.86383  0.0602634  0.0598719  
0.0663167  0.0635165  5.68681  
0.484936  1.62427  0.186241  
0.652138  0.128328  2.75673  
1.47322  0.0519317  0.936852  
0.141289  0.0990981  4.83805  
0.0614412  0.130888  5.03721  
0.0558828  3.22894  0.613952  
0.15869  0.217084  4.21486  
0.063692  0.0648647  5.48858  
0.543712  0.200379  2.70571  
1.75659  0.0801302  0.394796  
1.37483  0.137014  0.713006  
0.666806  0.632259  1.36975  
0.692447  0.0938429  3.01082  
0.0925667  0.0761527  5.11628  
0.0532479  3.60481  0.341142  
0.204239  0.216037  4.08139  
0.640057  0.163299  2.32368  
0.0916154  1.65661  2.08072  
0.098903  2.8059  0.40078  
0.064292  2.84386  1.00417  
0.563089  0.104798  3.26583  
0.773808  0.440511  1.47754  
1.58902  0.0898085  0.419986  
1.71556  0.0785335  0.473964  
0.0607017  0.0857068  5.34539  
0.478632  1.601  0.34256  
1.91745  0.0599541  0.159746  
0.275337  0.0788533  4.33189  
0.931082  0.43064  1.0833  
0.439117  0.459217  2.38126  
0.0819578  3.42626  0.0763515  
0.569726  0.142498  2.7887  
1.81152  0.0867347  0.0900317  
1.23911  0.16972  0.935984  
0.0957261  0.0807814  4.98005  
0.0714811  3.52488  0.0795023  
0.0695355  3.20035  0.250323  
1.60359  0.0748763  0.624428  
0.0731541  2.87107  0.685813  
0.764914  0.968312  0.174614  
1.22395  0.0969943  1.5637  
0.362697  1.50004  0.915186  
1.74157  0.08604  0.099023  
0.372779  0.103604  4.03364  
0.0719845  2.82544  0.836456  
1.79555  0.0623467  0.271175  
0.0534145  3.54782  0.299788  
1.25419  0.374446  0.278771  
1.97032  0.0550833  0.133739  
0.0612131  3.32811  0.400235  
0.143315  0.313716  4.18183  
1.63429  0.147713  0.131241  
0.110483  2.90833  0.262512  
0.327524  0.911693  1.88162  
0.0548603  3.11681  0.703026  
0.246702  1.44151  1.65754  
0.0568298  0.105055  5.27838  
0.0694712  3.57175  0.0690074  
0.0848378  3.30492  0.145182  
1.73363  0.0686178  0.558466  
1.26605  0.356745  0.409093  
0.270195  1.98922  0.665418  
0.102287  2.0016  1.85664  
0.149741  0.0833943  4.7882  
0.14558  2.74717  0.260871  
0.155761  0.626543  3.18149  
0.524524  0.112858  3.04645  
0.622137  0.388491  1.99344  
0.0794563  0.0725453  5.39803  
0.0748128  0.391268  4.37338  
1.15222  0.139681  1.41629  
0.151671  2.38986  0.810003  
0.975053  0.741976  0.233148  
0.175519  0.36529  3.57362  
1.52737  0.141704  0.540464  
0.0853528  3.34563  0.0823746  
1.49313  0.0537226  0.888851  
0.0740857  3.09323  0.548192  
0.0676068  3.60217  0.0659092  
0.675103  0.731833  1.11752  
0.0568302  0.159073  4.88257  
0.242835  1.12786  1.82773  
0.115148  2.47856  0.99807  
0.504785  0.347446  2.42277  
0.0581281  3.25513  0.586056  
1.70379  0.0981348  0.228587  
1.4048  0.31116  0.141533  
0.0888284  3.39981  0.0667813  
0.0706925  0.343662  4.4432  
0.127685  2.77466  0.360733  
0.490133  1.01686  1.33006  
0.320837  1.94659  0.153368  
0.164996  2.68725  0.147182  
1.855  0.0540294  0.394057  
1.90709  0.057349  0.269286  
1.72288  0.11929  0.138054  
0.998607  0.0906355  2.14777  
0.0616995  0.0601596  5.78438  
0.11544  2.96269  0.0700164  
0.634111  0.121492  2.83011  
0.0641755  0.0691029  5.4387  
0.130153  0.28385  4.25872  
0.064355  3.67446  0.0554171  
0.711967  0.664852  1.07218  
0.586911  1.2425  0.537513  
0.411568  1.00499  1.41422  
1.39525  0.198394  0.41001  
0.114871  2.99428  0.211484  
1.64793  0.0954843  0.337904  
0.186125  1.47219  1.70832  
0.226523  2.34114  0.254775  
0.0783275  3.14397  0.277523  
1.46335  0.199807  0.31568  
0.220592  2.14632  0.760909  
0.310544  0.393461  2.85724  
0.115052  0.0699456  5.02257  
0.301522  1.90633  0.389227  
0.187413  0.463528  3.54722  
1.34252  0.0987202  1.31732  
0.095723  2.03561  1.55088  
0.0658824  2.93036  0.999719  
0.118385  2.49725  0.805431  
0.340038  1.73862  0.431256  
0.100365  3.16957  0.0577763  
1.2883  0.376793  0.107217  
0.149499  2.7795  0.0763992  
0.861164  0.941908  0.123057  
0.899064  0.224661  1.68849  
0.147662  2.64729  0.385489  
1.76857  0.0695336  0.308625  
1.12286  0.239629  1.1399  
0.349849  0.0970903  4.15023  
0.311537  0.113839  3.94117  
0.23211  0.150296  4.10223  
1.66842  0.12399  0.213822  
0.0508719  0.0765894  5.46443  
1.77487  0.0710023  0.290591  
1.51614  0.205333  0.236697  
0.805639  0.133987  2.23143  
0.0903302  1.61218  2.12578  
0.429388  1.67553  0.282359  
1.08763  0.26154  0.97138  
0.191449  2.29778  0.522558  
0.0645096  2.66417  1.24892  
0.514991  0.115699  3.29438  
0.984432  0.421331  0.980182  
0.347738  1.26902  1.09561  
1.62188  0.181511  0.0767234  
0.937812  0.711823  0.491766  
0.295588  1.80781  0.801126  
1.54405  0.190234  0.139652  
0.0829763  0.0702764  5.25303  
1.62859  0.109838  0.333128  
0.870486  0.131491  2.29389  
0.431987  1.48614  0.605674  
0.0750445  3.45523  0.0903434  
0.0549545  0.0631141  5.73622  
0.0971621  2.7281  0.768793  
1.38591  0.112822  1.01569  
0.388123  0.0951058  3.98804  
0.943504  0.756636  0.226775  
1.6775  0.163639  0.0884968  
0.0936284  3.18892  0.153969  
0.476459  0.529833  2.03763  
0.0820079  2.94106  0.411137  
1.32706  0.243447  0.466004  
0.0800342  3.36512  0.143147  
0.181137  0.48172  3.38695  
0.145648  2.70464  0.303968  
0.649243  0.702871  1.23947  
0.122962  2.36261  0.973685  
0.162595  2.46041  0.35743  
0.0944896  1.75078  1.93868  
0.107433  1.11773  2.96429  
0.200241  2.31606  0.298058  
0.170902  2.51081  0.281098  
1.5563  0.0660956  0.773593  
0.0708842  0.325914  4.47527  
0.656083  0.351724  1.90274  
0.550615  0.288015  2.16948  
0.167935  1.52339  1.73592  
0.404392  1.15742  1.28725  
0.0749402  1.28915  2.44977  
0.124753  0.0603393  4.95195  
0.0606737  3.02273  0.762237  
1.41343  0.133014  0.584213  
0.157488  0.619355  3.20812  
0.280829  0.60853  2.54929  
1.68561  0.113557  0.178858  
1.98125  0.057556  0.0626449  
0.160403  2.56339  0.305746  
0.251382  0.266245  3.65011  
0.177696  2.57818  0.0741749  
0.356388  1.53323  0.94504  
1.19321  0.490795  0.0923584  
0.28565  1.97107  0.35727  
0.278736  1.22216  1.49052  
0.252657  2.33352  0.121584  
0.953942  0.203271  1.63278  
0.0600347  3.39225  0.20467  
1.78155  0.0886955  0.0809507  
1.8314  0.101433  0.0723849  
0.0792397  3.08032  0.551436  
1.57913  0.151636  0.400019  
0.318206  1.83655  0.366175  
1.24602  0.270805  0.628576  
1.56512  0.0629275  0.830929  
0.445829  0.746858  1.59451  
0.787284  1.03187  0.123126  
0.0711339  0.314115  4.52096  
0.794193  0.238764  1.78675  
0.11116  0.875911  2.88315  
1.16833  0.0810406  1.72377  
0.131169  1.1416  2.29348  
0.0650525  3.56314  0.192654  
0.0826572  0.101203  5.15895  
0.724297  0.833432  0.746818  
0.0757378  3.377  0.12375  
0.233341  1.35595  1.66484  
1.84422  0.0673678  0.150126  
0.0542782  3.44215  0.388409  
0.0483786  0.0983593  5.31641  
0.291179  1.32502  1.20259  
0.145756  0.101418  4.49416  
0.155206  2.52416  0.488295  
0.906124  0.559342  0.85102  
0.219661  1.82597  0.951745  
0.0587924  3.47295  0.321399  
0.0662698  3.15894  0.569874  
0.0821819  1.81361  1.97989  
0.603666  0.196818  2.39341  
0.0546335  0.0647541  5.7384  
0.893626  0.766472  0.494403  
1.45654  0.0742708  0.880855  
0.120245  1.57635  2.137  
0.188858  2.24011  0.623818  
0.293298  0.099747  4.12393  
0.686189  0.350084  2.00367  
0.533746  1.52032  0.22386  
0.079932  3.12596  0.364772  
0.201431  0.569229  3.07578  
0.212848  0.280847  3.74485  
1.02736  0.0930832  2.02985  
0.369443  0.129508  3.82601  
1.19785  0.282938  0.784055  
0.753493  0.635365  1.03206  
0.0768706  0.227114  4.55458  
0.178302  0.0699776  4.69285  
0.336106  1.23024  1.43313  
0.491061  1.31038  0.522203  
0.970523  0.404496  1.05784  
0.169814  2.13113  1.10917  
0.109432  0.131008  4.66186  
0.586942  0.111204  3.10534  
0.240299  2.22676  0.316676  
0.0932195  0.817066  3.6545  
1.11313  0.232706  1.21702  
0.642257  1.24556  0.0942488  
0.084081  2.44294  1.10583  
0.415887  1.66749  0.361891  
1.82442  0.0618905  0.240606  
0.0830699  1.19068  3.16199  
0.195657  1.88748  1.13434  
1.84014  0.0585868  0.318139  
0.265106  0.503026  2.89943  
0.131241  2.89344  0.103866  
0.0926262  0.0755981  5.12012  
1.00531  0.655998  0.26652  
0.194525  1.25412  2.20964  
0.0724529  3.48023  0.0946883  
0.421426  1.42681  0.74053  
0.456532  0.12639  3.42897  
0.13041  0.126466  4.72999  
0.139788  1.04744  2.66116  
0.0962264  2.99689  0.179554  
0.106039  2.69906  0.446856  
0.391952  1.54279  0.877677  
0.427076  1.37925  0.897068  
0.986352  0.242216  1.46285  
0.0538178  3.49881  0.530766  
0.440048  0.122516  3.60111  
0.958773  0.155603  1.72596  
0.639746  1.17351  0.225154  
0.0572154  3.04466  0.754834  
0.245035  0.27514  3.6322  
0.176835  1.92803  1.179  
0.46634  1.3949  0.619137  
0.4343  0.786484  1.80056  
0.54037  0.614262  1.91141  
0.359444  1.86029  0.324255  
0.137686  1.75583  1.75132  
0.261046  1.76277  0.856876  
0.268717  0.882469  2.43886  
0.679401  0.923772  0.646387  
0.235858  2.10703  0.546444  
0.332573  1.69949  0.655948  
0.171792  0.0718889  4.75461  
1.20648  0.484488  0.0857611  
1.30505  0.400616  0.0853475  
0.557213  0.910131  1.04847  
0.811487  0.107224  2.46409  
0.124794  0.528897  3.45163  
0.0848428  3.0163  0.392579  
0.235023  1.18791  2.01214  
0.0799682  0.475562  4.0162  
1.57459  0.114035  0.485227  
0.214804  2.30804  0.509126  
0.417701  0.179268  3.14616  
0.230751  0.375325  3.34556  
0.062369  2.65916  1.30575  
0.627848  1.26153  0.101264  
0.894566  0.772493  0.456442  
0.442548  0.328472  2.87144  
0.88619  0.0902417  2.55147  
0.219122  2.26861  0.429171  
0.128045  0.0645416  4.93127  
0.525397  1.34529  0.497015  
0.398317  0.451832  2.5657  
0.0872258  0.62219  3.67679  
0.601645  1.41811  0.16286  
0.0728457  3.50569  0.076973  
0.116576  2.59219  0.571218  
0.52388  1.02203  1.18266  
0.59078  0.959078  0.954189  
0.362573  0.56408  2.53068  
0.105907  2.07645  1.34236  
0.780875  0.851842  0.402  
0.903728  0.247327  1.57609  
0.50575  0.411226  2.26971  
0.578131  1.09574  0.591335  
0.557485  0.646227  1.63954  
0.0609221  0.0836995  5.40542  
0.38404  2.19755  0.143177  
0.0864957  0.61295  3.71362  
0.680359  1.0916  0.309937  
0.45892  1.06944  1.16368  
0.850875  0.381672  1.3586  
1.78963  0.0787298  0.265812  
1.81885  0.0718587  0.156446  
0.330738  0.752937  2.04271  
0.42094  0.106567  3.8063  
0.0939631  3.2685  0.0588163  
1.10127  0.313254  0.915152  
0.77984  0.668283  0.795603  
0.257919  2.06596  0.531561  
0.513056  1.3067  0.569892  
0.396442  0.141521  3.36401  
0.729507  1.07849  0.187298  
0.133962  0.657567  3.30354  
0.200067  2.40692  0.272639  
0.162566  2.00639  1.27933  
1.02191  0.0818013  2.19504  
0.239851  2.0912  0.40433  
1.14397  0.101235  1.57153  
0.375792  0.587873  2.48159  
0.213687  1.79482  0.977454  
0.451811  1.33524  0.839138  
0.507049  1.45745  0.388077  
1.03364  0.696052  0.166969  
0.269578  0.996693  2.06672  
0.51802  0.112032  3.48194  
1.38183  0.053119  1.27986  
0.238703  2.18627  0.409239  
1.17681  0.205415  1.00093  
1.07807  0.572962  0.265351  
0.375168  0.679317  2.23012  
0.787218  0.183716  1.96723  
0.533271  0.105474  3.24562  
0.169653  0.260748  3.78362  
0.273391  1.95877  0.421237  
1.6125  0.135522  0.414647  
0.967248  0.226603  1.60614  
0.702721  0.890129  0.600277  
0.224466  0.300216  3.40238  
0.705903  1.15059  0.0994057  
0.880888  0.251739  1.51428  
0.790391  0.823448  0.578132  
0.547723  1.39087  0.34607  
0.0475076  3.70548  0.0983596  
1.45014  0.191211  0.368333  
0.285217  2.04941  0.235441  
1.30162  0.198037  0.637649  
0.322146  1.48116  1.19707  
1.00977  0.546872  0.553019  
1.15863  0.165824  1.18086  
0.731808  0.650478  1.25232  
0.833323  0.378194  1.39215  
0.609585  0.0944681  2.97695  
0.993844  0.609752  0.549308  
0.078326  1.05328  3.31854  
0.152138  0.0628222  4.77677  
0.11519  0.194436  4.60381  
0.121796  0.0688367  4.90003  
0.376518  1.78681  0.379422  
0.238149  2.28408  0.257667  
1.31964  0.250186  0.453094  
0.838253  0.801872  0.613776  
1.69283  0.0531065  0.717972  
0.452027  0.124025  3.46698  
0.413022  1.77435  0.0896401  
1.01705  0.721631  0.155156  
0.153652  0.383854  3.85671  
0.17351  0.10065  4.30296  
0.0745834  2.63253  1.13309  
0.857385  0.301928  1.43793  
0.38093  0.354343  2.90934  
0.744367  0.510661  1.47162  
0.63171  0.859935  1.04913  
0.100062  2.15671  1.53665  
1.06936  0.277601  1.0062  
1.54992  0.125853  0.671892  
0.252117  2.37269  0.22943  
1.02908  0.170803  1.65011  
1.05521  0.116073  1.6837  
0.117225  2.96061  0.253627  
0.124046  1.39715  2.28276  
0.947635  0.203678  1.83596  
1.07565  0.476637  0.588095  
0.570701  1.28236  0.391458  
1.49921  0.108127  0.700071  
1.65145  0.0572319  0.609819  
1.50372  0.245393  0.0782914  
1.2807  0.334188  0.393201  
0.141936  0.406748  3.72781  
1.11678  0.336846  0.654553  
0.704138  0.601523  1.39142  
0.951493  0.534988  0.815684  
1.05732  0.595076  0.198785  
0.0984738  0.0664476  5.22436  
0.197333  2.60643  0.0611031  
0.164781  2.62589  0.170097  
0.2379  0.177679  3.85231  
0.160525  1.05415  2.59756  
0.0876673  3.06584  0.22093  
0.737865  0.421778  1.50855  
1.32175  0.359202  0.24482  
0.0687657  0.284002  4.69249  
0.216225  2.4519  0.199089  
0.589613  0.93189  1.00666  
0.321439  0.807277  2.10758  
0.0984602  0.176362  4.62519  
0.454234  0.788409  1.34266  
0.2082  1.87734  1.02622  
0.825395  0.584149  0.973206  
0.119341  1.09602  2.68644  
0.930317  0.866935  0.128601  
0.0827784  2.17327  1.55914  
0.494642  0.991817  1.32146  
0.457615  1.10746  0.879115  
1.66172  0.0547097  0.742347  
0.366501  0.152122  3.35166  
0.149985  1.87396  1.31733  
0.0972847  0.197204  4.5403  
0.529064  0.708902  1.49523  
0.246136  0.138041  3.9383  
0.0546093  3.28655  0.584395  
0.125442  0.133422  4.58853  
0.407314  0.721506  1.97516  
1.33224  0.0895674  1.45577  
0.204505  0.070227  4.57229  
0.697854  0.840355  0.958831  
0.559784  1.2273  0.562864  
1.33633  0.172192  0.774703  
0.139693  2.74002  0.351503  
0.875085  0.251747  1.76298  
0.675718  0.210702  2.19893  
0.0883621  2.73247  0.68071  
0.577476  1.58216  0.123228  
0.194666  2.55228  0.220738  
0.752093  0.827056  0.812077  
1.18511  0.145963  1.23445  
0.370463  0.128024  3.87803  
1.69567  0.145077  0.0732184  
0.126238  2.12246  1.12972  
0.091898  2.41291  1.55722  
0.68468  0.192951  2.21914  
1.65803  0.118958  0.243116  
0.253384  1.96203  0.80752  
0.261835  0.388276  3.22931  
0.18738  0.735419  2.6466  
0.05155  0.116447  5.16809  
0.177571  1.1832  2.25243  
0.142196  0.325771  3.90154  
0.201844  1.35014  1.70525  
1.09654  0.284903  0.927013  
0.298238  0.471931  2.91934  
0.108471  2.42497  1.05772  
0.846719  0.847397  0.373002  
0.103502  2.11457  1.54213  
0.312604  0.574225  2.62602  
0.496444  0.981744  1.26743  
1.05242  0.24588  1.29833  
1.06533  0.0737423  2.077  
0.526549  0.977923  1.1965  
0.762964  0.688471  1.02848  
0.84476  0.779176  0.52929  
0.837381  0.446528  1.19206  
0.0637448  3.68604  0.0553241  
0.437014  1.33141  0.869497  
0.192802  2.20802  0.753089  
0.947418  0.098289  2.0975  
0.0847647  2.02246  1.85303  
0.112982  0.538814  3.68703  
1.51991  0.102268  0.737443  
1.16168  0.105788  1.56144  
0.375254  0.355727  3.07148  
0.147064  0.458025  3.63326  
1.56986  0.16248  0.347488  
0.104007  3.0607  0.0581383  
1.29533  0.159083  0.906694  
0.193552  1.91541  1.17412  
0.91317  0.238189  1.51162  
0.116136  2.21429  0.978099  
0.45717  1.73167  0.210585  
0.166449  2.43358  0.508596  
0.193524  2.618  0.0596261  
0.110226  0.393951  3.76207  
0.316746  0.105592  4.02766  
0.104494  2.53379  0.648425  
1.10925  0.330267  0.818063  
0.173773  2.25511  0.695446  
0.139989  0.118982  4.64925  
1.435  0.111628  0.780489  
0.147559  0.0668635  4.91409  
1.13779  0.239717  1.04028  
0.996721  0.141194  1.82269  
0.744907  0.929864  0.377211  
0.388066  0.571441  2.49844  
0.716676  0.83991  0.996963  
0.113511  0.322682  4.41885  
0.698916  0.0930918  2.99738  
0.106952  0.513315  3.81339  
0.123839  0.861052  2.94608  
0.594116  0.848217  1.24449  
0.267156  1.36486  1.55436  
0.22397  0.551547  3.1354  
0.289412  0.942231  1.78693  
0.500946  0.510749  2.18024  
0.612521  0.488734  1.93979  
0.9266  0.683671  0.562641  
0.117591  0.782171  2.98919  
0.730095  0.900898  0.493761  
0.211861  0.307896  3.59431  
0.403467  0.277063  2.93772  
1.21773  0.245217  0.686724  
0.205176  0.914562  2.59305  
1.06266  0.164282  1.61258  
0.2294  0.876434  2.57644  
0.0860537  0.333503  3.99022  
0.210133  2.01704  0.812202  
1.06146  0.52549  0.596463  
0.740755  0.609047  1.26861  
0.194792  0.241957  4.13955  
0.830651  0.802853  0.388936  
0.422157  0.581705  2.06804  
0.222967  0.0850837  4.38753  
0.114692  2.36786  1.15324  
0.092429  3.28975  0.0785157  
0.109551  0.38678  3.91246  
0.390468  1.37581  0.992949  
0.292235  0.3814  3.21536  
0.573932  1.5807  0.126389  
0.141364  1.71736  1.7765  
0.539315  1.68708  0.128512  
0.447324  1.45057  0.618353  
0.06153  2.16622  1.89091  
1.91043  0.0548175  0.253719  
0.502719  1.06157  0.849552  
0.307162  1.0826  1.55316  
0.106051  0.950251  3.31154  
0.257692  2.15983  0.275396  
1.04133  0.573151  0.23023  
1.29493  0.276265  0.427527  
0.852309  0.716573  0.690663  
0.0856061  0.294929  4.4343  
0.386338  1.6922  0.622468  
0.806609  0.538433  1.04131  
1.61108  0.0575637  0.78196  
1.27289  0.0600516  1.50578  
0.0639998  0.0977299  5.32157  
0.105892  2.08503  1.40603  
0.237141  1.70661  1.12976  
