1.89251  0.0444089  0.699574  
1.87674  0.052538  0.040132  
0.0413048  2.33598  5.03743  
0.247806  0.0504202  6.00904  
2.05165  0.0521264  0.0521537  
0.0479878  3.99185  0.054286  
1.95363  0.0500348  0.268108  
0.0466572  3.83874  0.325484  
0.047967  3.7097  0.0552178  
0.0429532  3.93681  0.0553039  
0.0534564  0.132176  5.19522  
0.137484  0.0770712  5.32818  
0.0505041  1.34504  5.4155  
0.419332  0.312686  3.00335  
0.0605418  0.0611349  5.90388  
0.0495494  3.85929  0.0506522  
1.86308  0.0619181  0.0505622  
2.02441  0.0487391  0.0527544  
1.98339  0.0521846  0.0503032  
1.82386  0.0624287  0.144311  
0.123939  0.0676425  5.51459  
1.99745  0.0488281  0.064723  
0.0520023  0.129824  5.63449  
0.504059  0.217061  3.1017  
0.0498922  2.92166  3.87032  
0.267408  2.17483  0.215642  
0.0550779  0.0551708  5.99262  
1.74934  0.092748  0.211787  
1.78171  0.090988  0.0555756  
0.0833103  0.0735223  5.59498  
0.265422  0.114826  4.81864  
1.81333  0.06908  0.711721  
0.294586  2.09866  0.23104  
0.272756  0.178624  3.69396  
0.0499165  1.25371  5.78071  
0.0654238  0.120043  5.7117  
0.277094  0.167776  3.76774  
0.0517054  2.47457  3.84915  
0.181239  0.221896  4.76962  
0.335273  0.110248  3.80509  
0.797444  0.913515  0.785382  
0.185186  1.52741  2.33831  
0.0955745  0.0762216  5.3602  
1.0367  0.152388  2.38458  
0.118922  0.0624354  5.53724  
0.0504998  3.52811  1.11239  
0.319558  0.0510096  5.12534  
0.290068  0.108718  4.6597  
1.7901  0.0739599  0.491141  
0.196172  0.233484  4.07484  
0.226565  2.43098  0.0551128  
2.0412  0.0468992  0.0594701  
0.0470107  3.9876  0.0544724  
0.0845916  0.49485  4.91822  
0.225108  0.0563785  5.84412  
0.0517424  2.76221  1.28416  
0.265024  2.20891  0.501202  
0.163888  0.257399  4.72329  
1.16121  0.440668  0.565716  
0.0860799  0.105312  5.07865  
1.04092  0.57595  0.854519  
0.0543448  2.24157  4.05116  
0.0702786  3.49003  0.0506689  
0.0614698  3.59148  0.0739039  
0.142276  2.73998  1.2059  
0.367382  1.8221  1.12561  
1.25195  0.377898  0.0551711  
0.282328  0.704302  2.58808  
0.149713  1.67606  1.71808  
0.46757  0.261215  3.57565  
0.655672  1.13394  1.06264  
0.105877  2.95296  0.883234  
0.666244  0.0836998  3.6027  
0.073139  3.37566  0.0478038  
1.35539  0.276642  0.277068  
0.0879104  3.18281  0.149421  
0.538595  1.4346  0.333586  
0.286114  2.14853  0.0484783  
0.0465975  3.40583  3.93344  
0.525732  1.44748  0.181887  
0.218762  2.37144  0.831518  
0.127099  0.940276  2.71865  
0.236688  2.34047  0.0811499  
0.147693  2.71758  0.96992  
0.951994  0.662386  0.543909  
0.338592  0.0832529  4.18753  
0.173254  1.60974  1.65665  
0.939953  0.769212  0.133965  
0.110841  0.398867  4.40386  
0.807788  0.874629  1.10458  
1.05197  0.56178  0.525502  
0.424497  1.70563  0.981915  
1.2851  0.0782627  2.25364  
1.12838  0.438995  1.0939  
1.11003  0.146598  1.42171  
0.0726426  3.26925  0.82193  
1.70228  0.0933489  1.04544  
0.313866  2.06064  1.00802  
0.0739203  2.22031  1.62179  
0.991955  0.624209  0.410859  
0.168651  0.883248  2.86638  
0.323625  2.12406  0.1138  
0.0449277  3.56509  1.28435  
0.108704  1.97987  1.64087  
0.32626  2.0097  0.264841  
0.112535  2.98846  0.0425274  
0.173801  2.58596  0.631913  
1.64102  0.131408  0.31994  
1.42379  0.22833  0.339827  
1.02848  0.168602  2.45308  
0.168867  2.69528  0.0564869  
1.11932  0.497103  0.0911988  
1.71126  0.0937138  0.907683  
0.0620085  2.39832  2.14006  
1.3692  0.254522  0.750262  
0.0883739  3.13859  0.80358  
0.9211  0.684683  0.810205  
0.0585516  0.669219  4.6217  
0.432055  0.97635  1.49035  
0.0739427  0.115112  5.83082  
0.306082  2.08119  0.409091  
0.490958  1.55184  0.213474  
0.14467  0.265694  4.47876  
0.291552  0.16145  3.88831  
0.123398  2.90002  0.125489  
0.25325  2.2785  0.718772  
0.156898  0.857142  3.37766  
0.192015  2.48116  1.02679  
0.40639  0.329326  2.75439  
0.0527431  2.44871  3.12957  
0.299553  0.490022  2.83423  
0.164898  0.293782  4.23582  
0.134563  0.298862  4.03079  
0.956923  0.730108  0.0654626  
1.00511  0.535529  0.991333  
0.396748  0.0597483  4.11872  
0.063012  0.564482  4.50559  
0.132525  2.86824  0.0445539  
0.066266  3.61405  0.0541565  
1.49045  0.174978  0.916388  
0.410277  1.71672  0.469651  
0.0686791  1.4703  3.39222  
0.0949957  0.531017  4.55338  
0.0746723  1.36345  2.70171  
1.59935  0.117539  1.00552  
1.19404  0.435241  0.309859  
0.331127  1.93648  0.505581  
1.15411  0.116611  2.38785  
0.0517967  2.79419  1.27246  
0.447558  0.382445  2.66836  
0.39113  1.73429  0.902523  
0.300839  0.0676914  4.53445  
0.965735  0.639467  0.796544  
0.115724  0.118355  4.95195  
0.358394  1.84327  0.451221  
0.0600059  3.45943  0.730366  
0.474392  1.50153  1.23657  
0.204986  0.191969  4.14396  
1.72124  0.096356  0.701876  
0.771641  0.362149  2.40605  
0.0905547  3.16231  0.170769  
0.310369  1.2689  1.86798  
0.107175  3.06147  0.382993  
0.221038  2.31755  0.868537  
0.0994469  3.04809  0.433488  
0.100855  3.11744  0.0467519  
0.938593  0.0702731  2.76725  
0.947643  0.656919  0.760365  
0.343783  1.91029  1.21074  
1.66541  0.108177  0.532831  
0.163874  1.68801  1.23529  
0.0920109  3.10602  0.14484  
0.996847  0.20902  1.55751  
0.353204  1.06024  2.17247  
0.434564  0.282009  3.31853  
0.480149  0.807353  2.1608  
0.615005  0.542573  2.26573  
0.170861  0.234468  4.37433  
1.74615  0.0854473  0.583476  
0.0716253  0.517491  5.0513  
1.52136  0.171432  0.436302  
0.315777  2.0217  0.724933  
0.0572237  1.66574  2.44668  
0.671246  0.524973  1.83919  
0.0536901  0.124958  5.75054  
1.51287  0.16341  1.10548  
0.0685734  0.549158  4.73509  
0.215715  1.64001  1.30789  
0.90824  0.785668  0.0626392  
0.210781  1.53847  1.56974  
1.41311  0.231412  0.441122  
0.109289  0.0947891  4.98947  
0.127534  2.9624  0.0523805  
0.930051  0.271737  1.5742  
0.0822555  2.26703  1.47553  
0.138628  1.79098  1.79405  
0.0908935  1.16295  3.48916  
0.119176  1.92578  1.97695  
0.105392  1.10078  3.36365  
1.69413  0.099156  0.604824  
0.701353  0.512894  1.81182  
0.386984  0.353289  3.39874  
0.516165  1.47435  0.2566  
0.0855766  2.13468  2.06525  
0.691702  1.07421  0.781092  
0.172513  0.240475  4.29138  
1.09726  0.140256  1.53002  
0.0805557  3.2997  0.375319  
0.57835  1.37223  0.109081  
0.0579245  0.847602  3.64632  
1.60718  0.133669  0.679491  
0.619074  1.20847  0.446161  
0.0703514  2.49341  1.39268  
0.342155  0.414087  3.62006  
0.0644285  2.53481  1.43081  
0.247218  1.33946  2.12762  
0.373102  1.11558  1.3166  
0.250706  0.178347  3.96184  
1.52859  0.170181  0.654885  
0.534509  0.20143  3.44336  
0.407875  0.861549  2.2912  
0.163314  2.64963  0.489046  
0.122261  2.90415  0.426379  
0.325194  0.446333  3.16419  
0.0920536  0.260407  4.86371  
0.179124  2.55133  0.52991  
0.815539  0.311547  1.94338  
0.152438  1.96109  1.27788  
0.441602  0.283573  2.8108  
0.13695  1.77047  2.07375  
0.280954  1.21694  2.22348  
0.260741  2.23044  0.0455287  
0.68367  0.444822  2.19684  
0.557246  0.62624  1.90334  
0.363852  1.95048  0.0649203  
0.0535408  2.65914  1.69042  
1.65243  0.115635  0.51737  
0.230888  2.25349  0.889313  
0.590424  1.25914  0.61231  
0.165525  0.251183  4.42847  
1.44435  0.216498  0.48452  
0.0742308  3.35894  0.253167  
0.568411  0.193967  3.28421  
0.110798  1.30883  2.60552  
1.63465  0.107567  1.11923  
0.208787  0.264657  3.65955  
0.389792  1.74605  0.923495  
1.27707  0.364223  0.0686902  
0.127838  1.86378  2.15432  
0.16574  0.282692  4.202  
0.22892  0.611154  3.4583  
0.109965  1.03251  3.54334  
0.609451  1.23075  0.794287  
0.349237  0.450928  2.93572  
0.0951806  0.25928  4.87714  
1.33737  0.280288  0.934904  
0.182605  2.50717  1.17144  
0.256682  1.28982  2.18431  
0.678783  1.10803  0.19218  
0.566986  0.148858  3.3474  
0.0786737  3.2523  0.419949  
0.417514  0.325234  2.91005  
1.57235  0.146171  0.679497  
0.675674  1.14004  0.581607  
1.07765  0.156925  1.59241  
1.58139  0.12408  1.15738  
0.130409  0.313619  4.00493  
0.339511  1.99267  0.0541565  
0.167213  2.56342  0.93047  
0.862054  0.305402  1.78241  
1.23738  0.390594  0.0530485  
1.86965  0.0611936  0.967146  
0.164833  2.63298  1.09109  
0.0945979  1.89969  2.00189  
0.729006  0.0667984  3.28005  
0.330076  0.470164  2.90384  
1.49724  0.180726  0.265891  
0.23144  1.39523  2.04856  
1.45531  0.189064  1.13689  
1.20198  0.12209  1.29109  
0.651397  0.0933329  3.35505  
0.866428  0.0806815  2.68201  
0.0501543  2.45358  3.91889  
0.97123  0.652579  0.571159  
0.48618  1.56774  0.151907  
0.551096  0.713163  1.59283  
0.248937  0.587817  2.88078  
0.494538  0.749456  1.75093  
1.65535  0.113409  0.952439  
1.09507  0.135545  1.771  
0.0968944  3.08102  0.222628  
0.780056  0.903527  1.07905  
0.198382  0.172994  4.59479  
1.06675  0.144267  1.85895  
0.303177  0.065626  4.65257  
0.643989  0.606458  1.37963  
0.0806507  3.28489  0.375987  
1.62553  0.126323  0.502073  
0.698991  0.418329  2.24305  
0.600363  1.28053  0.282797  
0.45731  1.6963  0.0703958  
1.08624  0.137474  1.88288  
0.625194  0.109862  2.79778  
0.874353  0.799264  0.633157  
1.38681  0.274904  0.0592691  
0.275518  1.48926  1.29431  
0.104178  3.02006  0.744897  
1.06182  0.191187  1.67426  
0.980342  0.651406  0.0717904  
0.0561917  3.47707  0.102236  
0.437062  0.827591  2.3239  
0.0653438  3.41505  0.286185  
0.540265  1.41604  0.299232  
0.430889  1.62963  0.944846  
0.697626  0.0811281  3.25456  
0.0547598  3.69524  0.0512076  
0.823394  0.308005  2.0254  
0.0552492  3.65158  0.106579  
0.146284  0.27375  4.26908  
1.29955  0.340917  0.0496944  
0.547669  1.38002  0.636194  
0.4612  1.61994  0.289313  
0.27485  0.830361  2.52255  
0.251652  0.15609  4.57867  
1.78571  0.0759856  0.772729  
0.790442  0.0905997  2.827  
0.187002  2.5945  0.121806  
0.369098  1.84845  0.358781  
0.151178  2.80771  0.894749  
0.378117  0.457516  2.56205  
1.54275  0.142203  1.16585  
1.32658  0.289972  0.931303  
0.160776  1.65201  1.68103  
0.85591  0.819781  0.155315  
0.703817  0.404823  2.30312  
1.30723  0.296566  1.17602  
0.508556  0.209493  3.17965  
0.077633  0.545441  3.93833  
0.0696175  3.43293  0.0623967  
0.529192  1.48174  0.146718  
0.0976046  1.04385  3.51624  
1.73517  0.0914035  1.19611  
0.0485868  3.68005  0.103966  
1.55369  0.182178  0.055603  
1.37481  0.222468  0.84359  
0.632883  0.219266  2.50258  
0.257587  0.5643  3.40628  
0.113785  0.135747  4.94821  
1.17123  0.474964  0.0600052  
1.73662  0.0784125  0.675158  
0.0879979  0.0779916  5.15666  
0.381242  0.924277  2.27491  
0.440353  1.77504  0.129408  
1.26413  0.33496  0.658595  
0.829053  0.961431  0.172871  
0.2412  1.58014  1.36929  
1.31789  0.306365  0.184343  
1.26894  0.35614  0.0986219  
0.712174  0.422761  1.7373  
0.23465  0.628311  2.88448  
0.0690917  2.45752  1.91789  
0.0559012  3.62931  0.220964  
0.0811161  3.34127  0.0518074  
0.0966626  1.15735  3.20456  
1.25773  0.364631  0.47095  
0.573009  0.174901  2.69017  
0.18837  0.825596  2.96397  
0.110107  3.02776  0.0476496  
0.704431  0.0830584  2.97086  
0.0922832  2.03923  1.26012  
0.0934671  3.15007  0.118792  
0.109045  0.0938027  5.00234  
0.128904  0.342829  4.14255  
0.0818435  3.245  0.22514  
0.55085  1.31297  1.14941  
0.0830438  3.22899  0.344771  
0.894218  0.786242  0.499563  
1.29264  0.319343  0.947695  
0.154319  2.67866  0.699865  
0.521881  1.38537  0.625714  
1.00905  0.604024  0.243843  
0.0496204  3.66883  0.0553047  
0.469924  1.59305  0.752742  
1.23149  0.369968  0.592206  
0.733435  1.05358  0.0629468  
0.0747863  0.601889  4.44648  
0.315557  0.129026  4.32163  
0.213323  0.636574  3.47794  
1.68259  0.104956  0.510252  
0.403557  1.02427  1.28796  
0.313571  2.07345  0.465583  
1.53602  0.216946  0.0718842  
0.556065  0.956543  1.34113  
0.0639687  0.760395  3.77668  
0.298214  1.19881  2.22726  
1.31525  0.291215  1.1845  
0.976047  0.183054  1.81929  
0.0677687  3.53963  0.052529  
0.394659  1.88128  0.274201  
1.14864  0.483902  0.0686708  
0.759926  0.447803  1.47331  
0.0860183  1.35052  2.46942  
0.593943  0.594591  1.80511  
0.812031  0.936596  0.404902  
0.258564  2.30283  0.681094  
1.11534  0.452638  1.08345  
0.736798  1.01438  0.20877  
0.0606533  0.480219  5.15241  
0.0675934  3.55469  0.0530999  
0.125526  1.80573  2.41945  
0.380488  1.75878  0.878158  
1.72909  0.0933468  0.0446921  
0.0729282  1.29676  3.52222  
0.58914  0.689528  1.41719  
0.222308  1.41989  2.13255  
0.752744  0.995704  0.649905  
1.45247  0.214966  0.598083  
0.37285  0.360812  3.50592  
0.21829  0.692333  2.94719  
0.570304  0.591559  2.01234  
1.46982  0.192471  0.243227  
0.581392  1.27936  1.24736  
0.553854  0.711352  1.55673  
1.37922  0.296421  0.0665158  
1.34144  0.0787147  2.21167  
0.0782524  3.31675  0.368813  
0.747475  1.00202  0.446118  
0.0782953  0.116116  5.72771  
1.22589  0.0970693  1.52499  
1.44008  0.238937  0.224102  
1.09034  0.523387  0.219579  
1.4311  0.194993  0.877346  
0.502114  0.723481  2.11144  
0.928512  0.245174  1.92788  
0.376484  0.387439  2.63282  
0.87822  0.758205  0.880546  
1.59294  0.139303  0.168406  
0.0685764  2.29731  2.13638  
0.204429  0.173875  4.2555  
0.248127  0.997022  2.5394  
0.632281  0.107879  3.13389  
1.67696  0.0989632  0.86062  
1.13615  0.159796  1.41908  
0.737736  0.0612455  3.4353  
1.29379  0.309663  1.07683  
0.243811  2.37868  0.0593844  
0.49468  0.86859  1.3852  
1.01984  0.630824  0.219615  
1.54594  0.134978  0.889958  
0.152136  2.7313  0.085457  
1.46348  0.205524  0.594463  
0.610424  1.24613  0.609812  
0.0856128  3.22117  0.127727  
0.0890211  2.14212  1.85094  
0.765246  0.989469  0.247923  
0.124935  0.33814  4.34646  
1.66983  0.121296  0.131106  
0.835994  0.430296  1.3589  
0.883075  0.367671  1.28828  
1.46031  0.189022  1.03548  
0.0619236  3.43127  0.198967  
1.2083  0.42611  0.242065  
0.746748  0.413761  1.77824  
0.399444  0.901381  1.87443  
1.40073  0.269057  0.111654  
0.179961  2.60709  0.28214  
0.484798  0.835634  1.82963  
0.755937  0.391032  1.85221  
0.3462  1.9205  0.372245  
0.147005  2.82726  0.175762  
1.48188  0.218241  0.0586469  
1.56612  0.155482  0.462813  
0.270779  1.31812  2.17632  
0.415089  0.892255  1.64718  
0.899295  0.792055  0.184108  
0.841641  0.892822  0.083789  
0.0991312  3.00912  0.851103  
0.0829276  1.32725  2.52964  
0.630966  0.515569  1.99168  
0.662256  1.17485  0.100528  
0.0641154  0.615367  4.45884  
0.177491  2.67617  0.0555826  
0.0729322  0.161249  5.03184  
1.62929  0.12368  0.695779  
0.818755  0.924478  0.197375  
0.0566187  2.6126  1.32555  
0.0832388  3.32116  0.0513492  
0.582783  0.642649  1.627  
1.3497  0.304233  0.0521667  
0.708583  0.421466  1.91537  
1.39376  0.0897035  1.34943  
0.164584  0.794205  3.32781  
0.603605  1.32037  0.11375  
0.079042  3.2051  0.912084  
1.396  0.254181  0.644472  
0.49199  0.923711  1.53549  
1.22184  0.397173  0.450512  
0.562144  1.3905  0.271099  
0.13033  2.83658  0.300658  
0.643988  1.14433  1.01703  
1.4048  0.239138  0.518953  
1.02049  0.620525  0.0499918  
0.048242  3.46191  2.65721  
0.347186  1.07936  2.1015  
0.0918933  3.20397  0.0498817  
0.0566945  1.51119  3.2268  
1.20835  0.093452  2.08562  
0.393079  0.930678  1.82778  
0.713999  1.07739  0.395466  
0.0934482  1.19259  2.94907  
0.720523  1.08626  0.0898028  
1.14459  0.140254  1.33563  
0.178568  2.62416  0.0479206  
0.627549  0.680804  1.28556  
0.521223  0.739763  2.093  
1.50724  0.171138  0.68249  
1.56034  0.166142  0.115985  
0.902421  0.760989  0.473537  
0.0634031  1.6552  3.21513  
0.279693  0.567466  2.7174  
0.348612  0.0738381  4.31334  
0.055796  0.637005  4.63226  
1.47872  0.205691  0.166332  
0.324423  1.08476  2.31468  
1.21396  0.443489  0.0729487  
0.661417  0.569683  1.50582  
0.240239  2.39203  0.0682506  
0.657044  1.19318  0.826306  
1.00881  0.228067  1.54386  
1.68795  0.105212  0.0485907  
0.0556819  3.64137  0.0503232  
1.58812  0.126302  0.691319  
0.626222  1.18244  1.04441  
0.147377  2.85394  0.0616211  
1.21901  0.381061  0.607467  
0.524227  1.51766  0.0779696  
0.504684  0.718574  2.11472  
1.61577  0.132627  0.0440726  
0.508248  0.211974  3.10815  
0.397838  0.0530942  3.97942  
1.31193  0.0906061  1.727  
0.210115  1.58507  1.46153  
0.833991  0.962734  0.0876951  
0.870078  0.812442  0.433093  
0.0687278  0.632254  3.64034  
0.689077  0.591437  1.40638  
1.06016  0.55314  0.460856  
0.124538  2.84445  0.341965  
0.148962  1.85844  1.35353  
0.640797  1.1993  0.453396  
0.7379  0.0719802  3.24668  
0.138957  2.86499  0.0583351  
0.785772  0.101651  2.57239  
0.927769  0.748418  0.492393  
0.46094  1.66086  0.738233  
0.561571  0.744568  1.2805  
1.17603  0.433128  0.38911  
0.370375  1.88863  0.114805  
0.198758  1.63528  1.39681  
1.50416  0.210357  0.143606  
0.102058  1.10629  2.78529  
0.414605  0.897838  1.63069  
0.556722  1.40797  0.0751097  
0.499038  0.816321  1.53324  
1.18736  0.458441  0.0747977  
0.766836  0.936092  1.03879  
0.151483  1.8072  1.43655  
0.916166  0.310645  1.27313  
0.637516  0.149846  2.48962  
0.216656  1.52447  1.50067  
0.373969  0.0614981  4.36114  
0.224475  0.169452  4.12518  
0.706208  0.464484  1.53323  
0.845247  0.302163  1.8335  
0.133323  0.384346  3.67619  
0.222988  2.52726  0.0687043  
0.202432  2.56339  0.132697  
0.661605  0.455642  2.03889  
0.079593  3.34834  0.0492718  
0.355259  1.1553  1.41109  
1.58326  0.151758  0.290808  
0.110043  2.99874  0.388458  
0.351521  1.17797  1.32042  
0.06278  2.79913  1.263  
1.40962  0.2416  0.305806  
0.125764  1.15334  2.46575  
0.912595  0.252513  1.96228  
1.43261  0.0601796  1.29161  
0.545335  0.871173  1.34288  
0.320198  0.517295  2.64419  
1.67834  0.0979692  0.762101  
1.17288  0.409129  0.690805  
1.08336  0.496141  0.956018  
0.244446  1.34873  2.41694  
0.0911102  1.23935  2.75867  
0.151332  2.81879  0.0556204  
0.849949  0.33486  1.34999  
0.740467  0.386413  1.91676  
0.507024  0.210445  3.18526  
0.165838  2.66271  0.0727516  
