0.960131  4.11793e-012  4.71755  
0.762525  0.883488  2.995  
2.24747e-013  0.00018669  6.01053  
0.858089  0.862742  2.61559  
2.96706e-006  5.25202e-012  6.45604  
0.10126  0.627817  5.41375  
0.0788375  0.291018  5.46469  
0.336831  0.729419  4.5397  
0.625373  0.0395323  5.55992  
4.12987e-006  4.89142e-012  6.03488  
2.24747e-013  0.000110862  6.30772  
0.895959  1.79546e-011  4.5752  
0.939662  0.000369848  4.55987  
0.304415  0.0395323  5.56157  
6.72195e-007  8.28687e-009  6.32866  
0.298445  0.750875  4.32356  
0.282912  0.00254176  5.58559  
0.648434  0.81868  3.83403  
0.0247295  0.0862499  5.82208  
0.681643  0.638704  4.91122  
0.724807  0.828858  3.28221  
0.793153  0.695152  3.59551  
0.103618  0.774693  4.38163  
0.824798  0.709124  3.36923  
0.0486924  0.00593522  5.9248  
0.869472  0.694076  3.44094  
0.765505  0.65048  4.19337  
0.0618566  0.0837265  5.76582  
0.783449  0.883488  2.85996  
0.700327  0.789257  3.57083  
0.850367  0.670322  3.61951  
0.794067  0.0761926  4.3415  
0.759756  0.762929  3.3274  
0.635217  0.0546719  5.46964  
0.786579  0.27522  4.08541  
0.86887  0.825827  2.66166  
0.121755  0.231414  5.34716  
0.835471  0.21954  3.91766  
0.269523  0.808814  3.98236  
0.201247  0.865793  3.94137  
0.672482  0.119074  5.0665  
0.132015  0.0915494  5.62923  
0.641985  0.660306  4.89139  
0.159919  0.228119  5.26372  
0.218001  0.841981  3.91203  
0.803842  0.23772  4.0015  
0.0162621  0.12122  5.75112  
0.847535  0.876452  2.63314  
0.731306  0.813012  3.24087  
0.947377  5.25202e-012  5.29159  
0.695167  0.785067  3.63245  
0.683892  0.13519  4.94298  
0.823356  0.656394  3.76567  
0.737738  0.242384  4.48583  
0.243487  0.735909  4.47147  
0.855489  0.769029  2.95939  
0.000836072  0.28977  5.59449  
0.860456  0.691333  3.45756  
0.723739  0.852673  3.21582  
0.276809  0.698406  4.68035  
0.24835  0.200617  5.18473  
0.949807  4.11793e-012  4.73758  
0.685494  0.182375  4.83174  
0.689324  0.245222  4.74427  
0.72272  0.166561  4.58161  
0.124077  0.672452  5.0553  
0.0219005  0.0277384  5.95096  
0.0351574  0.643257  5.4543  
0.719917  0.878639  3.25744  
0.110706  0.7012  4.89653  
0.790719  0.737321  3.29332  
0.819614  0.835411  2.70107  
0.848086  0.748502  3.04306  
0.748364  0.111396  4.52389  
0.0759533  0.693112  5.01731  
0.755998  0.687371  3.86085  
0.842092  0.0983893  4.14375  
0.798638  0.756125  3.13083  
0.279502  0.773798  4.1575  
0.0184653  0.144081  5.69757  
0.0586803  0.0286286  5.88178  
0.682761  0.0714552  5.101  
0.780934  0.274085  4.11478  
0.189297  0.264906  5.24737  
0.253935  0.209132  5.17832  
0.0555595  0.212762  5.51648  
0.0905299  0.87259  4.15637  
0.818769  0.657369  3.7857  
0.791213  0.855981  2.78883  
0.667049  0.177477  4.97823  
0.709427  0.796032  3.47305  
0.791213  0.772441  3.05908  
0.744053  0.660951  4.23247  
0.0477561  0.0321215  5.89099  
0.230248  0.252496  5.15959  
0.800156  0.285472  4.0293  
0.258605  0.174449  5.2268  
0.858503  0.799873  2.7473  
0.117093  0.159598  5.46027  
0.939662  8.74778e-012  4.66886  
0.0192424  0.734965  4.86708  
0.695167  0.170163  4.78272  
0.717806  0.743617  3.716  
0.77239  0.245763  4.15381  
0.753272  0.87642  3.01679  
0.887197  0.686913  3.52196  
0.76603  0.850401  2.92887  
0.790988  0.86505  2.81099  
0.779625  0.0195482  4.51596  
0.206586  0.871041  3.91482  
0.273521  0.0640371  5.4813  
0.0603625  0.648317  5.40757  
0.879653  0.16669  3.99482  
0.70015  0.689231  4.29581  
0.0323544  0.0174802  5.93862  
0.244433  0.64049  5.09379  
0.239968  0.705935  4.61484  
0.628863  0.038275  5.55446  
0.63718  0.682884  4.75142  
0.0136089  0.279245  5.56937  
0.300315  0.753993  4.30595  
0.856586  0.816772  2.68507  
0.836082  0.784267  2.84286  
0.820331  0.85409  2.67459  
0.180681  0.186074  5.27172  
0.881232  0.0667507  4.22128  
0.816899  0.654251  3.81309  
0.868013  0.732387  3.15408  
0.0420609  0.223697  5.5292  
0.781109  0.822804  2.90795  
0.162258  0.186074  5.30774  
0.820331  0.831701  2.70297  
0.16616  0.726319  4.5767  
0.702666  0.740694  3.84842  
0.862224  0.780303  2.86983  
0.184531  0.156515  5.43151  
0.188595  0.146929  5.33671  
0.0101733  0.138906  5.7163  
0.728779  0.101618  4.69503  
0.772834  0.0507769  4.5037  
0.812428  0.150792  4.09659  
0.77488  0.796032  3.02587  
0.170319  0.676647  4.92724  
0.261252  0.843185  3.8952  
0.733044  0.756745  3.51804  
0.854665  0.773772  2.88106  
0.826898  0.0791229  4.21769  
0.131288  0.112511  5.58144  
0.784713  0.859149  2.82381  
0.762041  0.762929  3.31299  
0.653727  0.868073  3.73805  
0.64369  0.728034  4.45434  
0.654632  0.047257  5.36564  
0.127306  0.19302  5.37558  
0.812883  0.683132  3.61119  
0.222034  0.790549  4.07007  
0.805496  0.669011  3.80977  
0.829943  0.26717  3.91972  
0.668813  0.0983893  5.14271  
0.173383  0.1073  5.5047  
0.834037  0.656027  3.74343  
0.76783  0.746557  3.35381  
0.136366  0.177233  5.38337  
0.655926  0.665027  4.75899  
0.753272  0.0352582  4.65154  
0.190733  0.260125  5.19847  
0.256332  0.690702  4.73268  
0.746738  0.747695  3.48088  
0.761052  0.202807  4.25471  
0.0958915  0.160829  5.51123  
0.668813  0.815061  3.70155  
0.705347  0.816563  3.42125  
0.74158  0.0256885  4.82381  
0.0472273  0.127854  5.6857  
0.0759533  0.683693  5.13001  
0.873952  0.631294  3.89156  
0.226217  0.714894  4.56686  
0.875195  0.632106  3.88784  
0.820331  0.663627  3.73389  
0.685494  0.7218  4.24566  
0.722947  0.0825123  4.77173  
0.080992  0.115383  5.64676  
0.829083  0.266532  3.92331  
0.127306  0.858882  4.06271  
0.264533  0.73938  4.37143  
0.845095  0.726512  3.20063  
0.840029  0.734363  3.15269  
0.234443  0.704348  4.63284  
0.732813  0.260266  4.44107  
0.802047  0.734363  3.26077  
0.191985  0.146873  5.33137  
0.665326  0.850631  3.65426  
0.676127  0.115962  5.04657  
0.201164  0.801088  4.04423  
0.252793  0.858286  3.88242  
0.134168  0.792982  4.30664  
0.131288  0.0951033  5.62275  
0.0294766  0.867945  4.57025  
0.0845136  0.00597855  5.84929  
0.178617  0.11053  5.49534  
0.864376  0.653176  3.7835  
0.672482  0.00655231  5.28602  
0.0719546  0.0602303  5.79867  
0.0954258  0.0121993  5.81665  
0.071569  0.649107  5.37172  
0.158589  0.0123865  5.66983  
0.00338646  0.0299016  5.97323  
0.138648  0.767113  4.41056  
0.219869  0.790549  4.07193  
0.866118  0.730094  3.17353  
0.885512  0.687371  3.51435  
0.10126  0.629804  5.40115  
0.830084  0.80024  2.77899  
0.154046  0.665224  5.04552  
0.712324  0.167429  4.65751  
0.698019  0.860068  3.40855  
0.00817914  0.0141884  5.97636  
0.816697  0.652705  3.83485  
0.0129646  0.13519  5.78024  
0.0390622  0.771289  4.53389  
0.779817  0.0572072  4.49726  
0.654632  0.0440055  5.40548  
0.658207  0.659401  4.78329  
0.784818  0.843507  2.89474  
0.051474  0.285225  5.51539  
0.00228352  0.668865  5.31651  
0.299718  8.74778e-012  5.609  
0.21346  0.679997  4.91861  
0.272124  0.118667  5.35454  
0.260173  0.195703  5.19074  
0.0844567  0.094974  5.68757  
0.707217  0.634684  4.62628  
0.794067  0.255717  4.04228  
0.832945  0.811893  2.72746  
0.00677057  0.00757058  6.00475  
0.172754  0.665224  5.00667  
0.791213  0.190115  4.1249  
0.714966  0.81987  3.33915  
0.810846  0.738488  3.19611  
0.831594  0.683132  3.5582  
0.136366  0.169718  5.39719  
0.0208254  0.633103  5.54009  
0.772834  0.786691  3.08325  
0.0419508  0.112382  5.73297  
0.715661  0.834894  3.31894  
0.777585  0.765939  3.16772  
0.761106  0.792586  3.14409  
0.702166  0.868073  3.38062  
0.713538  0.159584  4.6632  
0.00882927  0.000369848  5.99318  
0.0296453  0.862158  4.27153  
0.68805  0.263513  4.80461  
0.76783  0.739791  3.39968  
0.734919  0.283067  4.41401  
0.797697  0.85647  2.7577  
0.142704  0.00997222  5.70816  
0.0555595  0.20635  5.52345  
0.155369  0.00934425  5.6803  
0.151237  0.100994  5.55552  
0.14192  0.684381  5.00276  
0.151991  0.678491  4.9452  
0.253349  0.156423  5.26153  
0.0350496  0.811524  4.34989  
0.0737521  0.635513  5.42893  
0.762525  0.0917075  4.50135  
0.709029  0.11027  4.81144  
0.0648878  0.0545564  5.8291  
0.807422  0.847482  2.72299  
0.830084  0.755631  3.08196  
0.761041  0.781331  3.178  
0.264161  0.708269  4.5992  
0.834127  0.689062  3.49862  
0.22752  0.248672  5.16908  
0.0954577  0.750237  4.54936  
0.211797  0.816697  3.97348  
0.038152  0.776477  4.50743  
0.172754  0.674688  4.93152  
0.142704  0.722008  4.63758  
0.703178  0.800089  3.5266  
0.0855141  0.254956  5.4273  
0.847535  0.797832  2.76282  
0.0301571  0.125436  5.73852  
0.76771  0.850401  2.91844  
0.807422  0.675663  3.67665  
0.215123  0.185812  5.22437  
0.74158  0.00346302  4.95412  
0.829254  0.745296  3.09704  
0.080992  0.771289  4.44988  
0.00423515  0.714144  4.97681  
0.196282  0.737321  4.42693  
0.196213  0.108187  5.46408  
0.832904  0.699982  3.50644  
0.662369  0.84711  3.67983  
0.775117  0.153578  4.26805  
0.743965  0.202225  4.36804  
0.822211  0.00103102  4.35926  
0.746669  0.686472  4.20748  
0.146785  0.720342  4.64573  
0.0447269  0.680542  5.20772  
0.756067  0.74848  3.41132  
