0.0307068  3.89068  0.0354284  
0.0346699  0.0348832  5.97107  
1.97895  0.0544478  0.0568856  
0.0375489  0.0392028  5.7854  
0.0677339  3.09921  0.338074  
0.061907  3.1804  0.523307  
0.0466954  3.4923  0.397662  
0.0533171  3.42417  0.319432  
0.0534788  3.81184  0.0559  
0.0474195  3.86809  0.0564091  
0.0443557  0.0724514  5.28388  
0.0642841  0.202449  4.73234  
0.0393436  0.0429474  5.74121  
0.0427674  0.0409317  5.68835  
0.106242  0.0644215  5.03632  
0.0441029  0.0474461  5.61834  
0.0705368  0.117986  4.79828  
0.153395  0.23266  4.03947  
0.0484869  2.97933  0.974697  
0.175718  0.299379  3.7423  
0.0716538  0.0908704  4.87706  
0.0446514  0.0463177  5.56019  
1.96059  0.0495173  0.124877  
0.105627  3.07893  0.167759  
0.0846202  0.43946  3.9826  
0.0615882  3.22848  0.385576  
0.105041  3.01065  0.195756  
0.0775025  0.0917192  4.8208  
1.51294  0.166243  0.226101  
0.0579796  0.0981655  4.97246  
1.6104  0.099124  0.512621  
1.85211  0.0455082  0.328466  
0.0453942  3.71508  0.243122  
0.150309  2.14224  0.880422  
0.106548  2.95893  0.0722233  
0.0680078  2.89316  0.521294  
0.0594909  3.36379  0.206069  
0.707642  0.75158  0.804993  
0.055099  0.0553764  5.34353  
0.0425017  0.0492774  5.64975  
0.0885694  2.16264  1.46618  
0.166733  0.0767738  4.45213  
0.0461107  0.0779094  5.22798  
0.103863  2.7939  0.313514  
0.0452652  3.04792  0.813968  
0.0433779  3.57496  0.420589  
0.91194  0.433855  1.04559  
1.90915  0.0440309  0.294085  
0.079134  3.28613  0.120035  
1.26347  0.386721  0.0583165  
0.0756025  1.10282  3.02543  
0.120349  2.32501  0.78512  
0.894464  0.456263  0.814143  
0.048868  3.51685  0.387713  
0.117527  2.92938  0.189062  
1.86803  0.0716387  0.0973832  
0.554348  0.594046  1.76731  
0.23236  0.0698918  4.4932  
1.67174  0.0586684  0.721197  
0.0525142  3.60071  0.292707  
0.0636037  2.81226  0.89911  
1.31794  0.178915  0.771875  
0.416113  0.0994391  3.68352  
0.0443396  3.69401  0.369222  
1.3957  0.131329  0.642277  
0.844723  0.176303  1.87181  
0.163282  2.693  0.0517474  
0.118004  0.0630675  4.907  
0.0571862  2.39201  1.58959  
1.52712  0.197298  0.107562  
0.795443  0.667131  0.952649  
0.0557487  0.0957227  5.15682  
0.0666912  0.135367  4.69274  
0.0442842  3.78072  0.285306  
0.309116  1.64404  0.862962  
1.69853  0.0826567  0.249924  
0.163247  2.42664  0.620606  
0.0481866  0.0546891  5.38856  
0.149735  2.74949  0.14083  
0.0595966  3.65622  0.0670743  
0.663256  0.273379  2.19385  
0.28886  0.524695  2.70504  
0.129255  0.7372  3.24444  
0.0475441  0.0532291  5.50166  
1.4149  0.179331  0.415108  
1.36803  0.0735497  1.39172  
0.0671369  1.65531  2.41378  
1.38447  0.0870014  1.09207  
0.124149  2.41595  0.655672  
0.152717  2.34462  0.722335  
1.95172  0.062451  0.0598293  
0.784406  0.969264  0.237951  
1.05386  0.0915642  1.96772  
0.924128  0.168848  2.02612  
1.89815  0.0691668  0.0583571  
0.180499  1.57391  1.63033  
1.59587  0.0683781  0.638436  
0.168567  2.28577  0.55724  
1.06134  0.492865  0.388772  
0.0780347  0.0582624  5.19875  
0.0479046  3.39611  0.414432  
0.0425628  0.0659468  5.47326  
1.68835  0.0707772  0.47947  
0.0428394  0.0515443  5.53616  
0.21779  1.36916  1.777  
0.0686894  3.32955  0.0472699  
1.80553  0.0680141  0.414274  
0.141562  0.630642  3.16226  
0.112366  1.33686  2.53856  
0.1591  2.6686  0.258744  
0.124852  0.654862  3.41973  
0.14419  0.083656  4.57002  
1.25635  0.366283  0.340039  
0.0546849  3.35055  0.335147  
1.82327  0.0727586  0.186821  
1.18541  0.108783  1.45373  
0.303012  0.699937  2.29032  
0.270739  2.1093  0.357496  
0.216129  0.494144  3.18373  
0.18907  2.5196  0.0684381  
1.50621  0.0513371  0.923721  
1.27943  0.235315  0.464145  
0.579658  0.787068  1.06397  
0.870424  0.419735  1.14787  
1.07171  0.102173  1.77515  
0.0612949  1.99722  2.09455  
1.81626  0.0612387  0.359781  
1.49222  0.136606  0.508041  
0.803489  0.627062  0.698335  
0.292704  1.13293  1.68705  
1.63429  0.15521  0.128784  
0.162914  0.819584  2.9149  
1.2302  0.160923  0.938691  
0.137859  2.22049  0.99276  
1.48188  0.179817  0.369918  
0.0551669  3.74793  0.0658934  
1.20018  0.149992  1.02335  
0.060792  0.542398  4.13543  
0.070474  2.19753  1.42948  
0.126999  2.50213  0.506146  
1.28972  0.0750088  1.49077  
0.591334  1.2651  0.318907  
0.113294  0.768592  2.99723  
1.62081  0.0671677  0.762688  
0.421772  1.67782  0.311228  
0.622361  1.34544  0.101778  
1.92056  0.0565516  0.152347  
0.0806102  1.50047  2.55334  
0.595083  0.195423  2.63199  
0.725248  0.798901  0.789958  
0.0626739  0.368358  4.26338  
0.128638  2.30187  0.982169  
1.19253  0.221944  0.685165  
0.376829  1.22216  1.09949  
0.449811  0.110859  3.51017  
0.357966  1.83109  0.290191  
0.260091  1.32541  1.35944  
0.938008  0.49626  0.600136  
0.497701  0.924665  1.25398  
1.29615  0.351875  0.242372  
0.38398  1.30695  0.910661  
0.0721037  2.59181  1.13392  
0.0466383  0.0964513  5.13668  
0.101575  3.25574  0.0980759  
0.0822188  2.53889  1.01532  
1.72228  0.0501061  0.677512  
0.0925198  0.226316  4.36871  
0.791299  0.38344  1.6072  
0.073962  3.20367  0.138301  
0.0570116  0.0543391  5.43977  
0.0866019  2.93737  0.428142  
0.857992  0.715536  0.486227  
1.15461  0.477643  0.260676  
1.32639  0.269596  0.362909  
0.719367  0.288174  1.98335  
0.47913  0.224165  2.6681  
0.37989  1.86851  0.184575  
0.0510219  3.65274  0.0861253  
1.45186  0.059998  1.12385  
0.916488  0.106073  2.10734  
0.0665024  1.38609  2.79255  
0.0872148  2.8817  0.355229  
0.372572  1.66371  0.629633  
0.0855402  1.70013  2.32773  
0.314134  1.71724  0.591236  
0.0397632  3.79077  0.0579937  
0.316806  1.5956  0.825918  
0.117184  0.607479  3.55146  
0.411792  1.06207  1.2022  
1.92646  0.0637989  0.0578107  
0.193609  2.05562  0.795039  
0.191952  2.38154  0.446949  
0.208899  2.47126  0.0623924  
0.0736706  1.62684  2.43314  
1.02145  0.505508  0.531388  
0.386938  0.115517  3.65874  
1.74177  0.0577316  0.499988  
0.564914  0.0867945  3.20676  
0.0448317  0.0719372  5.42386  
0.137165  2.83755  0.131129  
0.0670231  0.224962  4.39776  
0.170771  0.326754  3.78019  
0.104613  1.74194  1.80098  
0.760553  0.31696  1.66179  
1.00342  0.457023  0.713706  
0.874635  0.3495  1.2737  
1.58742  0.0785745  0.584581  
0.0636034  3.25823  0.219928  
1.78391  0.0705277  0.269776  
0.27694  0.116848  3.89347  
0.549981  0.762264  1.42123  
0.059862  3.30331  0.376966  
0.179617  2.56166  0.241623  
0.0551339  3.74937  0.0576942  
0.305431  1.55682  0.936757  
0.376523  0.251085  3.132  
0.0443367  3.56042  0.378866  
0.615377  0.430088  1.9482  
0.0500113  3.61893  0.0954436  
1.79733  0.0512985  0.489039  
0.137327  2.60761  0.469147  
0.929318  0.325298  1.37274  
0.237609  1.94553  0.552914  
1.09759  0.510445  0.304173  
0.121432  2.0181  1.37596  
0.206594  1.80395  1.18091  
0.060916  0.431195  4.34812  
0.493991  1.43523  0.321473  
0.657512  0.294687  2.16366  
0.0714998  1.88916  1.89716  
0.0677067  3.5367  0.110528  
0.0541647  0.0592872  5.35989  
0.485002  1.68822  0.264458  
0.280289  1.77281  0.723697  
1.14625  0.423501  0.451177  
0.242533  0.183314  3.62948  
1.36049  0.261178  0.134719  
0.191841  1.93623  0.957183  
0.539543  1.15515  0.485397  
0.612318  1.41467  0.0963916  
0.508158  0.711868  1.67093  
1.62477  0.0817162  0.457555  
0.452051  0.427296  2.45204  
0.0523131  3.40317  0.378241  
0.402305  0.241198  3.21988  
0.559757  0.207031  2.61229  
1.0431  0.729068  0.131117  
0.313756  0.152941  3.54577  
0.39031  0.868234  2.07179  
1.44447  0.115906  0.673606  
1.94018  0.0533877  0.0630941  
1.13272  0.481663  0.293405  
1.47577  0.157954  0.397294  
0.120128  0.0923274  4.55309  
0.9946  0.196755  1.59867  
0.545178  0.344378  2.32992  
0.363703  1.81842  0.279954  
0.14023  0.131804  4.32063  
1.56077  0.0582332  0.913751  
0.199917  2.44469  0.263038  
0.083613  0.540664  4.0884  
0.25187  0.880679  2.17615  
0.0721432  2.76929  0.733566  
0.14557  0.743663  3.08707  
0.0632512  0.114002  4.93928  
1.65453  0.153359  0.081541  
0.227888  0.0834262  4.29392  
0.430903  1.46697  0.499257  
0.864525  0.890561  0.173086  
0.101351  0.513799  3.93001  
0.0746339  1.78433  2.05261  
0.527719  0.413041  2.15501  
0.694308  0.228544  2.28527  
0.121306  2.64186  0.473112  
0.466866  1.03166  1.28493  
1.30607  0.095713  1.43896  
0.520193  0.0921294  3.40957  
0.0948974  0.133162  4.60962  
1.49833  0.151546  0.320525  
0.423336  0.414596  2.46738  
0.596172  1.30349  0.221044  
0.423453  0.122515  3.34574  
1.79101  0.0475859  0.537224  
0.983388  0.559122  0.522979  
0.277601  0.106635  3.95414  
0.20826  1.51158  1.64977  
0.570121  1.40388  0.169732  
0.201928  2.31063  0.455338  
0.0793023  2.36369  1.16433  
0.584167  1.32884  0.217005  
0.0647708  3.54612  0.113667  
0.630468  1.20315  0.296224  
1.24137  0.118929  1.21387  
0.39332  0.125762  3.57921  
0.253482  0.501961  2.95487  
0.211658  0.248771  3.76408  
0.639058  0.376591  1.91371  
1.88101  0.0673267  0.0711338  
0.202788  1.17264  2.04872  
0.391902  1.35247  0.731109  
1.39409  0.127592  1.00865  
0.246098  1.50895  1.30162  
0.0491968  3.62827  0.108631  
0.207169  0.767237  2.57978  
0.401204  1.532  0.630882  
0.679047  0.350718  1.72108  
0.119482  1.84629  1.55054  
1.15879  0.46998  0.301774  
0.403092  0.890061  1.7484  
1.1784  0.468894  0.244674  
0.0809147  2.02494  1.83725  
0.603168  0.353445  2.12779  
0.973898  0.484614  0.790521  
1.35073  0.284591  0.279651  
0.944476  0.538071  0.588915  
1.93723  0.0596515  0.126233  
0.108667  0.806718  3.30505  
0.0852514  2.86258  0.445073  
0.837835  0.390348  1.26442  
0.353238  0.934005  1.5432  
0.0409626  3.69739  0.308682  
0.742085  0.118937  2.71412  
0.0962736  0.555923  3.60527  
1.01653  0.330717  1.07213  
0.457039  1.2313  0.649456  
0.229352  1.9249  0.689466  
0.145338  0.139913  4.24193  
0.0664529  0.443287  4.113  
0.881285  0.634981  0.656353  
0.667498  0.702656  1.04175  
1.64233  0.0541589  0.807709  
0.0860915  3.31645  0.0594655  
0.135488  2.85752  0.171333  
0.0610419  1.25194  2.87002  
0.414849  1.27502  1.02983  
0.139716  1.45224  1.77855  
1.73113  0.0807581  0.212647  
0.0834381  0.894583  3.32388  
1.87509  0.0615427  0.149715  
1.55599  0.0854822  0.563408  
0.168609  2.62223  0.191934  
1.6465  0.107874  0.166414  
0.140769  0.943401  2.71015  
0.0983634  0.278603  3.96421  
1.34261  0.119587  1.08577  
0.076376  1.58492  2.45322  
1.42027  0.265398  0.0586209  
1.57778  0.0552088  0.8545  
0.602543  1.14373  0.332648  
0.135139  0.161783  4.42678  
0.968154  0.601299  0.3518  
0.183857  1.53928  1.56471  
1.56991  0.130802  0.402139  
0.144649  1.69636  1.51432  
0.212479  1.7573  1.06005  
0.277035  0.615304  2.511  
0.25802  0.859094  2.36056  
1.04015  0.217574  1.34574  
0.267001  0.837057  2.45616  
0.161467  2.56686  0.354404  
0.111877  1.07688  2.72756  
0.133201  2.65924  0.273123  
0.222293  2.18563  0.475453  
0.115299  0.537248  3.64371  
0.189854  2.23572  0.567284  
0.490204  0.149372  3.10633  
0.348651  0.988305  1.54646  
1.54846  0.131122  0.244706  
0.854143  0.732516  0.48579  
0.185287  2.64682  0.0789175  
1.77623  0.108062  0.127585  
0.610638  0.845056  1.05274  
0.731043  0.0975643  2.76673  
0.631534  0.451304  1.76008  
0.091633  0.209682  4.52459  
0.654374  0.251214  2.39995  
0.82148  0.197029  1.7075  
1.43469  0.0855378  0.873665  
0.22984  1.48474  1.48366  
0.439867  0.969391  1.32866  
1.01192  0.121309  1.92955  
1.0475  0.647545  0.130361  
0.142321  0.234178  4.06365  
0.643985  0.309324  2.12583  
1.12351  0.127947  1.31093  
0.671515  0.336114  1.87946  
1.70999  0.103121  0.161231  
0.205274  2.08851  0.540861  
0.0903586  3.19714  0.153375  
1.02891  0.0847821  2.08205  
0.0449379  3.02947  0.903624  
0.737067  0.142595  2.38471  
1.83445  0.0625796  0.275642  
0.145977  2.73199  0.202501  
0.651467  0.0943253  2.89147  
0.460732  0.110613  3.44051  
0.132437  2.45474  0.488565  
0.138829  2.14524  1.28789  
0.441733  1.71049  0.209407  
1.54401  0.190692  0.0829762  
0.0928376  3.03311  0.199081  
0.324816  1.04501  1.69108  
1.59198  0.0685056  0.660503  
0.571448  0.708373  1.526  
0.219069  1.48406  1.69932  
0.418071  1.09186  1.1383  
0.395883  0.953654  1.35825  
0.091536  1.19966  2.93356  
1.38461  0.221351  0.425238  
0.492195  1.11933  0.916498  
0.977767  0.123188  1.82679  
0.294642  0.385857  3.05456  
0.252926  2.26616  0.0613979  
1.35209  0.226605  0.461922  
0.639329  0.527344  1.58078  
0.284149  0.905297  2.00074  
0.183568  0.533385  3.26488  
0.101076  2.53648  0.972735  
0.319665  0.564267  2.49301  
1.71484  0.0984816  0.194858  
0.657372  1.11573  0.415359  
0.186246  2.23394  0.680291  
0.0640213  0.0665183  5.10589  
0.314876  0.64257  2.26546  
0.328251  1.98976  0.252606  
0.958554  0.303948  1.33798  
0.476258  0.382243  2.59653  
0.534013  1.38518  0.280065  
0.216258  2.36095  0.18083  
1.44026  0.185308  0.306493  
0.336061  1.03599  1.64644  
0.0979522  2.7098  0.590745  
0.401145  0.815094  1.87161  
0.78962  0.0872734  2.74662  
0.886526  0.848327  0.137458  
1.31196  0.112076  1.30849  
0.202607  0.304488  3.36631  
1.47026  0.0976714  0.709744  
0.951682  0.356196  1.03821  
0.148221  0.14375  4.21454  
1.11106  0.552361  0.184561  
0.395767  1.18174  1.23704  
0.204314  0.690533  2.81123  
0.357763  1.04751  1.53726  
1.66052  0.142153  0.110304  
0.243891  1.0245  1.80481  
0.140193  0.244981  3.87375  
0.777721  0.851645  0.51938  
0.517867  0.998428  0.915598  
1.84183  0.0943223  0.103715  
0.940517  0.258661  1.58389  
0.315991  2.03853  0.0467435  
0.203254  0.68132  2.83181  
0.312005  0.381691  3.07057  
1.75059  0.0528248  0.631975  
0.156624  0.428158  3.82662  
0.223676  0.474138  3.0431  
1.68988  0.113277  0.114536  
1.76651  0.048106  0.548568  
0.302718  0.489154  2.78354  
0.687338  1.01273  0.595374  
0.0813361  0.0660244  5.07602  
0.390931  0.51685  2.37208  
0.299438  0.632569  2.34168  
0.257469  1.5466  1.19035  
0.436408  0.406685  2.48988  
0.154021  2.09614  0.871577  
0.991071  0.138143  1.81265  
0.527281  0.864324  1.2262  
0.147269  2.71272  0.214647  
0.361483  1.97577  0.0677627  
0.271295  1.2927  1.49062  
0.536409  0.778769  1.36742  
1.17293  0.375463  0.359249  
0.774832  0.606847  1.03387  
0.110539  0.325981  3.86657  
0.121734  0.181636  4.41682  
0.460892  1.54229  0.442478  
0.701245  0.629012  1.11822  
0.830796  0.433535  1.17436  
0.224869  0.0933661  4.07047  
0.0925788  0.21999  4.16538  
0.165955  0.829473  2.83815  
0.51667  0.906976  1.24007  
0.184344  0.152519  4.19157  
0.514315  0.862905  1.28848  
0.265842  1.41311  1.35111  
0.155972  0.208692  4.10824  
0.75969  0.618387  1.0037  
0.0677974  0.201754  4.67014  
1.75654  0.0572757  0.515191  
0.344878  1.47638  0.837026  
1.77134  0.0765484  0.283604  
1.22392  0.180673  0.877011  
1.88904  0.0554094  0.157932  
0.102893  0.121361  4.62906  
1.10503  0.204962  1.0498  
0.647486  0.840879  0.844414  
0.361854  1.46386  0.950543  
0.248135  0.148027  3.79984  
0.314918  2.07514  0.0627369  
0.745735  0.448217  1.397  
0.0587072  0.0798504  5.1008  
0.571604  0.391927  1.99015  
0.198789  1.62269  1.19804  
0.683349  0.532256  1.42397  
0.193162  1.23869  2.22186  
0.511935  0.163516  2.96749  
0.229311  0.185251  3.84929  
0.713561  0.272955  1.98952  
0.223819  2.03905  0.735173  
0.351492  1.90579  0.329949  
0.649375  0.103869  2.8571  
0.505532  0.429412  2.23039  
0.135766  2.62034  0.375564  
0.321237  0.303758  3.39268  
1.0358  0.156082  1.44164  
1.2422  0.315038  0.55839  
0.150813  2.06299  0.939005  
1.24864  0.332408  0.351982  
0.137778  2.48381  0.451449  
0.0909839  0.543796  3.90626  
0.190673  2.17155  0.67381  
0.158341  2.25965  0.650905  
0.0868721  2.76805  0.535767  
0.129703  1.24606  2.33316  
0.212895  1.95861  0.810227  
0.202674  0.0737564  4.64363  
1.07694  0.139509  1.55619  
0.122825  1.74621  1.49024  
1.66791  0.066341  0.747677  
0.0603551  0.0609985  5.21426  
0.67772  1.17419  0.133187  
0.291259  0.202292  3.46606  
0.626152  0.1592  2.80818  
0.0734404  2.58203  1.20678  
0.563948  0.778281  1.25363  
0.813737  0.188499  2.09652  
0.143577  2.82429  0.0523698  
1.25072  0.115961  1.2581  
0.182753  1.56129  1.55045  
0.378016  0.395477  2.61741  
0.697066  0.650199  1.11257  
0.195545  0.153344  4.18315  
1.76169  0.102078  0.174443  
1.84483  0.0813872  0.174978  
0.377037  1.07347  1.48779  
0.0987252  2.48982  1.05221  
0.075497  2.2476  1.35254  
0.481119  0.465692  2.23497  
0.485999  0.537728  2.13957  
0.81619  0.559453  1.06564  
0.173529  0.303575  3.8081  
1.7298  0.0617198  0.450588  
1.16516  0.0549067  1.55174  
1.08104  0.388073  0.529795  
0.299938  1.09247  1.79495  
1.42844  0.150841  0.626232  
0.0707804  2.09592  1.89187  
1.30725  0.128565  1.17097  
1.45654  0.103229  0.657982  
1.14232  0.0999539  1.59906  
0.248178  1.6144  1.01227  
0.960902  0.568672  0.542438  
0.966719  0.287683  1.4086  
0.114118  1.88334  1.63112  
0.401334  1.44755  0.604961  
1.53336  0.100075  0.692613  
0.113772  2.72634  0.465148  
0.175974  0.0903228  4.2517  
0.0736843  0.0815833  5.0619  
1.28299  0.105572  1.50512  
0.4077  0.743807  2.23714  
0.249603  0.918194  1.99393  
0.991034  0.61573  0.287291  
0.180712  0.195923  4.21267  
1.53914  0.0842202  0.722136  
0.297507  0.826633  2.26097  
0.824106  0.440753  1.32413  
0.673471  1.08116  0.535429  
0.83704  0.842119  0.249407  
0.756992  0.176518  2.2138  
0.434718  0.161132  3.29559  
0.568742  1.44669  0.154651  
0.808311  0.85015  0.385204  
0.132451  2.17841  1.05633  
0.091676  1.15501  2.65194  
1.12252  0.460904  0.41171  
0.72423  1.08582  0.134247  
1.46794  0.23269  0.0818189  
1.11864  0.124182  1.73187  
0.195476  0.582669  3.11648  
0.125501  1.15196  2.36297  
0.649404  0.600991  1.31702  
0.163852  0.877671  2.77749  
0.207258  0.0761627  4.3043  
0.257448  0.299218  3.4873  
0.505567  0.982201  1.15272  
0.174735  2.24445  0.752351  
0.0992725  1.79459  1.79701  
