0.0427584  2.47492  1.24093  
1.95819  0.0468607  0.160271  
0.70639  1.06593  0.0437603  
0.0498867  3.90533  0.0486658  
0.059829  0.0824014  6.05293  
2.02471  0.0643272  0.0640789  
2.00001  0.0651841  0.0657751  
0.0427915  3.83809  0.706681  
0.0461998  2.01118  5.95707  
0.115718  0.0682739  5.53298  
0.144062  2.65522  1.22745  
0.0601065  3.50608  0.374304  
1.80881  0.0838421  0.0664167  
1.95982  0.0613163  0.0706452  
0.072716  0.0988594  5.73244  
0.0655954  3.37225  0.669235  
0.0720695  0.102855  5.6164  
0.569266  0.162449  3.35343  
0.107473  0.0606435  5.79435  
0.0845215  0.103267  5.3488  
0.0647054  3.56698  0.0571085  
0.0438912  3.88278  0.0918388  
0.0455686  2.42674  4.6513  
0.121435  1.0188  3.43522  
1.83734  0.0753999  0.0544659  
0.0446586  3.78496  0.690058  
1.9177  0.0671652  0.272229  
1.70258  0.104456  1.11011  
1.94769  0.0671503  0.238848  
0.119084  0.0603769  5.48058  
0.216222  0.213463  4.25974  
0.0773426  0.0715861  6.03268  
0.0625389  2.353  1.95591  
1.68309  0.118277  0.22989  
0.0462428  3.74969  0.682881  
0.336376  0.07973  4.31136  
1.28003  0.34673  0.963706  
0.080053  0.0958436  5.67258  
1.41158  0.248159  0.750395  
1.32771  0.276667  1.21049  
0.0760735  3.41285  0.051516  
0.0748412  3.29869  0.881633  
0.113232  0.0806929  5.4034  
0.0861693  0.0809589  5.4295  
0.0777944  0.124743  5.29153  
0.214083  2.32147  0.831708  
0.239952  2.2928  0.332148  
0.309581  1.9849  0.694253  
0.138485  0.333723  4.22098  
0.111511  3.00934  0.131925  
0.157465  2.62071  1.12061  
0.0497481  3.7134  1.05697  
0.0794526  3.2277  0.0807664  
0.128023  0.344819  4.11916  
1.61954  0.147989  0.371167  
0.200851  2.49928  0.0461624  
0.244921  0.139898  3.98858  
0.106216  0.452032  4.39745  
0.137474  0.381953  3.82055  
0.0952785  1.15236  3.01937  
0.149599  0.925417  3.45563  
1.50551  0.194159  0.171748  
0.11978  2.90025  0.132585  
0.657823  0.111193  2.97638  
0.646649  0.116443  3.12779  
0.115551  3.03716  0.0505051  
0.365842  0.0578546  4.50655  
0.0769105  3.26806  0.0441091  
0.167707  1.76041  1.56243  
0.0807135  0.110952  5.12973  
0.766306  0.376794  1.84706  
0.318036  0.529732  2.68318  
1.67172  0.119498  0.302216  
0.528727  0.0568978  4.83341  
1.43145  0.253121  0.495556  
0.410248  0.373805  2.63481  
1.63836  0.125942  1.08893  
0.304425  0.444716  3.16212  
0.637507  1.12453  1.17565  
1.73618  0.097935  0.564076  
0.255248  2.24988  0.613279  
0.123017  2.8784  0.715418  
0.0616907  3.48389  0.348551  
0.836103  0.801683  0.982756  
0.295769  1.16638  2.16691  
0.42216  1.63792  0.48553  
0.132735  2.80634  0.568732  
0.197093  2.51691  0.353503  
1.02575  0.578596  0.701823  
0.10488  2.98825  0.433917  
0.0561897  0.549426  4.34407  
0.121884  2.9382  0.0440965  
0.10385  3.11866  0.0492505  
0.0591028  2.39951  2.39745  
0.15204  2.72904  0.918651  
0.192917  1.61849  1.70701  
0.438792  1.65576  0.474739  
0.670831  1.08608  1.09969  
0.0638461  3.34631  0.705833  
0.0977802  3.09606  0.598323  
0.197773  0.727982  3.55727  
0.177488  2.58797  0.174455  
0.057245  0.546072  4.36805  
0.299911  0.507554  3.52382  
1.88038  0.0671906  0.397038  
1.31321  0.356076  0.215348  
1.66206  0.135373  0.205388  
0.0507629  3.68498  0.0605287  
0.127204  0.112854  4.95636  
0.997823  0.676962  0.191143  
0.0842959  0.165464  5.0792  
0.0750465  0.0948377  5.84081  
0.0557875  3.64754  0.0617079  
1.54259  0.178218  0.180547  
0.583227  1.31592  0.734412  
1.89321  0.0639433  0.350286  
0.0883744  0.101381  5.18807  
1.79451  0.0825052  0.746312  
0.172316  2.56696  0.895215  
0.0490527  3.77433  0.0495215  
1.33691  0.294785  1.0409  
1.6064  0.145784  0.426693  
0.101369  0.0900239  5.23056  
0.889424  0.733293  1.02551  
0.93356  0.268888  2.32848  
0.116982  2.85036  0.907545  
0.0988947  0.0908254  5.26919  
0.0923288  3.25367  0.0547714  
0.140431  0.0918297  4.9169  
1.52001  0.206813  0.151573  
0.18722  2.6899  0.0975457  
0.0520638  0.873939  3.82729  
1.26011  0.0952614  1.25962  
0.305967  2.12734  0.0576839  
0.187834  0.206488  4.58779  
1.24917  0.369661  0.526017  
0.226605  0.220107  3.76824  
0.60376  0.592225  1.75774  
1.44454  0.230639  0.546429  
0.285668  0.487246  3.58458  
1.5687  0.149054  1.20344  
0.714477  0.483145  1.98613  
0.292575  0.0914379  4.79206  
0.232526  2.37445  0.0633004  
1.04029  0.26109  1.34717  
0.189188  0.234516  4.53505  
0.234653  0.235976  3.71443  
0.855142  0.844361  0.217318  
0.422294  1.70323  0.418116  
0.258076  0.119323  4.72155  
0.68801  1.09573  0.619201  
1.00449  0.194713  1.52817  
1.29366  0.346581  0.775261  
1.1698  0.099904  2.30137  
1.21838  0.0831467  1.62318  
1.53247  0.204331  0.0628993  
0.354666  1.94236  0.122868  
0.69611  1.14216  0.0692718  
0.174383  0.279235  3.85525  
0.195089  2.54114  0.188487  
0.0639498  0.117744  5.64393  
1.27032  0.365006  0.537436  
1.84509  0.0728731  0.425927  
0.160658  0.315348  4.46866  
0.34872  0.438532  2.79457  
0.186622  0.209828  4.54972  
0.371674  0.363889  3.4876  
0.0896863  0.103485  5.14873  
1.90758  0.055539  0.767893  
1.36203  0.0594343  1.66413  
0.143808  2.74879  0.235501  
1.62758  0.147265  0.063391  
0.129333  1.21766  2.62104  
0.108819  0.325809  4.88005  
0.0731006  3.31746  0.23247  
1.45978  0.219463  0.309191  
1.65071  0.136864  0.349166  
0.493892  1.52221  0.385375  
1.59082  0.141107  1.13668  
0.950507  0.0550264  4.0238  
0.237814  0.182112  4.19404  
0.0545374  3.72992  0.0517662  
0.151621  0.953614  3.09179  
0.221805  0.682082  2.76756  
0.0603751  3.46242  0.696955  
0.251052  2.19844  1.02079  
0.0802199  3.16228  0.657158  
0.560333  0.662989  1.78222  
1.76067  0.0901096  0.0536223  
0.882766  0.32837  1.58896  
0.175487  1.60346  2.37375  
0.108115  2.95909  0.431443  
1.1303  0.471864  0.863535  
0.109106  3.08258  0.0498336  
1.13723  0.567674  0.108763  
0.084841  2.23721  1.494  
1.19989  0.448561  0.0734421  
0.270384  2.15889  0.127933  
0.898078  0.76663  0.492955  
0.204385  0.250561  3.88157  
0.198495  0.724165  3.2719  
0.684247  0.102641  3.19026  
0.761216  0.395661  2.02084  
0.47975  0.853841  1.63354  
1.2322  0.434741  0.113055  
1.38142  0.0755774  1.60945  
0.109398  0.143833  4.98885  
0.649967  1.11182  0.642422  
1.7277  0.122161  0.0796687  
0.056856  3.59362  0.356235  
0.280335  1.28055  2.19904  
1.74902  0.0904696  1.22726  
0.909009  0.784618  0.118846  
0.629995  0.523139  2.2404  
0.799161  0.360726  2.02993  
0.289046  1.19779  1.99691  
0.434045  0.906201  1.53642  
0.333708  1.92484  0.259295  
0.419329  1.68514  0.859259  
0.383858  0.957294  2.41458  
1.85466  0.0700873  1.07659  
1.07667  0.533589  0.759261  
0.133984  0.290762  4.60732  
0.219654  1.50328  1.69693  
0.275678  0.126796  4.1441  
0.183434  0.219027  4.69255  
0.744235  1.00933  0.0653663  
0.0958491  1.11265  3.61682  
0.0673998  2.33087  2.26476  
0.804233  0.100568  2.57466  
1.17693  0.41519  1.02764  
0.814909  0.109339  2.49101  
0.0895997  3.06039  0.630555  
0.427543  0.397806  2.55776  
0.269466  2.11338  0.621616  
0.128463  2.83458  0.115249  
0.202867  0.835498  2.70118  
1.19014  0.397158  0.927602  
1.78467  0.0818261  0.919495  
0.989313  0.052594  4.455  
0.266082  0.134103  4.07192  
0.778296  0.075185  3.0769  
0.540238  0.18515  2.85952  
1.35623  0.291295  0.777754  
0.274354  2.21384  0.0854203  
0.0924975  3.13728  0.4906  
0.259444  2.23162  0.455118  
0.431965  0.282289  3.32141  
0.156606  2.71369  0.928099  
0.0990554  3.14806  0.242058  
0.163249  2.57762  1.16262  
1.34984  0.0598023  1.76514  
0.0813549  2.39031  1.42211  
0.451065  0.273296  3.47319  
0.776947  0.899672  0.687742  
1.43172  0.239167  0.750508  
0.0672592  3.33365  0.164368  
0.209582  0.212108  4.42346  
0.125335  1.16043  2.73835  
1.04828  0.165243  1.88997  
0.470968  0.913502  1.35293  
0.125526  2.76083  0.723514  
0.0510323  3.62036  0.230672  
1.34099  0.303788  0.629149  
0.847502  0.866994  0.119273  
0.0942466  1.21278  2.9318  
0.419608  0.939629  1.8761  
0.122178  1.91247  1.32761  
0.0740518  0.073919  5.93096  
0.0660049  3.43776  0.410762  
1.76903  0.0898744  0.521584  
0.873839  0.786104  0.408954  
0.419717  1.73967  0.0663372  
1.30034  0.277357  1.21647  
0.141737  1.0605  2.47528  
1.58296  0.16928  0.194646  
1.47156  0.225733  0.0966741  
0.795601  0.940927  0.28586  
0.0543152  3.67295  0.157369  
1.4883  0.207828  1.16859  
1.11103  0.136597  2.3636  
0.864689  0.310045  2.12266  
1.77482  0.0878096  0.69233  
0.825442  0.10262  2.48744  
0.448826  0.106735  3.75232  
0.698432  1.02283  0.65141  
0.703652  0.0865581  2.91097  
0.579169  1.27316  0.845623  
0.120993  2.97413  0.0492823  
0.342136  1.1008  2.07315  
0.316227  1.07641  2.43362  
0.164987  2.61054  0.589874  
0.379188  1.89627  0.0632462  
0.326322  0.0889148  3.93565  
0.600445  0.596482  1.76904  
0.362028  1.05797  1.72728  
0.290255  2.14541  0.258949  
0.458797  1.61116  0.229218  
1.154  0.500965  0.097676  
0.156305  1.03451  2.81412  
0.175291  0.235445  4.78016  
0.125011  1.88915  1.51176  
0.233689  0.655319  3.30112  
0.920974  0.289101  1.59549  
0.0707895  1.36938  3.57429  
0.771984  0.888202  1.15024  
0.623453  1.30256  0.19089  
0.0785937  0.0794906  5.86754  
1.5764  0.187636  0.0704527  
1.37056  0.305634  0.14754  
0.110802  1.72188  2.50953  
0.338841  1.83645  1.12673  
0.812654  0.856447  0.946295  
0.151793  2.78202  0.0491436  
0.538389  1.41532  0.528644  
0.331842  0.407147  3.10504  
0.926287  0.715352  0.949238  
0.514159  0.0570258  4.90525  
0.108858  1.05315  3.26541  
0.193864  2.46833  0.504184  
0.395669  1.87578  0.068828  
1.05533  0.552837  1.13292  
0.185445  1.77261  1.47317  
0.0587679  2.45744  2.10622  
0.054617  0.329533  5.20967  
1.7199  0.0993469  0.289132  
1.55001  0.17723  0.973337  
0.541749  0.16343  3.51276  
0.533055  0.670542  2.08943  
0.315372  2.01269  0.319846  
0.172834  0.928046  2.7687  
0.127363  2.82157  0.417835  
0.297184  0.166001  3.95908  
1.89945  0.0690811  0.0947728  
0.102387  0.0612025  5.89688  
0.273698  0.173149  3.6589  
0.586495  1.27304  0.584119  
0.720721  0.475522  2.04965  
1.0903  0.15647  1.45448  
0.610648  1.24709  0.442975  
0.208227  1.47493  1.81095  
0.552103  0.700055  1.81719  
0.5242  1.42588  0.813684  
0.339511  2.03015  0.141058  
0.592981  0.612662  1.45188  
0.239754  1.44298  1.57001  
0.0614818  2.03454  3.22868  
0.511936  1.47764  0.20646  
0.447698  1.57217  1.12185  
0.0583532  2.07953  3.04948  
0.600259  1.3017  0.215736  
1.01421  0.665923  0.266549  
0.0611172  3.57513  0.0472313  
0.265157  2.10065  0.807233  
0.989584  0.616916  0.341773  
0.860907  0.781586  1.01412  
0.621866  0.530925  2.18878  
0.406997  0.867371  2.34631  
0.350883  0.404614  3.63049  
0.125941  2.85555  0.0495515  
0.540834  1.39116  1.06427  
0.0591011  0.632919  3.90714  
1.01346  0.710803  0.110547  
1.07273  0.508781  1.01218  
0.254657  0.647262  2.81218  
0.48843  1.49379  0.693439  
0.0504735  3.65913  0.168212  
0.553747  1.33172  0.999671  
0.152925  2.77605  0.049428  
0.408279  0.964672  1.89633  
0.452154  1.67455  0.0950283  
0.489293  1.51761  0.554065  
1.02932  0.651294  0.0924689  
0.981382  0.651526  1.11552  
0.209011  0.684925  3.24021  
0.474048  0.810651  2.31551  
0.914935  0.817186  0.0891632  
0.635639  0.504927  2.22894  
0.24422  0.170856  4.16783  
1.87519  0.0601849  0.74365  
0.676112  1.18684  0.123121  
1.22092  0.429498  0.132349  
0.213145  0.696822  2.88609  
0.482283  0.807186  2.01049  
0.139198  0.324642  4.15747  
1.30832  0.396754  0.0843068  
0.786962  0.87972  0.714112  
1.20681  0.442479  0.200259  
1.86922  0.0667881  1.38349  
0.899957  0.743508  0.723878  
1.86177  0.0675694  1.18663  
0.423308  0.463183  2.52806  
0.258911  1.3591  2.05483  
0.557204  1.39464  0.785799  
1.08412  0.587408  0.0766183  
1.49523  0.201143  0.734494  
0.576593  0.152737  3.24964  
1.18245  0.0855463  2.10004  
0.535756  0.969122  1.32966  
0.0892209  1.3707  3.03648  
0.0700353  0.077007  5.91269  
0.0898817  2.34262  1.32941  
0.48437  1.59099  0.0586608  
0.730969  0.974019  0.80398  
0.382501  0.987459  1.28894  
1.75083  0.0896857  0.990042  
0.267942  0.123756  4.43806  
0.32382  1.05442  2.43449  
0.0929565  0.256711  5.01798  
1.3687  0.0588054  1.64923  
0.216358  1.54756  1.29791  
1.09595  0.169359  1.3966  
0.344136  0.461  2.72598  
0.357743  1.80011  0.991284  
0.0755873  3.42645  0.126511  
0.0962701  3.20471  0.062444  
1.11928  0.133908  1.73883  
0.212029  0.302707  3.70043  
1.60081  0.145888  0.571045  
1.09367  0.498396  1.14702  
0.385714  1.84838  0.270873  
0.171008  1.78555  1.2722  
1.23541  0.386963  0.163656  
0.228414  1.43124  2.07094  
0.463983  1.53969  0.605258  
0.412499  1.73243  0.214433  
1.64391  0.138562  0.0559832  
1.29644  0.338313  0.637758  
0.118406  2.89291  0.234669  
0.0944399  3.17715  0.383856  
0.664222  1.23157  0.0737635  
0.614887  0.227292  2.59339  
0.986009  0.241834  1.43876  
0.27632  1.28197  1.34398  
0.0751099  1.19676  3.20904  
0.727081  0.430877  1.92281  
0.960207  0.755603  0.085945  
0.659437  0.533578  1.79229  
1.71223  0.107112  0.31032  
0.182744  2.55362  0.125756  
0.161914  0.256696  4.74795  
0.468842  1.5607  0.604584  
0.877559  0.824837  0.178767  
0.578085  1.37682  0.232707  
0.0744379  1.34343  3.17957  
0.615516  1.18174  0.856549  
0.801413  0.0694312  2.9461  
0.106095  2.06171  2.05733  
0.259692  1.40629  1.5542  
0.468818  0.269437  2.89194  
0.566713  0.851296  1.32511  
0.318694  0.0897949  4.04767  
0.738682  0.406877  2.15193  
1.14378  0.135427  1.2589  
0.791767  0.0561024  3.30886  
0.186243  2.54823  0.936029  
0.313963  2.03923  0.510959  
0.809842  0.351392  1.64831  
1.20668  0.077348  2.24388  
1.52464  0.218122  0.0686504  
0.455622  0.909146  1.40308  
0.589883  0.695671  1.36045  
0.102881  3.05396  0.147833  
0.71658  0.439517  2.27731  
0.294524  2.0481  0.28196  
0.113633  0.400673  4.6769  
1.789  0.086412  0.440346  
0.403933  1.80923  0.148496  
1.06195  0.162524  1.91205  
0.353239  0.0781683  3.89551  
0.673886  0.608267  1.28499  
1.26551  0.366892  0.130959  
0.374719  1.15546  1.42014  
0.391337  0.312839  2.83656  
0.732588  1.03798  0.375681  
0.16983  1.81663  1.43454  
0.320955  1.96945  0.543701  
1.56  0.154625  1.07369  
0.880169  0.745611  0.827989  
0.242004  2.2688  0.172532  
0.706907  0.478812  2.02309  
0.522869  0.75234  2.25846  
0.617302  0.590274  1.83896  
0.346521  1.85858  0.586949  
0.216731  2.44439  0.148591  
0.28558  2.19051  0.0550176  
0.149887  0.0895313  4.85313  
0.0922646  0.244956  5.06855  
0.316371  1.95784  1.24724  
0.354612  1.24457  1.31071  
0.230621  2.4078  0.248437  
0.545592  1.40446  0.486945  
0.487622  0.280305  2.53539  
0.124015  0.329714  4.7435  
0.378009  1.82111  0.299553  
0.286529  2.06894  0.34675  
0.0582754  3.60626  0.0635389  
0.641081  1.25157  0.065277  
0.519374  0.315716  2.49934  
0.226498  1.46446  2.28446  
0.963623  0.705739  0.383224  
0.520582  1.4418  0.275705  
1.10581  0.507083  0.871726  
1.4988  0.205544  0.35848  
0.556954  0.713846  1.47448  
0.119228  2.94382  0.137512  
0.7567  0.995516  0.0507013  
0.645802  0.1833  2.95689  
0.549585  0.659734  2.10896  
0.339854  0.478063  2.61417  
0.196811  2.40984  1.07296  
1.45496  0.257337  0.0674032  
0.330498  1.15688  1.93399  
0.163403  2.1775  1.31774  
0.258485  2.27798  0.0681522  
0.74923  0.976796  0.745415  
0.18011  0.0756653  4.84812  
1.04481  0.623768  0.213948  
0.976356  0.625687  1.21571  
0.54361  0.238964  2.71466  
0.63207  1.26194  0.0803237  
0.230074  2.43901  0.153124  
0.720878  0.0847213  3.33131  
0.973165  0.739768  0.228703  
0.589085  0.636769  1.68417  
0.640386  1.11571  1.07109  
0.269394  2.17414  0.154938  
1.47371  0.211414  0.662803  
1.40391  0.296727  0.0738763  
0.645565  0.642278  1.37891  
0.841098  0.843281  0.468557  
0.500635  0.753991  2.33205  
1.1246  0.511273  0.186094  
0.55049  0.668265  1.94522  
0.362713  0.373162  3.05771  
0.367892  1.84706  0.479015  
0.859952  0.889  0.071525  
1.11775  0.542288  0.312459  
0.238045  0.188667  4.03338  
0.941544  0.745451  0.375107  
1.09159  0.572567  0.324214  
0.844457  0.830167  0.26581  
0.873308  0.749118  1.14133  
0.782726  0.417635  1.27149  
0.160669  0.299554  4.07173  
0.243344  2.202  1.12778  
0.318942  1.28749  1.28442  
0.162426  0.251749  3.96848  
1.95037  0.0650664  0.186788  
0.956482  0.215659  1.67077  
1.11432  0.139203  1.80247  
0.524913  1.41046  0.548735  
1.59788  0.167146  0.0868941  
0.162598  2.70232  0.0465888  
0.390378  1.80175  0.56308  
0.208336  1.6592  1.28171  
0.173978  0.366302  3.9275  
0.726957  1.00008  0.855087  
0.465269  1.58338  0.229735  
0.590906  1.26412  0.952487  
0.868772  0.355518  1.51994  
0.966357  0.655541  0.360176  
0.497344  0.840935  1.61201  
0.0830279  2.14561  2.21199  
1.55392  0.162948  0.973025  
0.261851  2.14812  0.882049  
1.08531  0.159332  1.5947  
0.133505  1.34732  2.49954  
1.86604  0.0698506  0.884734  
0.833525  0.93568  0.107834  
0.225059  0.222977  3.76155  
1.91372  0.0680507  0.156704  
0.241991  0.0561439  5.85492  
1.24083  0.426022  0.0728246  
0.685141  1.2312  0.0862892  
1.1009  0.515563  0.522387  
0.828192  0.0849797  2.9164  
0.338583  1.08362  2.22073  
1.38734  0.297709  0.328874  
0.573073  0.735219  1.28078  
0.338217  1.14647  1.61559  
0.715024  0.995115  1.19356  
0.158901  2.69326  0.468501  
0.106105  0.096594  5.05666  
0.100555  1.96353  2.31507  
0.204345  0.815852  2.45857  
0.282836  2.08956  0.510365  
1.38897  0.268344  0.513696  
0.952661  0.661717  0.398324  
1.06763  0.610304  0.0806233  
0.0728389  1.45558  2.55182  
0.0616762  0.535827  4.66962  
0.511173  1.51018  0.197324  
0.317169  1.19246  2.13891  
0.0984691  3.19081  0.0795905  
1.16658  0.442786  1.03812  
0.569726  0.628146  2.18897  
0.443698  1.67872  0.131663  
1.55783  0.175499  0.419853  
0.751464  0.428465  1.52612  
