0.0499169  3.88553  0.0593876  
1.75042  0.0514802  5.99748  
0.675273  1.12407  0.044162  
0.075053  0.411923  6.06911  
2.01767  0.0565988  0.0570739  
1.99465  0.0631801  0.0614584  
0.0570981  3.81526  0.437746  
0.0641641  3.60758  0.0520283  
1.9414  0.0778148  0.0712427  
0.0623913  3.70501  0.330601  
0.0578219  3.74492  0.0556798  
0.0964584  0.0829259  5.44327  
0.0806507  0.0872388  5.52657  
0.0658486  2.07242  5.69474  
1.77517  0.0866314  0.440807  
0.0795391  3.51319  0.0636686  
0.0598271  2.34133  5.38539  
0.0674667  3.56461  0.0784798  
0.0831566  3.4526  0.0642474  
0.0762932  0.0768215  5.91755  
0.128421  2.92428  0.0813617  
0.102608  0.0914428  5.25101  
1.11797  0.115124  2.35291  
0.0901829  0.103909  5.19862  
0.100047  3.14454  0.206729  
0.253226  0.622053  3.24873  
1.68372  0.103215  0.166628  
1.13768  0.120647  2.11443  
0.148644  2.78191  0.289232  
0.0573752  2.37889  4.97683  
1.86238  0.0719731  0.0725672  
0.0787926  0.489477  5.33989  
1.05919  0.187913  2.17997  
0.132865  0.450102  4.13045  
0.0628398  2.25426  3.78518  
0.0872011  0.258944  4.88803  
1.53535  0.172041  0.618969  
0.140191  2.83949  0.230339  
0.0689098  3.53488  0.25904  
1.516  0.19206  0.122629  
0.0960677  1.22269  3.31103  
0.078373  3.37565  0.615242  
0.0580662  2.24593  5.75892  
1.88191  0.067479  0.342447  
0.0797584  0.392472  5.86186  
0.310706  1.99248  1.05875  
0.154315  2.8036  0.126142  
1.58399  0.153014  0.152205  
0.187496  2.48919  0.778987  
1.66654  0.118388  0.238088  
0.062341  2.63191  1.46923  
0.054746  3.22695  6.04646  
0.1264  2.96965  0.238289  
0.100049  0.0934743  5.12916  
0.332147  0.088648  4.64782  
0.546151  0.712937  2.22151  
0.0929865  0.49526  4.2808  
1.2179  0.0916589  2.45796  
0.329485  0.0684955  4.7676  
0.195542  0.206844  4.44574  
0.540464  0.175786  3.22395  
0.10374  0.0681403  5.62537  
0.116263  0.0753203  5.57472  
0.138262  2.74275  0.76129  
0.10357  3.1101  0.791954  
1.55996  0.165333  1.08891  
0.323162  1.90855  0.913647  
0.294488  0.142694  4.24912  
0.105074  0.0629574  5.7906  
0.0803695  3.32749  0.523567  
0.0907538  3.26277  0.539617  
0.176182  0.243045  4.17341  
1.2035  0.391235  1.18958  
0.42936  1.67679  0.680939  
0.268814  0.14763  3.83113  
0.0700663  2.51366  1.49132  
0.0581025  2.4122  2.84657  
0.0564498  3.7204  0.800497  
1.40586  0.0769092  1.42008  
0.0833883  3.41323  0.0993493  
0.683995  0.155879  2.5501  
1.0925  0.542318  0.19353  
0.204978  2.44854  1.00769  
1.73459  0.0989417  0.0663789  
1.06517  0.543228  1.13392  
0.660982  0.512949  2.32833  
0.145442  0.962664  3.55945  
1.03521  0.587613  0.598569  
1.35034  0.298434  0.292431  
0.425699  1.65398  0.773438  
0.138467  0.402289  4.09457  
0.483839  0.903983  1.59119  
1.71972  0.121525  0.100212  
1.00289  0.598097  1.21394  
1.90749  0.0550728  0.184963  
1.4333  0.0631539  1.92947  
1.10486  0.504682  0.590917  
0.138316  0.356225  4.71196  
0.476563  0.235985  3.18696  
0.495985  1.44382  0.613999  
0.626941  0.590372  1.85341  
1.47369  0.183617  1.20647  
1.38219  0.241596  0.952197  
0.64916  0.561123  1.81567  
0.246187  0.149781  4.70112  
0.151177  2.87465  0.0684847  
0.84038  0.322901  1.67393  
1.18494  0.10312  2.4465  
0.0799606  1.33659  3.53582  
0.214804  2.46541  0.556498  
0.137026  0.0618164  4.94601  
1.38842  0.234592  1.14378  
0.105404  1.1486  3.58175  
0.761521  1.0284  0.0815507  
1.69895  0.12318  0.0972281  
0.31557  1.96061  0.364248  
1.82025  0.0907519  0.110258  
0.262276  0.141746  4.37111  
0.216626  2.3852  0.514139  
0.119102  1.98378  1.24674  
0.15995  0.396097  3.72033  
0.224285  1.41882  2.20145  
0.25512  0.579336  3.49  
0.158849  2.70225  0.276965  
0.285752  0.118004  4.31449  
0.124119  2.98639  0.492278  
0.108929  2.0956  2.42257  
0.131864  1.88813  1.2431  
1.62276  0.135585  0.485475  
0.553719  0.170388  3.05827  
0.200936  0.852098  2.56967  
1.17646  0.112932  1.97844  
0.401408  0.361173  2.76726  
1.45815  0.212305  0.57951  
1.11115  0.160774  2.25177  
0.24883  1.4248  1.9768  
0.593412  1.29297  0.147462  
0.419586  0.960139  1.48229  
0.101626  1.27571  2.89408  
0.805625  0.882025  0.18782  
0.0870322  0.517793  4.01115  
1.63107  0.123186  1.04518  
0.103327  3.20183  0.0580815  
1.92317  0.0714822  0.112763  
1.92697  0.0543071  0.0785763  
1.2383  0.0970047  1.66438  
0.118249  2.05667  2.08653  
1.50872  0.175983  0.691281  
1.41542  0.0768822  1.26775  
0.717496  1.05564  0.419313  
0.0892642  3.23312  0.847662  
0.131039  1.87557  2.02237  
0.0734868  0.561675  5.2318  
1.04505  0.219571  1.32652  
0.181414  2.61116  0.0509348  
0.136763  2.85299  0.243353  
1.42505  0.210139  0.759305  
0.296326  2.1194  0.383428  
0.66645  0.540318  1.93683  
0.857204  0.0906241  2.93432  
0.151334  1.04123  3.01771  
0.56759  1.37578  0.720966  
0.711735  0.0804934  3.23216  
0.334218  1.21667  1.68803  
0.356055  0.347057  3.35241  
0.0989216  3.1802  0.779727  
0.74803  0.38663  2.09925  
0.174059  2.65349  0.176717  
0.191204  0.21076  4.53917  
1.89735  0.0597618  0.787067  
0.772465  0.921832  0.817865  
0.303767  0.140826  3.90799  
0.189242  0.225619  4.48927  
1.88993  0.0563177  2.63668  
0.644653  1.18606  0.41188  
0.267173  2.22386  0.0474033  
0.935863  0.739676  0.630036  
1.56841  0.160401  0.073688  
0.123005  1.25414  2.86858  
0.86359  0.314677  1.72534  
0.469642  1.49749  1.07104  
0.463125  0.847515  1.79778  
0.0818534  2.30347  1.57744  
0.194018  0.816913  3.1119  
0.158771  1.82377  1.78364  
0.278812  1.24268  2.40554  
0.111401  3.00467  1.22728  
0.331513  1.92157  0.380431  
0.152764  2.71577  1.23451  
1.30225  0.311075  0.650036  
0.697194  0.628941  1.30821  
1.04578  0.203922  1.37158  
0.210848  1.56286  2.29301  
0.106566  3.08424  0.176137  
0.409647  1.77468  0.510429  
0.0671744  1.34458  5.09616  
0.829704  0.32518  2.36821  
0.275738  2.18413  0.0603938  
0.208685  0.214122  4.02441  
0.0670902  2.28417  2.89872  
0.99496  0.185273  2.43679  
1.74311  0.0866329  0.724265  
0.0689929  2.52056  1.53032  
0.137135  2.89861  0.0532008  
0.233869  2.36266  0.049017  
0.0857055  0.111385  5.35881  
0.616797  1.22434  1.03387  
1.22923  0.132379  1.44399  
0.178552  0.917949  3.02669  
0.318638  2.04453  0.0493266  
0.220626  2.4305  0.241462  
0.345056  0.112674  4.07184  
0.437112  1.61646  0.820004  
1.22302  0.407983  0.360963  
0.0653968  2.08511  5.61911  
0.177263  2.54616  0.702768  
1.2551  0.0802651  1.51866  
0.275241  0.1314  4.41524  
0.6572  0.142633  3.42066  
0.498923  0.786349  2.00397  
0.799551  0.0753582  3.13264  
0.245498  0.172124  3.98271  
1.02288  0.596772  0.556516  
0.21437  2.34876  0.803813  
0.77848  0.945766  0.658624  
0.0961129  3.30579  0.060613  
0.118428  2.02139  1.24967  
1.24547  0.391676  0.529344  
0.45881  1.60216  0.746012  
0.360013  1.09707  1.91085  
0.123494  1.07804  2.73908  
0.316376  0.120825  4.21755  
0.213679  1.47374  2.21541  
0.449747  0.826622  1.98932  
1.44913  0.208239  0.648881  
0.112496  1.17303  3.40195  
0.960374  0.220333  2.30693  
0.677683  0.112357  3.33113  
0.0564705  2.07929  5.78952  
0.114062  3.04925  0.73235  
1.0829  0.60831  0.0980788  
0.108302  0.103527  4.86147  
0.491427  1.45977  0.985565  
0.455708  0.85596  1.89323  
1.48318  0.202164  0.180621  
0.608546  1.36415  0.08143  
1.83489  0.0749377  0.929496  
0.834468  0.356018  1.8054  
0.192591  2.58559  0.320788  
0.620179  1.20705  0.829149  
0.576205  0.697388  1.74204  
0.434447  0.247208  3.51727  
0.706375  0.466851  1.73452  
1.78962  0.103375  0.0655876  
0.107066  3.16939  0.131503  
0.888452  0.78865  0.759085  
0.518178  0.798333  1.35328  
1.02974  0.603376  0.342078  
0.904598  0.834935  0.0912123  
0.639273  0.150921  3.44467  
1.85022  0.0629584  1.23878  
0.87795  0.803613  0.341964  
0.325472  1.13607  2.05297  
0.276585  0.63923  2.64863  
1.1935  0.426911  0.404192  
0.112088  1.11289  3.63346  
0.113154  2.89229  0.999394  
0.190693  2.56057  0.473613  
0.134286  0.0786733  4.83846  
1.63479  0.115378  0.964326  
0.30118  0.571523  2.68576  
0.192275  1.57207  2.13378  
0.730813  0.435079  1.88731  
0.0995112  3.25256  0.098731  
1.36276  0.0724294  1.44823  
0.28514  0.0566237  5.89101  
0.0936332  3.34883  0.101715  
0.652997  1.16696  0.535495  
1.28346  0.33571  0.965219  
0.0974126  0.466248  4.33704  
0.917227  0.271446  1.69926  
0.650437  0.551096  2.34145  
1.60438  0.129753  0.711085  
0.135581  0.435782  4.19892  
0.17043  2.53873  1.12109  
0.0873044  3.28529  0.31234  
0.48841  1.46763  1.1082  
0.113979  1.18911  3.03739  
1.80461  0.0907986  0.0700194  
0.751073  0.115881  2.63996  
0.174945  0.863728  3.17078  
0.102526  2.42522  1.54465  
0.987069  0.662214  0.171899  
0.516462  1.4069  0.864891  
1.49838  0.181925  0.713469  
1.46425  0.252665  0.121075  
0.718254  0.446569  1.86075  
0.0767285  0.499288  5.71816  
0.340434  0.131443  3.84654  
0.526725  1.48691  0.249091  
0.375207  1.02115  1.86808  
0.273074  0.12401  4.5088  
0.598702  1.24014  1.17315  
0.521947  1.34923  0.880328  
1.34542  0.300304  0.508752  
0.0776546  0.535342  4.62767  
1.37646  0.28671  0.0700467  
0.529291  1.39437  0.818612  
1.84687  0.0798274  0.0593214  
0.149967  2.72734  0.399296  
0.38391  1.75229  1.02788  
0.648269  0.643445  1.40125  
0.701792  1.0114  0.901246  
0.22112  2.40641  0.214048  
1.27772  0.359481  0.31111  
0.693224  0.493054  1.96316  
0.848114  0.101548  2.53755  
0.472045  0.236185  3.37089  
0.319646  0.111753  4.55966  
0.162796  2.66984  0.434088  
0.452051  0.336592  2.7541  
0.116185  0.0656563  5.60111  
0.0902263  1.3557  2.90105  
0.133596  2.79609  0.371392  
0.190445  2.59489  0.367449  
1.16902  0.490048  0.191405  
1.32297  0.286837  1.15741  
0.795921  0.373643  1.50734  
0.230335  0.152327  4.79155  
1.79208  0.0875066  0.13658  
0.0980186  3.21793  1.23553  
0.0766382  3.43961  0.0847556  
1.32233  0.30379  0.722059  
0.2405  0.692528  2.92343  
1.23536  0.100219  1.46041  
0.350162  1.07209  2.16613  
0.0943596  0.115098  5.0406  
0.673218  1.08854  1.0135  
0.134269  1.83977  2.23038  
0.233713  0.681068  3.45909  
1.36734  0.288141  0.168754  
0.910482  0.81158  0.165754  
0.285279  2.16153  0.296442  
0.311769  2.11066  0.561394  
0.809628  0.86995  0.730946  
0.284217  1.31494  1.71656  
1.29933  0.0773307  2.39097  
1.70738  0.0857373  0.994664  
1.71296  0.114525  0.120229  
0.819747  0.0946134  2.96103  
1.14234  0.492912  0.463505  
0.303103  2.13285  0.203075  
1.61546  0.138624  0.0646049  
0.474477  1.60461  0.660514  
0.128616  0.0697245  5.0122  
0.41244  1.69145  0.887374  
0.411496  1.70181  1.06528  
0.809  0.0588726  2.9725  
0.975891  0.6537  0.554436  
0.0825903  0.584103  4.35449  
0.078502  3.35831  0.102304  
0.445421  1.62634  0.0469965  
1.25181  0.0950606  1.60275  
0.0613563  2.68197  1.25232  
1.55172  0.16845  0.0741567  
0.237537  2.33006  0.683152  
0.200619  1.63761  1.57343  
0.366603  0.506785  2.82046  
0.511008  0.748167  2.06254  
0.738721  0.414663  1.42804  
1.54215  0.179692  0.244595  
0.392773  1.80886  0.0566204  
0.949039  0.260904  1.64658  
0.604179  0.721171  1.37937  
0.203595  0.758472  3.15422  
0.579558  1.32529  0.143143  
0.416266  1.7528  0.489508  
0.279858  1.3084  2.12495  
0.293217  0.523642  3.32692  
0.248418  1.38325  2.263  
0.73757  1.00448  0.390861  
0.0938094  0.0691367  5.73005  
1.5964  0.135336  0.939826  
0.573406  1.34064  0.888825  
0.812487  0.359912  2.28406  
0.18663  1.71605  1.4361  
0.0696511  2.57587  1.28519  
1.32934  0.329817  0.135162  
1.70289  0.0987997  1.16974  
0.115094  3.02971  0.312874  
1.07933  0.563524  0.68516  
0.353922  1.83421  1.08072  
0.637546  1.28426  0.139327  
1.31179  0.367215  0.0830421  
1.01428  0.193982  1.6085  
0.915838  0.723461  1.18584  
0.308145  0.131496  3.94902  
0.515035  0.165777  3.61589  
0.38925  0.0831239  3.92257  
0.108786  3.0528  1.10637  
0.106259  2.23318  1.27421  
0.853939  0.317959  1.91557  
0.372525  1.95157  0.0913355  
0.997232  0.224533  1.39125  
0.101213  0.427516  4.5786  
0.112179  2.15269  1.26088  
0.246339  0.284386  3.6946  
1.49115  0.201007  0.66018  
1.07137  0.174273  1.76384  
1.39405  0.246615  0.131633  
0.197017  0.771436  3.13452  
0.0936798  0.108636  5.0571  
0.142058  1.87391  1.37707  
0.244424  2.27467  0.936819  
0.896904  0.324317  1.41298  
0.0641393  1.12721  5.87299  
0.115516  3.02912  0.0638404  
1.2889  0.349085  0.402017  
0.955595  0.732718  0.284751  
1.64851  0.119678  0.941011  
0.337542  1.26455  1.28062  
0.339251  1.93752  0.346556  
0.479042  1.5127  0.930572  
0.761956  0.400224  1.5018  
0.287636  2.20285  0.0592798  
0.288237  0.591184  2.6627  
0.102775  2.30791  1.26799  
0.620683  0.725844  1.31872  
0.136408  0.990528  3.38965  
0.283822  2.16984  0.250685  
0.108785  3.10014  0.0702924  
0.102534  0.0962378  5.07784  
0.505788  0.836712  1.87655  
0.107755  0.462453  3.8665  
0.243257  0.679878  3.09434  
1.56797  0.1666  0.503596  
0.345574  1.15985  1.60525  
0.0723003  1.53318  3.69052  
0.434215  1.71976  0.0641227  
1.65885  0.1256  0.0539745  
0.228001  2.53677  0.0744383  
1.82474  0.0868588  0.0774471  
0.251344  2.26203  0.568462  
0.723066  0.107654  3.07409  
0.0747892  1.5057  3.66989  
0.127978  2.97219  0.202124  
0.0946024  1.19799  3.63987  
0.166622  1.06302  2.81479  
0.113008  1.10496  3.64607  
0.271612  0.105473  4.81136  
0.100442  0.48654  3.96468  
0.45051  0.230744  3.50148  
0.0776605  1.71148  2.49298  
1.8042  0.0805119  0.122587  
0.198384  2.55853  0.160442  
0.949692  0.675713  0.64429  
0.790304  0.932126  0.104624  
0.274411  2.14255  0.410836  
0.87987  0.116177  2.50154  
0.34032  2.02174  0.0775896  
0.587545  1.32256  0.107683  
0.274609  2.20584  0.223714  
0.784409  0.429473  1.2708  
0.945819  0.692156  0.903473  
0.827318  0.33022  2.06822  
1.26184  0.364429  0.779375  
0.282788  2.10525  0.592476  
1.26624  0.363416  0.772717  
0.328376  1.93185  0.365159  
0.445629  0.379383  2.71906  
0.87348  0.823682  0.114217  
0.0888797  3.29394  0.163002  
0.494334  1.54819  0.0703346  
1.33778  0.26307  0.732115  
0.176505  2.61068  0.763395  
0.339201  0.404735  2.82733  
0.534352  0.182141  3.10352  
0.819084  0.358956  1.77188  
0.982891  0.667603  0.171514  
0.513887  0.0643906  4.78366  
0.157064  2.73533  0.0466467  
1.016  0.606909  0.570101  
1.50352  0.197469  0.0472904  
0.212483  0.686282  3.43074  
0.854895  0.844158  0.449639  
0.508513  0.274652  2.70315  
0.394322  0.0745664  4.04843  
1.59171  0.166841  0.060456  
0.887097  0.245476  2.44974  
0.635681  0.674871  1.34591  
0.377145  1.86004  0.0766001  
1.27301  0.352508  0.421303  
0.589569  1.30636  0.290093  
0.95767  0.740024  0.268071  
0.165891  2.66177  0.895344  
1.33333  0.278248  0.897931  
0.559368  0.244687  2.59201  
0.223945  1.60164  1.7492  
0.0904067  0.111243  5.11954  
0.702984  0.483326  1.9527  
0.927403  0.744862  0.432003  
0.214826  0.292433  3.74736  
0.0770757  0.614912  3.65671  
0.964887  0.735131  0.227664  
0.893694  0.265382  1.85486  
0.562647  0.675438  2.05271  
0.768645  0.48233  1.32221  
0.479802  1.52191  0.723628  
0.967307  0.203553  2.04077  
0.188805  0.826509  2.99379  
0.780042  0.892302  0.988556  
1.48715  0.175523  0.920144  
0.36076  0.378017  3.07965  
0.174516  0.260519  4.59641  
0.408366  1.73489  0.558145  
0.0881126  3.42462  0.0642757  
0.742732  1.07263  0.0734122  
0.145813  1.23788  2.52136  
0.672317  0.552652  1.62104  
0.923753  0.26973  1.55711  
0.430496  1.74389  0.0610992  
0.364151  0.148566  3.76392  
0.27547  0.630958  2.72285  
0.688098  0.575032  1.61676  
0.170877  2.68713  0.419479  
1.64618  0.130967  0.670671  
0.135415  0.0710469  4.94859  
0.358834  0.0991996  3.88205  
0.164975  0.316771  4.81642  
0.729078  1.08523  0.0745557  
0.109301  1.12105  3.59676  
0.7889  0.342624  2.3936  
0.483306  0.93027  1.41176  
0.406701  1.79135  0.45799  
0.11392  1.32335  2.79684  
0.222492  1.46085  2.03329  
0.22606  0.0587891  6.02504  
0.509045  0.754741  1.47675  
1.19774  0.140451  1.43098  
1.29537  0.369695  0.115074  
0.122758  0.0739684  5.01257  
1.15012  0.126655  1.56275  
1.16418  0.503776  0.257869  
0.44158  0.887626  1.7428  
0.167455  1.00196  2.47054  
1.64323  0.135499  0.0654594  
0.55887  0.21035  2.79808  
0.437864  1.69511  0.350795  
1.15627  0.168846  1.28438  
0.729477  0.971955  0.839732  
0.125795  3.00089  0.0567305  
0.396686  0.0814464  3.65545  
0.0810595  1.58616  2.59891  
1.44231  0.230012  0.31235  
0.908329  0.77493  0.221222  
0.670391  1.13204  0.576949  
0.172095  0.32355  3.73616  
0.0883488  1.4532  2.50873  
1.61686  0.128777  1.08358  
0.292913  1.3846  1.27987  
0.930042  0.76423  0.0675642  
1.16195  0.510965  0.0795211  
0.0874352  1.37189  3.45705  
0.238541  1.53408  1.27728  
0.688875  0.117462  3.15792  
1.29558  0.308101  0.873474  
1.31157  0.0898351  1.28279  
0.57548  0.195975  3.00098  
0.533911  0.783123  1.29057  
0.37907  1.85524  0.0794828  
0.779528  0.946431  0.385114  
0.356926  1.84399  0.420415  
0.480795  0.288578  2.62137  
0.408121  1.15334  1.2987  
0.415385  0.992573  1.34485  
1.65495  0.13075  0.0717316  
0.209255  1.64807  1.26499  
1.07607  0.676996  0.111986  
0.112736  3.06867  0.0583911  
0.373701  1.78339  1.22631  
0.100636  0.462713  4.42248  
0.480426  1.58731  0.0928409  
1.83334  0.0893077  0.0732778  
0.505699  0.173841  3.59827  
0.353835  0.530519  2.51175  
0.501293  0.760702  2.30195  
1.60333  0.14691  0.0560109  
0.79327  0.105245  2.6125  
0.628732  1.23057  0.251628  
0.371744  0.986302  2.14322  
0.932728  0.229486  1.95659  
0.550932  1.4064  0.0566495  
0.38526  0.986555  2.07562  
1.90353  0.0716354  0.25789  
0.867798  0.89701  0.0808562  
0.264603  0.654161  2.48464  
0.787495  0.104624  3.01468  
0.386483  0.455509  2.68116  
0.377472  0.478119  2.67621  
1.54594  0.184761  0.0715659  
