0.0433905  0.0434213  6.02723  
1.7282  0.0929102  0.0431428  
0.0412934  3.78297  0.205361  
1.99344  0.0493218  0.129272  
0.0550844  3.90513  0.0561548  
0.0441222  0.0468338  5.80459  
0.0458773  0.0523914  5.69132  
1.95227  0.050024  0.049837  
0.0509265  0.0533024  5.56412  
1.75936  0.078878  0.250467  
0.0511723  0.0502388  5.78443  
0.130031  0.105415  4.68752  
0.0650337  0.133151  4.98452  
0.0476122  0.0781161  5.5076  
0.0530773  3.73468  0.164694  
0.141583  0.0555822  4.92174  
1.83002  0.0755263  0.0616475  
0.0657571  0.14974  4.76519  
0.843833  0.19556  1.9704  
0.0501423  3.86702  0.0614007  
0.0608903  3.84864  0.0610464  
0.288782  2.07967  0.374145  
0.173196  1.76589  1.32863  
0.0763691  0.0688315  5.19522  
1.30535  0.379914  0.102235  
0.183714  0.0839855  4.4519  
1.92933  0.0518545  0.0452537  
1.70683  0.100199  0.0432295  
0.0511581  3.14805  0.824605  
1.10861  0.471135  0.289954  
0.0524363  3.80978  0.125245  
1.81146  0.0717968  0.105419  
0.0686858  0.371148  4.48766  
1.56679  0.0588321  0.899288  
0.316184  2.14008  0.116996  
1.39524  0.0631757  1.30083  
1.65244  0.114001  0.293575  
0.113271  1.48673  2.12487  
0.0625269  0.432761  4.35311  
0.0799597  0.279635  4.31266  
0.0627804  3.12325  0.498043  
0.997335  0.203385  1.31217  
0.0739423  1.71344  2.45484  
0.625105  0.119908  3.11197  
0.225769  0.0746785  4.40575  
0.0562235  2.64661  1.07752  
0.145948  0.0965914  4.52148  
0.238076  2.11214  0.409747  
0.111515  0.395936  3.96621  
1.03352  0.270445  1.20771  
0.0758101  2.89111  0.604873  
1.63777  0.126741  0.263533  
0.053688  2.85063  1.03011  
0.103983  0.164965  4.54438  
0.109341  0.413196  3.99896  
0.160853  1.87044  1.21111  
0.0909449  2.15576  1.70638  
0.0598595  3.63157  0.223993  
0.125154  0.21949  4.25202  
0.0537198  3.30502  0.533023  
0.0886348  3.23129  0.186605  
0.053389  0.239646  4.81496  
0.207402  0.124749  4.18305  
0.0924622  2.05372  1.47914  
0.062164  3.45685  0.348592  
0.223008  2.28478  0.44334  
0.0684188  3.60975  0.0559488  
1.72224  0.0715277  0.353061  
0.0560868  0.0877842  5.46819  
1.29111  0.129791  1.09345  
0.131438  2.99034  0.285459  
0.233479  1.52928  1.26927  
0.198413  2.48795  0.554511  
1.38011  0.142313  0.642263  
0.211076  0.238548  3.81953  
0.784212  0.630156  0.888135  
1.45483  0.0978853  0.784769  
0.16262  1.93137  1.18847  
0.411956  1.67446  0.421354  
1.76817  0.0576629  0.413535  
0.0569442  3.04337  0.922027  
0.0539414  3.72033  0.0833574  
0.115775  0.108621  4.86112  
0.141155  2.92434  0.147685  
0.350001  1.61119  0.691695  
0.151697  2.62324  0.325707  
0.489712  0.710903  1.83289  
0.272987  1.63055  1.02223  
0.358871  0.329746  3.02414  
0.120045  2.37424  0.759962  
0.200432  1.79237  1.32207  
0.0706993  3.50749  0.0637024  
0.622552  1.29161  0.155188  
1.5559  0.0729974  0.754203  
0.0608217  3.37669  0.368206  
0.0755768  3.28099  0.198597  
0.067994  0.0564566  5.44167  
0.422239  0.417025  2.40293  
0.0720042  3.49256  0.0573462  
1.84209  0.05763  0.264534  
0.114767  3.32039  0.086944  
0.0494924  3.25685  0.556687  
0.431468  1.08148  1.26399  
0.720121  0.667574  1.04984  
1.35309  0.365251  0.107997  
0.0644138  3.69526  0.0563134  
0.152749  2.24244  1.0679  
0.0561369  0.0639517  5.37285  
1.58762  0.0497573  0.744371  
0.459067  0.982813  1.35719  
1.33768  0.295974  0.240721  
0.268121  2.35796  0.234512  
0.0656846  3.64838  0.0610395  
0.0609052  3.53193  0.0845478  
0.0644812  3.07665  0.554579  
0.0701663  0.750104  3.58203  
0.249656  1.98964  0.518748  
1.87296  0.0700294  0.0542008  
0.0916385  2.94259  0.473253  
0.315191  1.95794  0.282786  
0.225983  0.886701  2.18128  
1.69708  0.0585437  0.653897  
0.0613032  2.74598  0.888647  
1.66144  0.171083  0.111895  
0.64876  0.12506  2.74851  
0.58917  0.249267  2.42824  
1.80452  0.045722  0.452516  
0.185195  0.256145  4.02854  
0.480305  0.77295  1.55225  
0.0609279  0.0697759  5.24932  
0.391403  1.96843  0.0915757  
0.595913  0.155776  2.85094  
0.073139  2.31117  1.62695  
0.0753696  1.65144  2.54361  
1.90056  0.0524739  0.318437  
0.0472348  3.0563  0.994361  
0.222074  2.43162  0.0651074  
1.12765  0.572308  0.106757  
0.237667  0.673391  2.61184  
1.15797  0.210758  0.769199  
0.0572781  3.58904  0.470343  
0.326629  2.0396  0.133634  
1.34082  0.188968  0.471295  
0.596659  0.219402  2.65244  
0.158299  0.42121  3.71427  
0.10782  2.72911  0.592169  
0.118072  0.145958  4.62304  
0.0947722  0.0718769  5.10915  
1.04837  0.209975  1.16366  
1.17515  0.0580223  1.77697  
0.377559  1.55946  0.819271  
0.583149  1.10543  0.685479  
0.0989123  3.40086  0.124573  
0.132061  0.868181  2.97014  
0.420746  0.162635  3.23469  
0.130182  0.18441  4.38431  
0.130999  1.04605  2.71683  
0.0885704  3.43289  0.0773639  
0.0732665  0.131556  5.07865  
0.921968  0.6798  0.384914  
0.424191  1.69217  0.319513  
1.59715  0.177537  0.0670709  
0.192211  0.0950884  4.22305  
0.175059  2.49554  0.458037  
0.100059  2.71741  0.714656  
0.254041  1.02768  1.99783  
0.116922  2.83486  0.401381  
0.187645  2.82104  0.0956525  
1.24026  0.116419  1.39722  
0.0741013  1.9399  1.86836  
1.91595  0.0567685  0.0481672  
0.0757224  3.47418  0.101446  
1.19069  0.55478  0.109251  
0.115324  1.04682  2.76394  
0.303612  2.32765  0.0987604  
0.893644  0.475161  0.931563  
0.0492488  3.17264  0.672427  
0.201765  2.45802  0.345398  
1.09775  0.206931  1.26698  
0.499108  1.09675  0.981569  
0.0580574  3.02065  0.910857  
0.0945358  2.51791  1.13766  
0.066787  3.35967  0.328812  
0.109892  0.0763795  5.02328  
0.47077  0.362846  2.48733  
0.0535974  3.66822  0.261117  
1.62323  0.141236  0.164871  
1.19792  0.515747  0.0963196  
0.266368  0.0856238  4.28641  
1.12053  0.064639  1.85834  
0.0695778  1.84576  2.25185  
0.709026  0.233212  2.0915  
0.109539  2.70233  0.707525  
0.283021  1.30991  1.44253  
0.158993  2.21731  0.967739  
1.32781  0.34755  0.138409  
0.0529828  2.96631  0.986102  
0.792723  0.613448  0.718811  
1.4996  0.207311  0.207081  
0.467337  0.586644  1.94129  
0.396537  1.35565  0.739668  
1.27077  0.444034  0.101144  
0.38386  1.40601  0.998311  
0.0744298  0.0622564  5.34545  
0.0821589  0.0684444  5.17424  
0.942958  0.093129  2.30495  
0.311927  0.218909  3.33566  
0.290811  0.142802  3.85654  
0.10107  2.34224  1.29988  
1.89071  0.0579533  0.0677174  
0.632681  1.16009  0.480048  
1.86355  0.0640041  0.0611853  
0.0604701  2.5707  1.36934  
0.0569871  2.54902  1.48407  
1.44387  0.112869  0.664936  
0.189781  1.74577  1.37178  
0.530402  1.55983  0.0946904  
0.102883  0.621361  3.78671  
0.270328  1.49996  1.1286  
0.243077  1.63564  1.16799  
0.323477  2.09971  0.0952274  
0.200188  0.138063  4.15427  
1.24698  0.199193  0.62101  
1.16574  0.455357  0.335695  
0.106633  2.45573  0.875089  
1.79648  0.0656583  0.345416  
0.0633373  2.22503  1.88086  
1.90897  0.0488537  0.312706  
0.388128  0.557847  2.28942  
0.325873  0.620187  2.50679  
0.141053  1.16178  2.36095  
1.04124  0.281464  1.08864  
1.4901  0.160421  0.505995  
0.23322  2.4202  0.217907  
0.700123  0.351383  1.79116  
1.47746  0.10254  0.707991  
0.152505  0.0609797  4.89287  
1.61545  0.07604  0.520969  
0.775899  0.180882  2.16423  
0.743106  1.00274  0.245173  
0.246573  0.357108  3.40623  
0.196001  0.241642  4.21619  
0.24369  0.403914  3.10063  
0.611689  0.536532  1.72224  
0.0586718  3.57324  0.359637  
0.928796  0.646413  0.490072  
0.688324  0.216857  2.56934  
0.153682  0.521328  3.48369  
0.254232  2.39664  0.0774312  
0.0651971  2.75901  0.859769  
0.356829  2.00287  0.0761895  
0.601311  0.490638  1.74787  
0.67461  0.411723  1.82013  
0.428448  0.547136  2.28571  
0.110547  0.782618  3.54461  
0.724969  0.947557  0.536855  
0.523439  0.0770222  3.27213  
0.256292  0.0892389  4.07627  
0.373928  0.263995  2.88086  
0.155828  0.665101  3.20445  
0.53532  0.318559  2.19892  
0.231615  0.464459  3.21993  
1.85617  0.0478106  0.38246  
0.801461  0.238018  1.91769  
0.402499  0.956155  1.45937  
0.13719  0.0681735  5.05181  
0.338899  0.119994  3.66368  
1.51276  0.180032  0.233574  
1.21526  0.376499  0.193033  
0.150157  0.288486  3.8822  
0.578222  1.26356  0.363045  
0.149053  0.0895755  4.79511  
0.202021  1.24986  2.13583  
0.669588  1.13087  0.217169  
0.0559732  3.56178  0.502383  
1.2352  0.152396  1.06814  
1.63188  0.0926167  0.471599  
0.347893  1.43839  0.956369  
0.0697031  3.5463  0.0783974  
0.238832  1.4719  1.24518  
0.276351  2.186  0.312781  
0.962741  0.641456  0.35237  
0.084323  0.12452  5.15028  
1.92593  0.0536182  0.120727  
0.769485  0.27212  2.0431  
0.746291  0.384811  1.66321  
1.02746  0.499865  0.305131  
0.267546  0.326342  3.51381  
0.251597  0.221974  3.83855  
1.40401  0.0963579  0.815615  
1.18361  0.394704  0.344263  
1.46564  0.08612  0.900871  
0.182998  1.1158  2.22109  
1.50576  0.136747  0.469851  
1.42202  0.0515342  1.16591  
0.0553859  3.68104  0.204442  
1.84884  0.0738187  0.0628278  
0.739973  0.878786  0.544971  
0.0986226  3.10919  0.253825  
0.665064  0.332653  2.10164  
0.899979  0.491008  0.84982  
0.252215  2.4031  0.26978  
0.126633  0.929037  3.00313  
0.179432  2.53427  0.381529  
0.0795897  0.960035  3.05126  
0.955316  0.806012  0.0942676  
0.901469  0.706333  0.231481  
0.122748  2.26453  1.08987  
0.17401  2.02567  0.828163  
0.197602  1.58117  1.48481  
0.0892411  0.530311  3.92184  
0.464928  1.17745  0.977822  
1.78851  0.0787697  0.0469144  
0.965201  0.158116  1.89701  
1.17774  0.254965  0.702436  
0.0666659  0.916973  3.3804  
0.347115  2.01705  0.0981743  
0.142197  0.838946  3.1471  
1.67769  0.0770585  0.418071  
0.367658  1.41093  1.06362  
0.269403  0.179023  3.74957  
0.228666  0.69025  2.70692  
0.0504669  3.80054  0.199385  
0.102054  0.0615896  5.27693  
0.64365  0.0984903  3.1395  
0.0990799  2.68687  0.724172  
1.31715  0.120834  0.985279  
1.06302  0.114502  1.67544  
0.29603  1.28208  1.31333  
1.2055  0.352008  0.511867  
0.305478  1.80018  0.382635  
0.0755225  2.66703  0.948045  
0.18578  0.468307  3.18192  
1.77886  0.0915431  0.0784186  
1.26033  0.159334  0.742991  
0.86971  0.433848  1.14831  
0.364385  0.113083  3.67928  
0.0707865  3.26803  0.467626  
0.0923859  2.77394  0.655575  
0.911645  0.489319  0.839451  
1.37051  0.148668  0.793409  
0.397739  0.756858  1.73705  
0.68535  0.287484  2.0313  
1.42877  0.226303  0.339201  
1.60854  0.118027  0.356181  
0.24863  1.82639  0.824279  
0.641008  1.24831  0.354974  
0.908208  0.319309  1.35476  
1.0194  0.557327  0.268393  
0.131706  0.105427  4.57974  
0.0979621  2.9307  0.310506  
0.0523527  0.102144  5.40657  
0.513154  0.144963  2.94647  
0.127422  3.0232  0.0814525  
0.107338  3.34145  0.0736969  
0.240461  2.16984  0.368434  
1.43585  0.103351  0.745981  
0.529375  1.45158  0.201248  
0.370966  0.591095  2.24986  
0.819647  0.858571  0.380574  
0.213366  2.58364  0.210893  
0.0852281  3.39827  0.166949  
0.208913  1.20002  1.91516  
0.455013  0.781723  1.51877  
0.613448  0.207589  2.60691  
0.517829  0.342754  2.07746  
0.122353  0.62668  3.39697  
0.124208  2.51421  0.669721  
0.607735  0.97421  0.733734  
0.424838  1.15313  1.34428  
0.205647  0.569624  2.95398  
1.36256  0.115316  0.834517  
0.937938  0.431924  0.863969  
0.105759  1.90111  2.01939  
0.753605  0.71424  0.812474  
0.063314  0.158252  4.65963  
1.60283  0.090528  0.63504  
0.175748  2.6108  0.163624  
0.0752981  1.3016  2.55291  
0.180927  1.11693  2.32552  
0.721088  0.389007  1.65132  
1.3594  0.0759252  1.28275  
0.129723  2.80008  0.316698  
0.70639  0.609762  1.10584  
0.342608  1.39689  1.23576  
0.128555  1.66115  1.80551  
0.126139  3.19588  0.115575  
0.203267  1.36598  1.64589  
0.177994  0.309303  3.76235  
1.00938  0.089497  1.98154  
0.323412  0.18271  3.60147  
1.37366  0.258298  0.279469  
1.01567  0.504689  0.32948  
0.128779  3.17555  0.0798519  
0.217209  1.06249  2.24036  
0.151063  0.823186  2.91854  
1.41557  0.24624  0.0665688  
0.602643  1.34033  0.168106  
0.111258  0.15682  4.60612  
0.167961  2.87059  0.0786134  
0.215691  1.38669  1.49368  
1.13786  0.412482  0.636023  
0.587931  1.00105  0.881272  
0.309169  0.940224  1.79386  
1.53575  0.158042  0.252201  
1.08349  0.117056  1.58318  
0.204632  2.26896  0.503944  
0.152304  2.78306  0.228174  
0.150472  0.65546  3.30745  
0.0739257  3.09379  0.346515  
0.291717  0.15814  3.70273  
0.0731074  0.0652786  5.32363  
0.472919  0.1846  2.79226  
0.237641  0.363987  3.4779  
0.747244  0.284147  1.68779  
0.0698604  1.16891  3.06829  
1.51976  0.188499  0.171443  
0.208998  1.60038  1.30184  
1.57718  0.143251  0.333665  
0.851037  0.723257  0.490521  
1.2482  0.510787  0.11598  
0.280043  0.898146  2.01842  
1.12304  0.403823  0.677349  
0.930711  0.738033  0.174385  
1.45012  0.210223  0.341933  
0.0757636  3.43517  0.153568  
0.319694  0.0971773  3.90393  
0.395829  0.249457  2.87426  
0.275603  0.493567  2.82587  
0.13581  0.951143  2.81942  
0.986474  0.15094  1.61608  
0.368662  0.280773  3.04206  
0.538228  0.78758  1.46284  
0.445235  1.15614  1.14609  
0.157644  0.908932  2.90134  
1.08957  0.213547  0.934826  
0.863874  0.299704  1.59117  
0.506452  0.895125  1.0071  
0.779995  0.772922  0.603798  
0.119309  1.60637  1.93958  
0.0581912  2.54105  1.45077  
0.115485  0.902538  3.42589  
0.110923  1.7263  2.05567  
0.102702  0.684469  3.67971  
1.88209  0.0680105  0.0552685  
0.335092  1.87939  0.286413  
0.439225  0.458058  2.14683  
0.449595  1.73059  0.0713983  
1.378  0.0844729  1.22738  
0.28713  0.487443  2.84083  
1.52692  0.0911562  0.726954  
0.695659  1.03604  0.344091  
0.0852722  1.43407  2.43448  
1.01092  0.178338  1.4171  
1.32567  0.215591  0.431841  
0.225297  0.764245  2.6946  
0.577142  0.729448  1.29878  
0.502419  1.42786  0.360268  
1.22829  0.41208  0.134872  
0.123563  3.21101  0.0903075  
0.888335  0.427656  1.04928  
0.388353  0.978396  1.60556  
0.356381  0.525444  2.53141  
0.120289  0.514073  3.63081  
1.20429  0.233148  0.630653  
0.478142  0.239904  2.78357  
0.342467  1.88821  0.276476  
0.556067  1.52762  0.0912965  
0.823977  0.330521  1.50388  
0.329883  0.0761152  3.94783  
0.118629  3.21804  0.0730853  
1.17302  0.480127  0.152237  
0.0555003  0.0928246  5.41089  
0.152952  2.67907  0.118206  
0.968303  0.483135  0.787024  
0.0754717  3.34566  0.179564  
0.652343  0.233861  2.34661  
1.46919  0.160965  0.454167  
1.54956  0.130296  0.442769  
0.821117  0.699734  0.598018  
0.162198  0.438125  3.64593  
0.187627  0.425534  3.57044  
0.0746328  1.74299  2.26368  
0.264381  1.05883  1.79844  
0.28614  2.053  0.375687  
0.117376  0.0714827  4.87294  
0.334774  1.67543  1.01012  
0.951762  0.675995  0.121596  
0.977825  0.525335  0.614173  
1.05334  0.255884  1.00129  
0.808508  0.87721  0.351377  
1.2567  0.332992  0.199373  
0.152739  1.51378  1.8002  
0.214175  1.79924  1.25388  
0.167156  2.20353  0.76364  
0.128453  1.84318  1.38271  
0.469687  0.0860214  3.3593  
0.97621  0.324927  0.980038  
0.0463189  2.97448  1.04079  
0.188206  0.0663761  4.58574  
0.379497  0.136812  3.44808  
0.0858385  1.90863  2.0365  
0.852957  0.586974  0.761322  
0.634854  0.37711  1.87764  
0.054553  0.539754  4.09866  
0.0873615  1.82271  2.15798  
0.221536  1.2733  1.73809  
0.159562  0.779897  2.93867  
1.07258  0.655849  0.171413  
0.0995035  2.79808  0.46654  
0.154655  1.68193  1.41445  
0.101388  0.12224  4.66221  
1.5457  0.0650232  0.870994  
1.02908  0.460604  0.795548  
0.128374  0.793692  3.36044  
0.528159  0.340327  2.31891  
0.681048  0.845743  0.814084  
0.14942  0.981249  2.6797  
0.0575334  0.110035  5.30935  
0.278503  0.599084  2.66763  
0.0890711  2.87529  0.585587  
0.813187  0.826917  0.395558  
1.32097  0.0991767  1.08737  
0.0577186  0.111069  5.29287  
0.0914911  1.06759  2.78415  
0.557447  1.12506  0.731463  
0.947857  0.296489  1.27204  
0.265445  1.22754  1.52778  
1.57791  0.152373  0.329199  
0.197881  0.171993  4.09621  
0.494094  0.598659  1.81925  
0.280817  2.17194  0.125175  
0.337303  1.0254  1.54553  
0.262776  1.38268  1.34718  
0.258372  0.0801523  4.29828  
0.29854  0.422405  2.96099  
0.274368  0.335665  3.43082  
0.261885  1.14611  1.74496  
1.31872  0.0917783  1.43405  
0.58203  0.41527  1.98339  
0.859271  0.302322  1.44458  
1.07663  0.498778  0.297533  
1.28002  0.059566  1.49659  
0.168477  0.0604125  4.77585  
0.53826  1.47778  0.17238  
0.0732187  0.450871  4.13927  
0.544821  0.0910429  3.24554  
0.541394  0.479906  1.86124  
0.831735  0.603586  0.728246  
0.922634  0.758453  0.205737  
0.794178  0.722321  0.67808  
0.108158  0.111107  5.03594  
0.756467  0.455751  1.40598  
0.661317  0.476027  1.29353  
0.104518  0.0607778  5.25285  
0.348362  0.937428  1.8513  
0.195671  2.60126  0.286051  
0.553393  0.244186  2.52198  
1.15057  0.146006  1.44099  
0.375862  1.91969  0.248031  
0.197029  0.809587  2.81297  
1.21983  0.313367  0.570032  
0.992807  0.288731  0.916344  
0.838243  0.133632  2.21596  
0.113938  1.23369  2.65381  
0.337872  0.992599  1.63395  
0.562216  1.41984  0.0647362  
1.43184  0.106454  0.800684  
0.551296  1.34009  0.394134  
1.48316  0.216504  0.0527133  
0.0837502  0.410168  4.11198  
1.66945  0.0676195  0.60447  
0.146673  1.07812  2.3359  
0.521804  0.163066  2.8906  
0.224791  0.24512  3.77957  
1.14287  0.213427  1.10198  
0.874948  0.366171  1.12165  
0.436386  0.697974  1.87533  
0.169167  0.525985  3.45992  
0.138378  2.65561  0.376418  
0.761067  0.969942  0.516258  
0.800896  0.0841293  2.38199  
0.274322  0.416751  3.08182  
1.67109  0.134068  0.227237  
0.226342  1.89347  0.871653  
0.0502689  0.163257  5.10372  
0.0788395  1.03838  2.99864  
0.526436  1.30054  0.528925  
0.508973  0.132932  3.28606  
0.391495  1.32957  0.909478  
0.219134  1.13284  2.08181  
0.815102  0.823514  0.427257  
0.405358  1.91605  0.0889388  
1.0749  0.0971216  1.83881  
0.70508  0.906561  0.757644  
1.78244  0.0613877  0.355926  
0.40621  1.81715  0.0658825  
0.705671  1.19149  0.0931064  
0.43578  0.447083  2.27281  
0.655487  0.123768  2.9926  
