0.0356155  4.01348  0.0527533  
0.0456997  0.04075  5.7692  
0.202774  2.45646  0.0400985  
2.04064  0.0534001  0.0703349  
0.0386893  3.87809  0.157897  
0.0460171  4.00121  0.0523082  
1.93938  0.0625332  0.0628298  
0.0609973  0.0452608  5.50165  
1.96253  0.0603475  0.0562551  
1.99893  0.053554  0.123642  
0.0506707  0.0740183  5.61442  
0.0572813  0.0476341  5.59562  
0.0767478  0.0446148  5.32754  
0.0515628  0.0665333  5.71678  
1.91063  0.0643098  0.0645331  
0.118717  0.207454  4.39179  
0.060585  0.0821432  5.40928  
0.122876  0.150425  4.47153  
2.02647  0.056423  0.0563792  
0.0463294  3.85932  0.0495923  
0.0407263  3.81669  0.0564701  
0.222656  0.798079  2.75582  
0.0673259  3.2526  0.300166  
1.14212  0.391887  0.524984  
0.181567  0.541773  3.2359  
2.0056  0.0582371  0.112424  
1.26456  0.0976754  1.37343  
1.46677  0.125732  0.840935  
0.187318  2.05025  1.00184  
0.314634  0.328056  3.16231  
0.0452175  3.49083  0.397665  
1.15737  0.347428  0.690238  
1.58879  0.161536  0.184487  
0.0727673  3.12945  0.211024  
0.207812  1.14231  1.95688  
1.74519  0.0571116  0.326819  
0.0707186  2.96684  0.768121  
0.17997  0.0944062  4.33673  
0.0360987  3.41505  0.505826  
1.87233  0.0478826  0.380049  
1.76076  0.0921208  0.209227  
0.134787  2.63238  0.471995  
1.88161  0.0511559  0.18671  
0.149633  2.65064  0.315964  
0.0843324  3.28798  0.0768335  
0.053013  3.65509  0.156614  
1.06377  0.236333  1.0494  
0.177554  2.19014  0.567281  
0.113152  0.847905  3.1149  
0.0409371  3.68958  0.28202  
1.56352  0.0697172  0.811864  
1.65275  0.0967111  0.624502  
1.95602  0.0588819  0.151124  
0.146193  1.54977  1.54707  
0.0440333  3.59393  0.187737  
0.0753524  0.104162  5.18631  
0.260765  0.0929841  4.29333  
1.51231  0.239349  0.101572  
1.34085  0.312159  0.181722  
1.2444  0.122351  1.22798  
0.174912  0.128088  4.22404  
1.44975  0.13265  0.786376  
1.66978  0.0808162  0.463812  
0.263008  2.32347  0.094681  
0.176445  2.67613  0.107042  
1.39291  0.375561  0.129267  
0.096965  2.21667  0.963166  
0.105102  0.216387  4.36605  
0.0678703  3.3916  0.102743  
1.35154  0.190369  0.708353  
0.0692422  3.17429  0.288847  
0.140122  0.705877  3.02211  
0.0998404  2.7409  0.71699  
0.34992  1.39541  1.06104  
1.48749  0.178915  0.277057  
0.0467912  2.60227  1.33283  
1.00177  0.62007  0.331671  
0.0534456  2.71459  1.10898  
0.0647303  0.2205  4.62595  
0.0757164  2.98216  0.541777  
1.83958  0.0552535  0.152962  
0.0486647  3.11174  0.675224  
0.344933  0.430061  2.65295  
0.0599668  3.56352  0.0461839  
1.85547  0.0433876  0.380378  
0.747759  0.997134  0.542118  
0.125394  1.11312  2.78899  
1.78493  0.0416508  0.529256  
0.0908164  0.114116  4.96095  
0.891931  0.165369  1.81425  
1.57722  0.107497  0.585892  
0.0449772  3.75959  0.18396  
1.32948  0.151983  1.03088  
0.045396  3.73962  0.115966  
0.354872  0.152948  3.54753  
0.69451  0.610863  1.19068  
0.0843452  0.0497706  5.22647  
0.129824  0.116761  4.65578  
0.440512  0.113324  3.51036  
0.532137  0.317263  2.20521  
0.155684  0.593269  3.46808  
1.8957  0.0676867  0.111875  
0.071679  0.150063  4.90629  
1.40904  0.309675  0.0852693  
0.109073  3.20179  0.0624902  
0.0552931  3.62181  0.0573941  
0.0807593  2.34561  1.29642  
0.109467  0.857879  3.20359  
0.0437898  3.54079  0.270015  
0.776113  0.857142  0.616381  
0.341487  1.97432  0.0657186  
0.0969769  3.00687  0.118701  
0.3668  0.0709391  3.92364  
0.44582  1.34861  0.735623  
0.0707646  0.127934  5.00115  
0.16045  2.69327  0.100045  
0.0630073  1.99822  1.73487  
0.23148  2.38046  0.15081  
0.0425142  3.79716  0.0988932  
0.547317  0.180345  2.70623  
0.256034  1.64012  0.982125  
0.0553961  0.0547808  5.72867  
0.0391343  3.64306  0.361873  
0.564942  0.172486  2.67413  
0.652324  0.632067  1.34675  
1.22618  0.130712  1.19676  
0.0776496  3.3558  0.100412  
0.06442  0.342703  4.48921  
0.0995071  0.371625  4.15421  
0.0562501  2.27707  1.45281  
0.145386  1.28537  2.31614  
0.772777  0.5963  0.879597  
0.298777  0.0915182  4.27175  
0.62085  0.666868  1.26874  
0.0961272  0.0744033  4.94314  
0.377534  1.68591  0.44912  
0.231793  0.365265  3.47681  
0.0916102  0.572923  3.89131  
0.681744  0.770831  1.10117  
0.0439484  3.77843  0.117604  
1.07616  0.421189  0.746863  
0.485682  0.125474  3.42719  
0.11764  0.753933  3.26603  
0.255411  1.56648  1.06798  
0.612092  1.30036  0.147593  
1.53865  0.21244  0.0779497  
0.383954  1.31628  1.09231  
1.08255  0.419649  0.556498  
0.162086  2.29272  0.609744  
1.31678  0.0815289  1.30973  
0.0409419  3.37536  0.596015  
0.216346  1.36278  1.57155  
1.12247  0.45771  0.295207  
0.0632806  2.94304  0.810026  
1.65942  0.0610174  0.499538  
1.18698  0.389338  0.444058  
0.253035  2.10564  0.482503  
0.271815  0.453914  3.0528  
1.11586  0.244759  0.992255  
0.140541  1.51917  1.78126  
1.43207  0.207796  0.377788  
1.39634  0.334098  0.0880707  
0.156335  2.57742  0.347758  
0.0697603  3.04941  0.470993  
0.753002  0.371555  1.55803  
0.0898231  1.16719  2.82402  
0.49146  1.59573  0.134054  
0.712527  0.149028  2.40725  
0.0688346  0.198285  4.88776  
1.4404  0.0664419  1.25592  
0.0610635  0.0927198  5.29581  
1.82837  0.0902147  0.0988158  
0.152415  2.76748  0.123905  
1.85772  0.0798448  0.0594678  
0.0692264  0.189095  4.5936  
1.13185  0.369978  0.771585  
1.61901  0.127521  0.291309  
0.155658  0.234557  4.10548  
1.73881  0.0811612  0.23139  
0.316789  1.25927  1.32904  
0.0406096  3.7009  0.221779  
0.204723  0.0836122  4.68064  
0.658106  1.27054  0.0927153  
0.056189  0.0789815  5.42921  
0.295268  2.02157  0.446451  
0.263549  0.160918  3.85985  
1.27425  0.442377  0.098189  
0.600553  0.123826  2.90706  
0.226436  1.12414  2.13884  
0.106232  0.713547  3.69947  
0.115962  2.91298  0.212144  
1.01376  0.145126  1.64368  
0.102859  2.25674  0.92877  
0.0587366  2.56063  1.12583  
1.42477  0.271876  0.142524  
0.0501037  3.44601  0.31576  
0.193526  2.40423  0.227629  
1.47752  0.223204  0.126758  
0.283455  0.466107  3.00177  
1.61197  0.140907  0.334622  
0.0842753  2.5022  1.16029  
0.214183  0.141796  4.19337  
0.0491707  2.59298  1.29817  
1.70319  0.0943135  0.318643  
1.23704  0.0877017  1.61993  
0.0510624  3.43058  0.272943  
0.0429314  3.51714  0.320597  
1.77286  0.111932  0.0873058  
0.541659  1.33857  0.387039  
0.515408  0.97914  1.02666  
0.326429  0.496621  2.73216  
0.101528  0.0619786  5.10042  
0.291767  0.134482  4.06705  
0.42782  0.226069  2.92523  
0.41371  1.77438  0.368626  
1.2314  0.502994  0.119673  
0.141131  2.43425  0.587369  
1.55068  0.0983804  0.60028  
0.0742773  2.93045  0.593609  
0.169973  0.526081  3.28929  
0.132424  1.3736  2.47963  
0.783643  0.581617  0.977618  
0.0633354  3.16023  0.421788  
1.03577  0.287017  1.24233  
0.0924517  0.0721993  5.11617  
0.0719698  0.070527  5.24246  
0.284624  0.92425  1.93493  
1.41631  0.229861  0.256208  
1.01781  0.105851  1.9669  
0.655268  1.06067  0.593561  
0.623796  1.23275  0.163885  
0.135042  2.53689  0.481606  
0.738169  0.492126  1.29403  
0.0370684  3.46789  0.49514  
0.1764  2.15809  0.662277  
0.100496  3.23089  0.0612798  
1.71289  0.0569935  0.471484  
1.38071  0.204889  0.689606  
0.33478  1.19023  1.28353  
0.941783  0.0796959  2.36072  
0.0414865  3.31697  0.632402  
1.52134  0.069978  0.700477  
1.36004  0.101049  0.897107  
1.63979  0.146958  0.0660421  
0.880041  0.186996  1.81608  
1.71999  0.0534759  0.38901  
0.179594  2.42555  0.224236  
0.691658  0.87507  0.727854  
0.234388  0.842789  2.6115  
0.0593437  0.0760945  5.45701  
0.232252  2.22934  0.176106  
0.297358  1.60094  0.955993  
0.282526  2.12896  0.17282  
1.17377  0.474436  0.146619  
0.431877  0.50785  2.54847  
0.0676552  0.124569  5.03757  
0.0989719  0.0567581  5.14398  
0.174525  2.14236  0.785714  
0.358369  1.18496  1.17219  
1.6894  0.140125  0.0800088  
0.581517  0.493149  1.70038  
0.0884814  0.784608  3.60863  
0.901857  0.546837  0.840628  
0.135537  3.02788  0.0799244  
0.301767  1.89918  0.496263  
0.731511  0.412587  1.48072  
1.32455  0.260837  0.602871  
0.634699  0.210323  2.62265  
0.672962  0.825919  0.858569  
0.30526  1.79376  0.721653  
0.664743  1.06995  0.553329  
0.0950885  1.88836  1.5999  
0.461972  0.514218  2.02038  
1.67775  0.125989  0.196241  
0.761381  1.04662  0.204036  
0.154344  1.24313  2.39593  
0.331737  0.0818343  4.03658  
0.142203  2.46841  0.413861  
0.132483  0.120964  4.57686  
1.09385  0.446318  0.439883  
0.123986  2.05636  1.08441  
0.9357  0.647632  0.517986  
0.0537273  3.32974  0.370796  
0.106134  1.71662  2.07074  
0.409552  0.638168  2.18417  
0.229441  1.07891  2.00087  
0.0694823  0.0478502  5.47211  
0.270822  0.644726  2.5211  
1.90081  0.0651729  0.146695  
0.20984  0.371119  3.59415  
0.0508524  3.30107  0.50268  
0.377803  0.0731614  3.84489  
0.063209  2.86584  0.901457  
0.12907  2.81531  0.272539  
0.51224  0.390979  2.17151  
1.62766  0.191702  0.0860408  
0.0953435  1.38133  2.53993  
0.865677  0.967194  0.10917  
0.33621  0.0905096  3.99654  
0.0908537  0.107496  5.16319  
0.0634243  2.79945  0.823856  
0.181456  0.805548  2.80128  
0.989164  0.68706  0.0643773  
0.0410969  3.60678  0.424811  
0.0858594  1.84458  2.04717  
0.997864  0.448744  0.63439  
0.178744  1.48069  1.75036  
1.02432  0.407605  0.892674  
0.168594  1.8071  1.41228  
0.062627  2.83447  1.10543  
0.384299  0.949151  1.65912  
0.813963  0.566292  0.937336  
0.217953  1.81024  1.12206  
1.36967  0.0739843  0.998708  
0.969594  0.0821178  2.0772  
0.180142  2.48832  0.215776  
0.15273  2.36969  0.581104  
1.69665  0.121181  0.0922632  
0.227852  1.93461  0.831149  
1.0466  0.551598  0.289453  
0.437525  0.587928  1.92123  
1.03966  0.0924439  1.84673  
0.199649  1.66513  1.40089  
0.906968  0.0885122  2.26052  
1.60153  0.0666827  0.809344  
0.116261  0.833092  3.30982  
0.49855  0.0877267  3.32418  
0.121903  1.3277  2.57194  
0.793053  0.745606  0.790673  
0.49019  1.19831  0.755922  
0.218216  1.72701  1.23197  
0.203164  0.0836122  4.72933  
0.232387  0.635369  2.94407  
0.0792881  2.89837  0.693676  
0.254923  1.47895  1.21722  
0.0634977  3.33914  0.199538  
0.156743  2.40695  0.548485  
0.91421  0.253582  1.53914  
0.268743  0.656105  2.46065  
1.02661  0.622642  0.308278  
0.157869  0.448215  3.68313  
0.440399  1.62335  0.356305  
0.295084  0.471038  2.84152  
0.92008  0.281019  1.44211  
0.324971  0.53308  2.56313  
0.0971519  1.78462  1.80033  
0.852799  0.722903  0.474243  
0.118384  0.0552986  5.06838  
0.356942  1.92237  0.148738  
1.37836  0.294303  0.169956  
0.0911349  0.399629  4.17575  
0.764405  0.262023  1.79189  
0.540339  0.828098  1.23486  
0.839004  1.02792  0.112625  
1.31164  0.087359  1.31588  
0.585118  0.620468  1.61141  
1.79687  0.0779897  0.217908  
0.553719  0.336874  2.13263  
0.113203  0.0943834  4.75148  
0.857324  0.233068  1.72683  
0.326603  0.470333  2.6431  
1.57024  0.210417  0.086936  
0.719561  0.192518  2.33119  
0.119627  0.168857  4.51898  
0.255069  0.641648  2.58957  
0.0845004  3.06201  0.244591  
0.373394  0.0756743  3.88512  
0.527892  1.45094  0.420472  
1.72975  0.0827825  0.236234  
0.809327  0.812842  0.445646  
1.50019  0.130436  0.503925  
0.41949  1.49448  0.848871  
0.064755  0.0922086  5.27277  
1.21749  0.0926657  1.42132  
0.0627571  0.142666  5.01638  
0.323443  0.736328  2.14428  
0.697049  0.0715438  2.96102  
0.871029  0.478326  1.14119  
0.10405  1.60751  2.30852  
0.684989  0.235834  2.28333  
0.984819  0.400218  0.987729  
0.24238  1.82298  0.893256  
0.0417609  3.53021  0.313851  
1.81686  0.0746218  0.157465  
1.05662  0.132005  1.2752  
0.328172  1.86132  0.431776  
0.308084  1.6955  0.707196  
0.184191  0.17403  4.20665  
0.282465  1.20369  1.6801  
1.10525  0.44838  0.332302  
1.19488  0.252396  0.841415  
0.390526  0.897707  1.51922  
0.446773  1.65803  0.252477  
0.519401  0.137135  2.78972  
0.371081  0.193186  3.42104  
0.110058  1.70222  1.9096  
0.883398  0.311323  1.24371  
0.361378  1.4081  0.992294  
0.139861  2.5498  0.472443  
0.089157  3.07303  0.227815  
0.276313  0.135251  3.97258  
0.151032  0.395038  3.76701  
0.111197  0.0600855  5.06155  
0.871832  0.543618  0.934999  
0.259699  2.35943  0.154673  
0.312353  1.03673  1.89461  
0.260098  1.96738  0.603372  
0.0960322  0.270527  4.55152  
0.488065  0.654406  1.71374  
0.483278  1.09051  1.01738  
0.250437  0.27083  3.53179  
0.385313  0.933312  1.67424  
0.22021  1.5356  1.4723  
0.59767  0.0884975  3.07743  
0.646015  0.357685  1.88147  
1.48128  0.114696  0.714936  
0.0840961  3.46269  0.0626396  
0.0938368  0.749007  3.74301  
0.0426644  3.55842  0.297385  
0.201261  1.17772  2.11367  
1.80338  0.0754426  0.247916  
0.95134  0.155822  1.45417  
0.118006  0.0624595  4.8648  
0.836193  0.0890222  2.27546  
0.486002  0.77607  1.49539  
0.0663973  2.78711  0.866626  
0.931685  0.120067  2.06299  
0.428938  0.2011  3.18729  
0.639365  0.471589  1.58797  
0.0990335  2.88037  0.337841  
1.76813  0.0717052  0.299947  
1.23919  0.284373  0.744924  
0.431531  0.696939  1.94086  
0.0990904  3.09245  0.0713892  
0.395678  1.87965  0.117221  
0.163945  0.302582  3.95401  
0.561226  1.5834  0.300943  
0.283525  1.76116  0.837629  
0.455057  0.570177  2.2377  
0.108361  1.5318  2.4438  
0.0915363  1.03154  3.35553  
1.44459  0.248985  0.10805  
0.823305  0.339188  1.58336  
0.112421  0.267456  4.27573  
0.0779824  3.21286  0.173795  
0.0471647  3.72114  0.0846217  
0.646021  0.803913  1.15006  
0.137249  0.119825  4.55229  
0.501841  1.02009  0.915603  
0.629808  1.22769  0.158552  
0.33918  0.206678  3.56842  
0.380882  0.560876  2.49822  
0.289079  0.455314  2.97462  
1.20747  0.0689521  1.73987  
0.127883  0.352199  4.02315  
0.148045  0.0616799  4.84113  
1.50079  0.167152  0.4013  
0.134105  0.129533  4.5156  
0.295621  0.112359  4.05872  
0.0730577  2.06736  1.6628  
1.7914  0.103065  0.0705426  
0.0736896  1.60961  2.4343  
0.457432  0.559845  2.15767  
0.131642  0.336034  4.12613  
0.340195  0.322723  3.08987  
0.159814  1.33246  2.08921  
0.572472  0.7286  1.40254  
1.60271  0.12148  0.39375  
1.52986  0.144595  0.468413  
0.400968  0.678227  2.1485  
0.331131  0.845877  2.12455  
0.210035  1.08708  2.36361  
0.196683  1.38029  1.52545  
0.612766  0.648379  1.53417  
1.68341  0.114446  0.186369  
0.115016  2.52165  0.725188  
0.399569  1.65183  0.500943  
0.112727  0.604823  3.77662  
0.722119  1.10178  0.085349  
0.113488  0.488575  3.66748  
0.430405  1.21227  1.05356  
0.159993  0.508468  3.40665  
1.10214  0.42701  0.442063  
0.705479  0.761886  0.918709  
0.150629  0.964049  2.43463  
0.459523  0.76137  1.60267  
0.141932  1.94376  1.51844  
1.08701  0.100803  1.81092  
0.112518  0.0751137  4.79831  
0.766517  0.878094  0.443592  
0.474417  1.62008  0.40281  
1.83471  0.0810245  0.0747683  
0.94649  0.112852  2.10992  
0.23786  0.33316  3.38351  
1.16513  0.309793  0.833314  
0.860812  0.21493  1.86992  
0.508042  1.27554  0.469899  
0.165539  0.402045  3.37379  
0.085407  2.47589  0.907498  
0.419416  0.335664  2.87047  
0.424552  0.0848499  3.71826  
0.0632301  3.09636  0.475516  
0.732601  0.204961  2.22534  
0.106521  1.73943  1.88533  
0.40616  1.85574  0.191645  
1.2788  0.300824  0.669408  
0.698657  0.105916  2.45189  
0.125769  1.00761  2.71813  
0.103109  1.17257  2.68837  
0.104471  2.00711  1.38375  
0.226495  2.09743  0.533778  
0.576972  0.399245  1.98765  
0.522708  0.652614  1.87634  
0.316271  1.15643  1.63984  
0.107353  0.675754  3.56757  
0.0717329  0.178857  4.7102  
0.589362  0.820351  1.10811  
0.282373  1.51523  1.1338  
0.105764  0.983147  2.98432  
1.54692  0.131925  0.488068  
0.071961  3.02148  0.400398  
0.594075  1.36696  0.135508  
1.80755  0.100928  0.0789296  
0.153491  0.0733474  4.77044  
1.2652  0.233542  0.694632  
0.35798  0.0992744  3.82518  
0.0884872  2.24839  1.38642  
0.467779  0.255577  2.86445  
1.3661  0.289769  0.201824  
1.17878  0.207982  1.02336  
0.0878531  2.30659  1.19671  
0.161013  1.83191  1.52901  
0.406276  0.631056  2.29098  
0.425126  0.220059  3.06484  
0.271127  1.9135  0.573246  
0.818283  0.870421  0.359017  
0.430468  0.732884  2.01547  
0.367312  0.942075  1.81079  
0.402013  1.08327  1.36048  
1.81496  0.0699141  0.28287  
0.798221  0.189364  2.02795  
0.249689  0.340737  3.27628  
0.745707  0.133018  2.16189  
0.844917  0.671113  0.839069  
0.39369  1.36461  0.964737  
0.90556  0.907264  0.197549  
0.101941  2.80836  0.664412  
0.260657  1.2264  1.81035  
1.21121  0.146654  1.22933  
0.0872866  0.147161  4.81599  
0.337248  0.773949  1.98109  
1.63335  0.102903  0.392614  
0.319437  1.95343  0.304906  
0.473196  0.454845  2.37431  
0.115844  0.0775716  4.78112  
0.27867  1.42903  1.32214  
0.606711  0.448448  1.72954  
0.051668  3.71885  0.0703775  
1.29206  0.277498  0.650478  
0.480746  0.934561  1.33468  
1.16416  0.409248  0.335022  
0.116999  2.30505  0.773011  
0.147868  2.8385  0.0789551  
1.04791  0.49499  0.353343  
0.0800383  2.85251  0.648065  
0.0567009  2.10393  1.76395  
0.266371  1.44073  1.2227  
1.0551  0.16551  1.13029  
0.569583  1.09252  0.636472  
0.25487  1.15488  1.83399  
0.258309  0.910594  2.06772  
0.220751  0.290057  3.7519  
0.479235  1.75443  0.17831  
0.117685  0.088177  4.69809  
0.318269  2.07555  0.340355  
0.414017  0.627589  2.20213  
0.36523  0.0913731  3.79564  
0.376206  1.3918  0.92441  
0.20428  0.543121  3.10739  
0.274532  1.20843  1.39328  
0.208817  0.159793  4.01232  
0.305472  0.104843  3.94313  
0.429557  1.45143  0.792782  
0.175553  1.09829  2.37856  
0.669531  1.0348  0.494414  
1.12767  0.105837  1.58437  
0.910427  0.621873  0.702398  
0.250486  1.66456  0.975956  
0.106288  2.88835  0.254571  
0.193125  1.4377  1.49884  
0.170851  1.50422  1.90892  
0.245013  0.597013  2.89989  
1.20462  0.522243  0.107302  
0.0597311  3.22278  0.538864  
1.72917  0.0478327  0.633595  
1.07637  0.110422  1.75692  
0.790295  0.398726  1.45046  
0.988912  0.4339  0.781483  
0.360976  1.91033  0.420753  
0.119561  2.51136  0.627358  
