1.93386  0.0418743  0.196237  
0.0420457  2.79773  1.20677  
0.189996  2.53423  0.0444419  
0.046741  3.98952  0.0465751  
2.02858  0.0519873  0.051775  
0.0536845  0.0538359  5.99262  
0.0562367  0.0538579  5.84299  
0.0534485  0.0552139  5.64402  
0.0521046  3.97191  0.0517595  
0.0794489  0.53838  4.07419  
0.143872  0.391942  3.98231  
0.123428  0.0663985  4.92287  
0.0533778  3.90146  0.0576675  
0.0609075  0.0783121  5.37687  
0.208923  0.122835  4.27583  
0.108021  0.0875012  4.84708  
0.24695  0.11463  4.57577  
0.0606847  0.0669144  5.56291  
0.108314  0.201678  4.32695  
0.0628324  0.0696038  5.4449  
0.043277  3.3153  0.620534  
1.94445  0.0584559  0.0780911  
0.0465589  3.58058  0.238242  
0.0713963  3.26449  0.243451  
0.0439622  3.53947  0.391475  
0.0873632  0.0585323  5.33903  
1.96639  0.0580493  0.0559241  
0.09331  0.0927329  4.95185  
0.152619  1.46212  1.87481  
0.095763  0.055458  5.2855  
0.0742926  0.0615174  5.62265  
0.0499255  3.69973  0.172178  
0.179299  0.114158  4.65423  
0.0940372  0.262675  4.48809  
1.98221  0.0500217  0.0914309  
0.680624  0.562522  1.06363  
0.0824292  0.0910788  4.9993  
1.56469  0.199848  0.132153  
0.513233  0.163939  3.0317  
1.25319  0.422232  0.169581  
0.146802  1.74301  1.68152  
0.0526846  3.76173  0.081805  
0.0509236  3.47693  0.407148  
0.156574  1.87554  1.18289  
0.0676097  3.34615  0.179852  
0.286188  1.94948  0.848413  
0.364582  0.0954826  3.86488  
0.559262  1.01421  0.880506  
1.81968  0.0511201  0.473785  
0.118533  0.143398  4.44486  
0.201157  2.43778  0.335423  
0.0816404  3.15301  0.296313  
0.139074  2.34906  0.788564  
1.52793  0.0812529  0.630793  
1.99972  0.0453046  0.0971409  
0.327076  0.0947231  4.23161  
1.86222  0.0464989  0.350041  
0.0797217  1.11028  2.96963  
1.10039  0.361917  0.540659  
1.74249  0.0797521  0.327494  
0.0647942  0.0629834  5.52739  
0.059208  3.63217  0.0557809  
0.113342  0.0592678  5.06092  
0.101946  3.09309  0.198579  
0.137567  1.75732  1.5293  
0.178462  0.255382  4.16249  
0.17274  2.25363  0.601764  
1.58165  0.167771  0.152045  
1.72656  0.102437  0.0500325  
0.0690646  2.14748  1.56712  
0.270775  0.23048  3.53355  
1.85066  0.0795453  0.0758809  
1.84027  0.0703734  0.110578  
0.134151  2.9167  0.0543591  
1.76139  0.0641068  0.214035  
1.23631  0.0722559  1.34736  
0.156894  0.0751784  4.67905  
0.0470824  2.8414  1.18712  
0.0693988  0.0848219  5.1228  
0.43859  0.149015  3.23195  
0.179515  2.07863  0.888223  
1.1461  0.144577  1.32423  
0.0584486  3.66125  0.0550425  
0.472991  0.551733  1.91356  
0.129532  0.750996  3.0083  
0.123986  0.727087  3.35833  
0.0641889  3.48823  0.050956  
0.0996944  0.0613145  5.25824  
1.82876  0.0676313  0.141339  
0.0433183  3.0452  0.951943  
0.0903711  0.0758042  5.098  
0.0995121  0.0710602  5.03051  
0.749186  0.886252  0.37717  
0.890829  0.277599  1.2007  
0.10212  0.0594724  5.15996  
0.102047  3.13198  0.102233  
0.0626456  0.0831437  5.18272  
1.70445  0.0572331  0.564146  
0.219232  0.18312  3.91992  
0.0468519  3.78806  0.119953  
0.071838  2.12229  1.70454  
0.481834  0.0719578  3.56445  
1.02428  0.0803354  2.01558  
0.752188  0.153944  2.49399  
0.0774512  0.193085  4.71876  
1.63383  0.102209  0.407681  
0.185066  1.44392  1.927  
0.141708  0.330904  4.20532  
1.43236  0.21336  0.301477  
0.108446  1.48844  2.14931  
0.0741001  3.38156  0.0479342  
1.48994  0.0488408  0.945608  
0.0905067  2.23144  1.41957  
0.426203  1.83461  0.0927238  
1.31381  0.118111  0.910038  
0.0518904  3.51646  0.233775  
1.69593  0.0586129  0.535139  
0.0453186  3.61558  0.283193  
0.626566  0.129752  2.64882  
1.7488  0.0637595  0.28398  
0.484577  0.178003  3.07298  
0.0486421  2.89349  1.14934  
1.92445  0.0621363  0.0587208  
1.49621  0.0740498  0.802727  
0.0560261  2.71591  1.3384  
0.178138  1.5736  1.61516  
0.206841  0.470281  3.12174  
1.13453  0.104804  1.46855  
0.0686483  2.56492  1.10782  
0.122578  1.8972  1.74438  
0.0519624  3.37076  0.50346  
0.112653  0.822395  3.33275  
0.0774627  1.27045  2.82522  
0.54005  1.19645  0.569807  
1.80112  0.0441553  0.493212  
0.253376  0.26596  3.60532  
0.339079  1.77394  0.511363  
1.80857  0.0784921  0.114475  
0.737218  0.698703  0.851145  
1.14283  0.512307  0.122214  
0.205165  0.184772  4.11602  
0.726238  0.706902  0.83772  
1.04785  0.191913  1.16958  
0.689744  0.174401  2.48  
1.66648  0.0664274  0.50788  
0.0548616  3.82042  0.0541468  
0.0459947  2.62543  1.41086  
1.45998  0.129279  0.559992  
0.359949  0.239352  3.2077  
0.7629  0.869625  0.510785  
0.504508  1.40745  0.315226  
0.101305  2.54345  0.981974  
0.81531  0.62423  1.02619  
0.452692  0.211477  3.08041  
1.1306  0.458282  0.48322  
1.08842  0.54702  0.193042  
0.140326  0.934612  2.86218  
1.41723  0.179563  0.447468  
0.111765  0.141274  4.52006  
0.0706142  1.69662  2.27841  
0.251542  1.99446  0.759317  
0.0549023  3.59976  0.0642583  
0.355659  1.80586  0.435722  
0.231877  2.45227  0.150347  
0.101137  1.38409  2.31714  
0.0983393  3.16919  0.101851  
0.516973  0.520382  1.96552  
0.30736  0.334497  3.19327  
0.120327  3.06552  0.1105  
0.524473  1.16957  0.979773  
0.120926  3.00915  0.0529112  
0.272171  0.272956  3.3906  
0.974475  0.599092  0.266584  
0.17397  1.97423  1.0128  
1.43995  0.292182  0.130039  
0.0632514  2.41392  1.45183  
0.0750372  0.0586469  5.49541  
0.0536477  3.44209  0.336786  
0.44371  1.70338  0.140559  
0.492293  0.231824  2.61434  
0.165363  2.60992  0.211806  
0.363438  1.27728  1.12981  
0.116798  2.09566  1.1553  
0.144905  0.123762  4.53964  
0.0669202  3.44208  0.0494458  
0.809236  0.681676  0.74974  
0.0494005  3.70904  0.115602  
0.277297  0.91385  2.24846  
0.078431  0.0645912  5.47554  
0.061618  2.69782  1.14304  
0.122381  2.68511  0.612359  
0.0492857  3.87938  0.0621998  
0.826016  0.249886  1.76982  
0.140206  1.31253  2.03529  
0.499675  0.0975495  3.50703  
0.158889  2.67409  0.318158  
0.207189  0.135392  4.4145  
0.37344  1.92757  0.344686  
1.17338  0.281549  0.830829  
0.0650564  3.32462  0.43728  
0.358175  0.10192  3.94617  
1.87254  0.0588349  0.14953  
0.0561547  3.40999  0.160808  
1.44728  0.17788  0.421692  
1.51823  0.172336  0.142958  
0.0491746  2.16195  1.91258  
1.15758  0.133606  1.43846  
0.246535  1.32884  1.52118  
0.169545  0.266884  3.82457  
1.77038  0.0904812  0.0654561  
0.192276  0.137539  4.3727  
0.491638  0.80784  1.69143  
1.89287  0.0551317  0.12673  
0.459766  1.04634  1.07791  
1.62663  0.109214  0.349466  
0.931681  0.436517  0.959895  
0.0551681  3.80208  0.0547002  
0.0626609  2.99221  0.814424  
0.383954  0.927335  1.64145  
0.100862  0.382615  4.09029  
0.390639  0.373657  2.76713  
0.100805  0.244874  4.56712  
0.260196  1.47814  1.29178  
0.0545742  3.73373  0.0786552  
0.332763  0.355651  3.09701  
0.539433  0.505825  2.04712  
0.174489  0.979968  2.66847  
0.127988  1.51775  2.04794  
1.79195  0.058296  0.274698  
0.0763935  2.00349  1.66293  
1.32566  0.0874261  1.13852  
0.357598  1.78663  0.445168  
0.304573  1.1362  1.60655  
1.55781  0.100465  0.462939  
0.531853  0.687403  1.65372  
0.219225  0.805336  2.68041  
0.0487288  3.86844  0.0762773  
0.087265  2.95895  0.700775  
0.672147  1.175  0.243495  
0.0948836  2.65701  0.883374  
0.21734  1.36898  1.89217  
0.289974  2.03329  0.381172  
0.556163  0.351421  2.12931  
1.19589  0.221005  0.947228  
0.0844197  2.48471  1.15354  
1.9732  0.0521331  0.0779793  
0.404433  0.243021  3.15987  
0.246701  0.524724  2.9389  
0.0720985  3.40924  0.0551972  
1.18031  0.424504  0.212544  
0.583727  0.283032  2.18802  
0.306105  2.27716  0.094109  
0.663748  0.896435  0.836857  
0.191646  0.395624  3.63984  
0.409265  0.307779  2.90962  
0.0537631  3.66075  0.142546  
0.287453  1.80387  0.902642  
0.899169  0.444675  0.849759  
1.0419  0.29399  1.03092  
1.47879  0.125736  0.476761  
0.112338  0.607807  3.96562  
0.546678  0.66391  1.65264  
0.0620263  2.93211  0.883702  
0.096067  2.30235  1.24932  
1.42505  0.0524935  1.25808  
0.415465  0.641949  2.21795  
1.88179  0.0645702  0.0670889  
0.237181  1.35914  1.74772  
0.169318  2.24485  0.738917  
1.54819  0.11871  0.461055  
0.991664  0.768785  0.150522  
0.0734637  2.17876  1.44816  
0.313787  1.72598  0.687447  
1.07886  0.541454  0.201357  
2.00469  0.049116  0.090478  
0.258701  2.18925  0.433749  
1.47115  0.185496  0.403864  
1.33841  0.0707404  1.37486  
0.297336  0.137893  3.73263  
0.0697056  3.07923  0.440936  
1.68753  0.0560889  0.763001  
0.0780318  2.36623  1.3555  
0.506332  0.0764607  3.48619  
1.0355  0.644441  0.0786436  
0.144329  1.53314  1.96152  
0.055237  3.83944  0.052616  
0.31355  0.616527  2.51707  
0.571301  0.22854  2.55856  
0.306459  1.03321  1.92352  
1.38077  0.193225  0.364973  
0.0741249  2.88511  0.748101  
0.998859  0.624139  0.23083  
0.0537229  3.84944  0.0779203  
0.289028  1.43312  1.20978  
0.718481  1.00166  0.277299  
0.0486659  3.73882  0.0957955  
1.64243  0.158794  0.087227  
1.50466  0.0831172  0.695293  
0.096453  2.97234  0.257792  
1.23112  0.348947  0.331122  
0.0841222  1.61639  2.45224  
0.880908  0.771275  0.353016  
0.0912923  2.46842  1.12148  
0.42  0.124858  3.44073  
0.598362  0.219325  2.38403  
0.511081  1.10576  0.997723  
0.774769  0.272166  1.83375  
0.864111  0.186606  1.8209  
0.267117  1.97501  0.752629  
0.112173  2.57593  0.691325  
0.432945  1.21598  1.27923  
1.05337  0.0781419  2.09203  
0.227357  0.88957  2.36454  
0.162567  2.32566  0.677071  
0.253366  0.110726  4.37612  
0.352267  1.98142  0.122627  
1.20434  0.108881  1.17289  
0.604604  0.120178  2.95028  
0.0651191  2.94615  0.86752  
1.65752  0.0892448  0.495135  
0.90771  0.689763  0.268323  
1.36283  0.120429  0.833956  
0.0670967  2.81618  0.862719  
0.697588  1.21126  0.115999  
2.02286  0.0532996  0.0530322  
0.449366  0.879575  1.5848  
0.147448  2.37717  0.730605  
0.731361  0.983992  0.388789  
0.563701  0.0987499  3.29189  
0.19741  0.227743  3.89123  
0.0705353  2.7272  1.0924  
0.184755  0.351371  3.74331  
0.412885  0.835919  1.86199  
0.306848  0.570337  2.57964  
0.874617  0.285452  1.22402  
0.119691  0.802558  3.14478  
0.783992  0.829684  0.647178  
0.0703562  0.0750694  5.22144  
0.082771  0.125943  4.7894  
0.304821  0.160659  3.62833  
0.0867568  3.25468  0.0471806  
0.819576  0.439137  1.31553  
0.233432  0.235535  3.70079  
1.36912  0.259753  0.44988  
0.269322  2.04742  0.634092  
0.160211  2.819  0.229161  
0.916962  0.361689  1.10235  
0.195437  0.316103  3.76649  
0.132378  1.91522  1.43414  
1.64731  0.0514031  0.825527  
0.18818  1.20097  2.20356  
0.166933  0.440219  3.89134  
0.25376  0.407264  3.17213  
0.0761556  0.867617  3.57259  
0.466578  1.6836  0.0719764  
1.8966  0.0584902  0.111523  
0.200073  2.49811  0.227172  
0.14041  2.63145  0.323005  
1.26579  0.428553  0.0981134  
1.12205  0.0763816  1.57829  
0.608028  1.14907  0.426671  
0.457151  1.18868  1.01634  
0.32935  1.54627  0.990724  
0.120879  2.86639  0.133243  
1.72025  0.0972883  0.163614  
1.03025  0.0824902  1.84738  
0.314342  0.692993  2.22907  
0.0570667  3.52277  0.0558994  
1.45564  0.222449  0.120212  
0.374081  0.923199  1.70664  
1.00313  0.63669  0.182781  
0.378616  0.218544  3.2784  
0.0767763  3.20774  0.220517  
0.101283  2.59545  0.926633  
0.772197  0.402503  1.36146  
0.503754  1.34026  0.651617  
1.25848  0.331454  0.391791  
0.148211  0.0690823  4.8214  
0.832994  0.0882237  2.54571  
1.59093  0.140922  0.0928501  
0.0782346  2.2906  1.28921  
0.0560125  3.22198  0.67646  
0.838209  0.578873  0.848803  
0.0969651  0.115943  4.76629  
0.659326  0.853547  0.912392  
0.323194  1.71733  0.634935  
1.05802  0.0911872  1.64789  
0.433135  0.650418  1.93952  
1.0125  0.420297  0.776945  
0.161144  1.09533  2.43209  
0.0898073  0.665835  3.71955  
0.967703  0.311784  0.969709  
1.60786  0.159167  0.0714938  
0.179302  2.64662  0.0581323  
0.0634355  2.40426  1.46451  
1.35578  0.152416  0.796922  
0.187971  0.796101  2.74805  
0.0555809  2.0604  1.79082  
1.7872  0.0749891  0.146134  
1.39043  0.0634578  1.25908  
1.34389  0.342894  0.0700636  
1.16623  0.491152  0.153519  
0.290995  2.01275  0.404686  
0.0658831  2.52179  1.25806  
0.631824  0.903113  0.76566  
1.6748  0.0621618  0.662168  
0.403083  0.115605  3.46344  
0.0763937  0.572066  4.13717  
0.613366  1.30571  0.215422  
0.357023  1.26477  1.3907  
0.310021  1.31807  1.5022  
0.946395  0.724568  0.255876  
0.507739  0.420654  2.25577  
0.163903  0.498852  3.45627  
1.21185  0.0834365  1.3779  
0.307789  0.484321  3.01477  
1.07501  0.153995  1.61209  
0.0938366  1.56318  2.27782  
0.211667  2.38796  0.359925  
0.388176  0.504161  2.27327  
0.895697  0.464387  0.97656  
1.54004  0.134661  0.370342  
0.158994  1.83785  1.30177  
0.229132  0.417013  3.41986  
0.979991  0.866907  0.153784  
0.162042  0.0721296  4.7396  
1.61769  0.11941  0.37976  
0.528182  0.785049  1.45261  
0.0612772  3.0257  1.04595  
0.401612  1.64331  0.449466  
0.92003  0.586879  0.524843  
1.55348  0.106912  0.56885  
1.71331  0.0980621  0.249095  
0.161546  1.00446  2.41586  
0.4853  0.19457  2.89289  
0.793003  0.111851  2.70473  
0.0617617  0.0793716  5.22659  
0.255448  1.55264  1.22315  
0.445406  1.4751  0.624738  
0.2871  0.712517  2.37555  
0.120797  2.78201  0.247191  
0.615097  0.812107  1.14562  
0.817061  0.602576  0.917245  
0.461776  1.39383  0.511353  
0.10909  2.05136  1.3979  
1.30967  0.100261  1.11467  
0.103378  2.50417  0.713675  
0.107854  1.59806  1.97731  
1.00686  0.20196  1.35241  
1.51147  0.205255  0.0781737  
0.988518  0.399127  0.939594  
0.0759449  2.98572  0.73721  
0.296306  1.15646  1.57169  
0.959721  0.649149  0.162842  
0.281642  0.0991063  4.42333  
0.094406  2.21243  1.25847  
1.53926  0.12022  0.50902  
0.93958  0.355014  0.965361  
1.28219  0.240429  0.554188  
0.224425  1.19868  1.99671  
1.06744  0.0759049  1.86608  
0.785675  0.94377  0.277885  
0.215519  1.15133  2.05703  
0.35015  0.298241  3.2527  
0.845144  0.279797  1.56497  
0.112752  1.90612  1.44458  
0.159544  2.39968  0.66354  
0.550831  0.958025  1.235  
1.10756  0.172297  1.29382  
0.19495  0.202563  4.14951  
1.18708  0.0781837  1.48292  
0.736588  0.300066  1.71889  
0.183227  0.481978  3.13635  
0.0883859  3.19945  0.18036  
0.1605  0.54612  3.30299  
0.668153  0.0816312  2.8827  
1.27452  0.288354  0.247455  
0.282375  0.952815  2.00778  
0.28008  1.69333  1.21287  
1.33274  0.314105  0.137519  
0.640811  1.23954  0.0593797  
0.207471  0.776706  2.89611  
0.0899626  2.77631  0.677409  
0.207956  1.49768  1.72359  
1.067  0.287315  0.954528  
0.142608  1.22498  2.45431  
0.0468597  3.9011  0.0831553  
0.856131  0.0722221  2.40078  
1.01686  0.750143  0.145014  
1.15908  0.318756  0.530423  
0.325015  1.58217  0.896865  
0.471396  0.452089  2.33163  
0.634296  1.29201  0.323928  
1.22082  0.160149  1.11148  
1.2895  0.0937518  1.13838  
1.29262  0.0777394  1.29977  
0.111147  2.11022  1.21481  
0.884233  0.067392  2.40268  
0.330643  0.462587  2.74081  
0.870332  0.530841  0.785132  
0.925127  0.655549  0.522353  
0.103232  2.47477  0.934373  
0.252294  0.782783  2.58715  
0.952287  0.300442  1.06573  
0.243542  0.657636  2.71826  
0.204176  1.67408  1.31162  
0.700508  0.876691  0.857916  
0.839527  0.964722  0.0902488  
1.35262  0.195471  0.591361  
0.126528  2.32341  0.833614  
0.0592323  2.7537  1.28152  
0.42882  0.446579  2.46431  
0.0793442  2.76181  0.981779  
0.319589  0.931494  2.10274  
1.39896  0.236633  0.188232  
0.0560088  3.23857  0.512934  
1.22372  0.306341  0.591711  
1.18554  0.381708  0.458097  
0.112807  3.13362  0.0892265  
0.793616  0.0774905  2.72344  
0.0784264  3.18634  0.223658  
0.276778  1.1385  1.73244  
0.628358  0.465097  1.54116  
0.802351  0.251783  1.78014  
0.18747  0.972854  2.78091  
0.197964  1.05675  2.11647  
1.87813  0.0658213  0.136479  
0.135738  1.62369  1.9482  
1.60005  0.0697827  0.515485  
0.106506  0.694577  3.41077  
0.167056  2.58933  0.59431  
0.253635  2.31066  0.115169  
0.236632  0.365324  3.32616  
0.127303  0.789135  2.91908  
1.90603  0.0532494  0.269508  
0.78276  0.716483  0.728254  
0.0768383  3.23413  0.208838  
0.640326  0.162404  2.5328  
0.173811  2.73905  0.125577  
1.02851  0.329711  0.929892  
0.157941  1.85181  1.35582  
0.713561  0.126846  2.79901  
0.186687  1.2462  2.17036  
0.988585  0.573719  0.303168  
0.788203  0.694311  0.723011  
0.927158  0.915968  0.123019  
0.386298  1.86275  0.240855  
0.0865793  1.25763  2.81374  
0.63567  1.23164  0.229309  
1.19073  0.0675986  1.64262  
0.608062  0.858848  1.0723  
0.138409  2.28032  0.796028  
0.243151  2.20904  0.251188  
2.01437  0.0489168  0.0840835  
1.08452  0.611693  0.138395  
1.7159  0.0684805  0.490978  
1.91449  0.0537867  0.0840645  
1.59688  0.13479  0.236787  
1.77712  0.0869199  0.120688  
1.44946  0.0624025  1.24289  
0.390223  0.12345  3.66093  
0.465444  1.62154  0.336977  
1.11001  0.063219  1.73602  
0.65848  0.106544  2.87603  
0.703712  0.741676  0.969839  
0.428914  0.361603  2.60457  
0.347656  0.737997  2.11577  
1.30262  0.0860884  1.22196  
0.589276  0.362067  2.00932  
0.182655  2.02098  0.745327  
1.3523  0.169994  0.659858  
0.781334  0.369047  1.51664  
0.393916  0.0843126  3.77555  
1.65228  0.132942  0.150005  
0.219574  1.63125  1.34747  
0.136916  1.12177  2.82116  
0.220293  0.159205  3.84757  
0.501783  1.65427  0.288751  
0.213824  1.37971  1.55506  
0.309204  1.08531  1.66084  
0.159769  2.84958  0.0653287  
1.38971  0.287781  0.23075  
0.393439  1.60618  0.650247  
0.12082  3.02882  0.0696432  
0.344622  0.115707  3.67365  
0.0966698  1.07759  2.96651  
1.58416  0.139038  0.152223  
0.0751529  0.151302  4.80369  
0.273776  1.18266  1.70161  
0.0879847  2.06183  1.59625  
0.860755  0.260169  1.59635  
0.294091  0.591174  2.66024  
1.67843  0.0988062  0.286451  
0.236996  0.154221  3.8057  
0.096725  1.3791  2.35089  
0.319634  1.41684  1.0532  
1.29836  0.283143  0.551041  
0.136503  0.0759613  4.75433  
0.494837  1.50918  0.385793  
1.34691  0.0635979  1.23207  
