2.11775e-013  0.301487  5.61972  
0.905945  0.00488094  4.38795  
0.857552  0.859375  2.61523  
1.17545e-011  0.00233066  6.54725  
3.18801e-013  0.89309  4.3795  
0.749195  7.00504e-014  4.72792  
0.818678  0.630738  3.94963  
8.57925e-013  0.301487  5.61508  
0.324653  0.14535  5.36185  
0.628287  0.769395  4.21752  
1.22172e-007  1.2978e-013  6.33433  
3.1237e-010  5.13712e-006  6.05061  
1.21862e-011  0.000417969  6.19817  
0.306111  0.769395  4.24329  
1.21862e-011  3.01609e-007  6.25115  
0.88329  0.765777  2.94927  
0.665183  0.878096  3.66589  
0.779035  0.842923  2.86288  
0.0434751  0.061039  5.84945  
0.0488217  0.0145167  5.91433  
0.293042  0.725532  4.49686  
0.740076  0.21784  4.37876  
0.290752  0.171976  5.25341  
0.224647  0.661793  4.95321  
0.171666  0.110598  5.45129  
0.854863  0.705009  3.35448  
0.673435  0.260953  4.86571  
0.784528  0.741476  3.30627  
0.634039  0.279913  5.14487  
0.693355  0.883701  3.46543  
0.768741  0.73882  3.3995  
0.815516  0.863137  2.68828  
0.0777388  0.00149298  5.88341  
0.0304322  0.0536444  5.89397  
0.80949  0.833793  2.83009  
0.170947  0.188356  5.31681  
0.012106  0.273512  5.56816  
0.823142  0.850488  2.66876  
0.880857  0.752863  3.02664  
0.252482  0.0427941  5.51899  
0.859423  0.770453  2.89789  
0.800292  0.838642  2.78773  
0.715485  0.21467  4.56134  
0.215328  0.812284  3.98394  
0.81357  0.885681  2.72146  
0.138388  0.707339  4.75795  
0.874176  0.160549  4.00201  
0.263478  0.0293354  5.53955  
0.833783  0.72664  3.21809  
0.267103  0.157651  5.26919  
0.142164  0.150545  5.42258  
0.0214582  0.719133  5.0922  
0.846076  0.854156  2.62506  
0.280981  0.651796  5.02623  
0.198796  0.00834276  5.73562  
0.750976  0.703303  3.77296  
0.185487  0.688901  4.80037  
0.661441  0.133102  5.12064  
0.851807  0.83226  2.64595  
0.271297  0.682313  4.83904  
0.241305  0.646476  5.05107  
0.285487  0.697049  4.70914  
0.165341  0.0327966  5.67006  
0.718156  0.774567  3.51423  
0.731321  0.23403  4.45404  
0.0544498  0.225322  5.52966  
0.791017  0.666096  3.82682  
0.699086  0.824446  3.44562  
0.703343  0.793539  3.56129  
0.866552  0.734322  3.16  
0.7694  0.837273  2.94054  
0.736618  0.814388  3.19761  
0.238009  0.0643361  5.49307  
0.276282  0.00995268  5.5993  
0.781223  0.670683  3.83847  
0.813001  0.632103  3.96115  
0.233434  0.70096  4.65482  
0.681906  0.0413788  5.16617  
0.635651  0.655909  4.9613  
0.0106627  0.295374  5.59028  
1.21862e-011  6.03215e-006  6.19859  
0.276282  0.731056  4.46221  
3.02227e-007  1.2978e-013  6.00129  
0.873598  0.0673459  4.21195  
0.709606  0.692093  4.20557  
0.0985895  0.722734  4.74457  
0.751756  0.125869  4.46826  
0.666812  0.856841  3.64255  
0.793427  0.668675  3.78761  
0.804148  0.699639  3.57601  
0.159243  0.179569  5.33079  
0.0914982  0.289218  5.43361  
0.229822  0.0736956  5.47728  
0.722878  0.0560219  4.82851  
0.182627  0.850287  3.94768  
0.669431  0.77747  3.87123  
0.191134  0.779023  4.17749  
0.0647207  0.178893  5.65933  
0.208284  0.285535  5.19046  
0.744478  0.783409  3.27639  
0.795008  0.759085  3.12307  
0.193913  0.0472193  5.55188  
0.079756  0.0591801  5.7806  
0.759059  0.813684  3.048  
0.648138  0.293183  5.06573  
0.249335  0.654333  4.99562  
0.156674  0.75971  4.47069  
0.0794084  0.0364234  5.81901  
0.118581  0.634578  5.33027  
0.797252  0.86593  2.76091  
0.857552  0.71998  3.24241  
0.0615294  0.0657154  5.80179  
0.047011  0.129849  5.71501  
0.0242381  0.755184  4.66378  
0.815827  0.267586  3.95683  
0.130697  0.870764  4.1455  
0.694922  0.0244022  5.14065  
0.817834  0.663141  3.7553  
0.711574  0.0854373  4.88125  
0.67034  0.813935  3.70622  
0.0393759  0.870479  4.25862  
0.0619573  0.796767  4.35746  
0.725261  0.119179  4.68843  
0.074863  0.838857  4.22092  
0.630621  0.637367  5.12811  
0.737415  0.14369  4.54365  
0.745502  0.842146  3.06974  
0.839914  0.812485  2.71352  
0.733667  0.255999  4.40689  
0.257582  0.0228619  5.56562  
0.790563  0.710567  3.49529  
0.749429  0.804968  3.14317  
0.152162  0.773081  4.27314  
0.0729641  0.106353  5.68544  
0.0365274  0.837072  4.2814  
0.185487  0.679152  4.87339  
0.0808922  0.160377  5.578  
0.851  0.63898  3.85742  
0.814646  0.785765  2.88964  
0.195702  0.0896987  5.46734  
0.133178  0.830038  4.08398  
0.0449993  0.129849  5.71675  
0.0411078  0.716159  4.90678  
0.635651  0.65537  4.9728  
0.81418  0.714702  3.37877  
0.775797  0.0865756  4.42254  
0.708864  0.0896987  4.8614  
0.656744  0.0788959  5.29847  
0.269795  0.668675  4.89712  
0.862718  0.202085  3.91947  
0.665183  0.288934  4.9389  
0.860304  0.712156  3.32777  
0.18855  0.789479  4.11606  
0.0863447  0.104686  5.65936  
0.753499  0.817045  3.07557  
0.201904  0.246079  5.21497  
0.0331319  0.0182464  5.93769  
0.239252  0.647947  5.04171  
0.133678  0.258203  5.35137  
0.794513  0.267586  4.04105  
0.77203  0.707339  3.61094  
0.0284304  0.774577  4.53395  
0.758502  0.0308687  4.64167  
0.661441  0.205317  5.01044  
0.000407427  0.0232755  5.97191  
0.143926  0.694111  4.84888  
0.828474  0.254549  3.93199  
0.801473  0.184448  4.06769  
0.0157083  0.0341888  5.95109  
0.860304  0.695883  3.42281  
0.116475  0.141381  5.50157  
0.763505  0.837273  2.9762  
0.112201  0.210978  5.3869  
0.789108  0.785765  2.99566  
0.101319  0.221805  5.4022  
0.688721  0.820049  3.53597  
0.00663532  0.0896987  5.83773  
0.174055  0.193714  5.27564  
0.835533  0.676263  3.59422  
0.153474  0.0728681  5.59011  
0.780432  0.0571335  4.52416  
0.761888  0.0352113  4.60979  
0.792137  0.082027  4.34583  
0.736618  0.792342  3.2873  
0.866552  0.741655  3.1095  
0.677713  0.166368  4.92032  
0.0615294  0.685074  5.10201  
0.0146314  0.764777  4.67711  
0.742637  0.0385748  4.72142  
0.729554  0.147287  4.58755  
0.190735  0.248385  5.19814  
0.842265  0.175653  4.0158  
0.806714  0.674808  3.72068  
0.721748  0.80256  3.434  
0.802269  0.239187  4.00532  
0.770259  0.824446  2.94691  
0.19016  0.242063  5.23275  
0.278271  0.722915  4.49834  
0.254853  0.20735  5.17597  
0.0863447  0.114446  5.63638  
0.685735  0.799861  3.63295  
0.863024  0.762268  2.96129  
0.75692  0.786463  3.17893  
0.0194391  0.231183  5.55717  
0.127292  0.652171  5.28449  
0.828975  0.241255  3.92691  
0.867396  0.720342  3.24215  
0.652724  0.757651  4.1065  
0.71442  0.785765  3.48148  
0.840456  0.733891  3.18179  
0.110507  0.643827  5.34101  
0.186115  0.164252  5.30567  
0.869288  0.00606091  4.30543  
0.833783  0.725235  3.2283  
0.207924  0.860456  3.90773  
0.0034504  0.000996965  5.99619  
0.092997  0.0839218  5.69309  
0.659325  0.102718  5.20623  
0.724402  0.866823  3.21162  
0.667958  0.807196  3.73833  
0.807252  0.683093  3.62261  
0.71442  0.282211  4.57603  
0.645947  0.175653  5.17691  
0.141794  0.160377  5.4065  
0.166907  0.79288  4.13992  
0.244545  0.719082  4.51461  
0.722878  0.0747087  4.78964  
0.871147  0.115203  4.1024  
0.688721  0.819945  3.53861  
0.858035  0.100169  4.12677  
0.810181  0.121728  4.16728  
0.84733  0.00658904  4.44186  
0.845578  0.0961663  4.21907  
0.767452  0.809818  3.03979  
0.254853  0.19756  5.18885  
0.00933031  0.101924  5.80575  
0.822112  0.147572  4.06986  
0.733198  0.183892  4.48553  
0.125436  0.229795  5.35795  
0.184455  0.70096  4.71064  
0.853544  0.824446  2.66351  
0.721748  0.104002  4.73036  
0.055116  0.200123  5.56243  
0.747831  0.0936643  4.57154  
0.79906  0.867257  2.75375  
0.770612  0.207013  4.29465  
0.0168953  0.763305  4.77971  
0.644651  0.0317067  5.50857  
0.687313  0.780068  3.72904  
0.85207  0.781765  2.84446  
0.096007  0.23403  5.42905  
0.743292  0.640312  4.33553  
0.012819  0.25109  5.56611  
0.0658241  0.697914  4.99791  
0.226841  0.182723  5.27144  
0.198548  0.709927  4.6221  
0.766571  0.802632  3.08689  
0.0586728  0.190993  5.56058  
0.638893  0.290801  5.12301  
0.2912  0.179276  5.23925  
0.648902  0.80821  3.93598  
0.147147  0.16921  5.37316  
0.0707127  0.239187  5.46148  
0.844081  0.138992  4.05268  
0.795008  0.226363  4.04575  
0.125171  0.00431198  5.75577  
0.67034  0.789336  3.80816  
0.78878  0.0271933  4.69383  
0.221036  0.856157  3.8941  
0.721748  0.768806  3.52121  
0.177491  0.193714  5.26816  
0.21973  0.709927  4.5981  
0.677713  0.183304  4.88897  
0.640383  0.73882  4.31703  
0.0840577  0.113751  5.67455  
0.766171  0.694111  3.7495  
0.153541  0.822984  4.05265  
0.810842  0.195008  4.01494  
0.149996  0.164375  5.37651  
0.862718  0.752717  3.11047  
0.196438  0.784289  4.12935  
0.0331319  0.0256705  5.92557  
0.767224  0.787399  3.10847  
0.0933887  0.28113  5.4214  
0.0169378  0.746849  5.10449  
0.24686  0.0341655  5.54258  
0.683532  0.139552  5.01584  
0.844712  0.0865756  4.23624  
0.656319  0.868829  3.72282  
1.21862e-011  0.0258677  5.97487  
0.0729641  0.20428  5.54978  
0.79313  0.246673  4.05627  
0.756375  0.116101  4.50401  
0.77368  0.773235  3.14766  
0.647561  0.783409  3.98812  
0.754688  0.714032  3.66749  
0.737415  0.713079  3.81147  
0.767902  0.211275  4.27742  
0.221093  0.0108825  5.58378  
0.047011  0.121219  5.7707  
