0.0459351  0.0465864  5.96093  
0.035438  3.3988  0.533953  
0.107245  2.99243  0.0425391  
0.0398151  3.88158  0.0444394  
2.03409  0.0564981  0.0701209  
1.95327  0.058274  0.0733656  
0.0471001  0.0470775  5.73833  
0.0396437  3.7583  0.0461949  
1.91998  0.0619358  0.0567174  
1.80184  0.0859206  0.215331  
0.0846022  0.0970483  4.84542  
0.0536222  0.0595659  5.58618  
1.7657  0.0985182  0.165226  
0.0522467  3.72531  0.0570242  
0.0536523  0.088526  5.38246  
0.0442425  3.49073  0.291536  
0.0428301  0.0633028  5.47831  
0.0660977  0.0543921  5.4978  
1.8764  0.0686021  0.0688904  
1.84246  0.0666819  0.245679  
0.0491153  3.43869  0.151086  
0.0566673  3.29001  0.49349  
1.90561  0.0606423  0.352395  
0.352446  1.64881  0.542953  
1.86767  0.055552  0.398927  
0.0371798  3.51417  0.430663  
0.0724723  3.25394  0.0527014  
0.0532194  3.66887  0.0541747  
0.23502  1.61254  1.25906  
0.778368  0.0906678  2.80883  
0.0399403  3.54452  0.409873  
0.0579808  0.538224  4.09985  
0.0663417  0.178641  4.76618  
1.83059  0.0690109  0.238116  
0.0607996  0.559496  4.0484  
0.0538446  3.3187  0.244155  
0.0715252  3.10597  0.564211  
0.116041  1.34141  2.48186  
0.042859  3.56494  0.216975  
0.0624147  0.180887  4.89644  
0.224264  1.84114  1.14125  
0.0999847  0.0690792  5.0703  
0.0714599  3.59641  0.0581017  
0.0626426  0.116259  5.01295  
0.19055  0.108471  4.12958  
0.0930848  3.06614  0.195576  
0.0867467  0.150237  4.62639  
0.400242  0.0874574  3.73674  
0.0513745  0.222137  4.70826  
0.0968054  0.058749  5.15852  
0.756688  0.207848  2.19875  
0.0552935  0.0862043  5.189  
0.234127  0.227782  3.58976  
0.0674817  3.16369  0.317744  
0.155485  1.82218  1.47499  
0.241671  2.18643  0.346967  
0.863429  0.832078  0.285397  
0.0384778  3.19074  0.706824  
1.45961  0.239159  0.324379  
1.07441  0.403031  0.834763  
1.23386  0.48946  0.212323  
0.050582  0.0632925  5.62633  
0.0592078  0.739914  3.76144  
0.0818836  0.0861208  4.9593  
0.101252  2.01724  1.75936  
1.16349  0.130619  1.5575  
0.252066  2.34896  0.103905  
0.104094  0.0644465  5.12261  
0.457086  0.80639  1.52779  
0.886135  0.081415  2.44536  
0.143386  0.673603  3.23606  
0.0503088  0.467576  4.26709  
1.50388  0.201939  0.278371  
0.243335  0.120325  3.9392  
0.212151  0.445224  3.17728  
0.120571  2.47281  0.638868  
0.593102  0.186989  2.55193  
0.0626718  0.533738  4.16938  
0.108135  2.07129  1.52251  
0.313242  1.79418  0.340233  
0.0742512  0.0711479  5.22737  
0.17449  1.30043  1.95844  
0.384102  1.6699  0.312684  
0.152379  0.0840977  4.65202  
0.43518  0.340769  2.77861  
1.26612  0.206985  0.907185  
0.122526  2.8822  0.33059  
1.42391  0.18653  0.485808  
0.0486562  3.35608  0.43763  
0.0534917  0.133585  4.92296  
0.550972  0.0705697  3.33429  
1.6174  0.120443  0.339841  
0.219841  2.28733  0.269067  
0.056824  3.41891  0.0582682  
0.800547  0.466596  1.30802  
1.34283  0.317539  0.188159  
0.22233  0.125377  4.00122  
0.187692  0.118564  4.02533  
0.220375  1.87022  0.934507  
1.81345  0.0905586  0.101317  
0.12078  2.77008  0.400082  
0.0948481  1.01171  2.97803  
0.0553906  3.34394  0.179751  
1.32516  0.142292  0.847345  
0.165228  1.91147  1.21466  
0.155737  2.44174  0.415672  
0.17508  2.31226  0.601546  
0.931138  0.081778  2.05473  
0.0513552  0.0921338  5.3334  
0.719648  0.225302  1.98833  
0.792473  0.124123  2.27164  
0.074818  0.690103  3.48606  
1.67398  0.0894222  0.530027  
0.491414  0.378954  2.14582  
1.30922  0.272689  0.459936  
0.105984  0.0736617  4.7612  
0.0405967  3.61416  0.33164  
0.0649965  2.0511  1.80177  
1.30078  0.212276  0.595102  
0.0512932  0.0963162  5.29608  
0.45154  1.0753  1.11853  
0.0765262  2.66092  0.960636  
0.132069  0.0943512  4.57805  
1.0285  0.101099  1.90346  
0.0500693  0.0607777  5.65288  
0.149184  2.37041  0.672306  
0.10613  0.99165  2.94863  
1.3333  0.15406  0.791391  
0.484079  1.68435  0.0892744  
0.273198  0.16368  3.6699  
0.142229  0.132748  4.52703  
0.522194  1.31096  0.228161  
0.0696878  2.96694  0.662473  
0.731139  0.0924978  2.74884  
0.0531176  2.92894  0.81161  
0.0468857  3.63899  0.14095  
0.129967  1.35061  2.32862  
0.569884  1.0863  0.775216  
0.13488  1.32549  2.4297  
0.231518  0.191777  3.62734  
0.0750406  2.41719  1.0729  
0.201729  0.304821  3.51827  
0.281093  2.20869  0.161322  
0.255686  2.12776  0.373583  
0.0783654  0.654568  3.96274  
0.125473  2.394  0.641444  
1.41226  0.2461  0.379234  
1.6963  0.138218  0.0817241  
1.0628  0.231258  1.27169  
0.155821  0.133221  4.37902  
1.47324  0.0826808  0.893672  
1.08262  0.0987429  1.89924  
0.132247  0.443526  3.70104  
0.0581531  0.0770406  5.09191  
0.365194  0.222885  2.99886  
0.137677  2.78817  0.254033  
0.0492144  0.0587278  5.69932  
0.0759054  0.0937102  4.9913  
0.498619  0.257425  2.56553  
0.0570632  2.54705  1.40464  
0.564938  0.368866  2.2813  
1.62756  0.130074  0.303902  
0.0700561  1.21128  2.61293  
0.0850864  2.90433  0.389628  
1.35237  0.126504  0.795638  
1.70632  0.137067  0.0955464  
0.426626  1.48574  0.399201  
0.0801019  3.00842  0.277273  
0.749066  1.09462  0.0832948  
0.697881  0.193307  2.36146  
0.397264  1.93881  0.0876358  
0.0500337  0.099819  5.25152  
1.44686  0.211706  0.480105  
0.626591  0.877262  0.859502  
0.808978  0.575164  1.02934  
1.18236  0.28207  0.693981  
0.432151  0.137975  3.36737  
0.196168  0.761219  2.59036  
0.0560997  3.1229  0.710642  
1.59897  0.156078  0.249252  
0.0894132  2.53015  0.827311  
0.897223  0.791358  0.263316  
1.75201  0.101521  0.152887  
0.967636  0.623164  0.360063  
0.0903066  3.20308  0.0493158  
1.56141  0.109643  0.444702  
0.0431125  3.74696  0.135216  
0.206294  2.6929  0.142257  
0.184652  0.100675  4.34429  
0.094901  2.50629  0.878124  
0.151075  0.430544  3.41659  
0.875163  0.243125  1.70685  
0.215495  0.296231  3.54744  
1.10914  0.545201  0.194667  
0.178646  0.996009  2.52675  
0.91375  0.335887  1.23951  
0.829025  0.884398  0.471118  
1.38485  0.0657903  1.21429  
0.192782  0.619101  3.19946  
0.468697  0.136585  3.14097  
0.300968  0.541141  2.70115  
0.265416  1.71889  0.927136  
0.0849305  2.86597  0.586446  
1.66075  0.150104  0.0771545  
0.242205  1.97446  0.662887  
0.472189  0.246904  2.76501  
1.09538  0.494329  0.448799  
0.146801  1.38412  1.78739  
0.0554006  0.0569237  5.35622  
1.90847  0.0639791  0.317953  
1.59171  0.075552  0.7315  
0.095527  0.0655422  5.27797  
0.656589  0.454532  1.65175  
1.45424  0.0647966  1.10193  
0.365418  1.95652  0.252428  
0.179152  0.272214  3.79411  
0.0608441  3.22909  0.245054  
0.315763  0.666478  2.32506  
0.974811  0.111429  1.91229  
0.290447  2.16783  0.208776  
0.309811  1.99699  0.287299  
0.223399  2.63285  0.214264  
0.0435889  3.66294  0.0654857  
1.17278  0.272553  0.719795  
0.621973  1.29453  0.297001  
0.201368  1.04944  2.17256  
0.60448  0.723728  1.30049  
0.601376  1.2325  0.368407  
0.881886  0.217662  1.61251  
0.273531  1.22145  1.39028  
1.29153  0.219761  0.628026  
1.2427  0.473824  0.232254  
0.9839  0.266648  1.37596  
0.349294  0.898024  1.84827  
0.203267  0.155392  3.88252  
1.43593  0.104824  0.963594  
0.0483813  3.37842  0.572326  
1.10136  0.59576  0.225297  
0.13134  2.68382  0.540023  
1.1179  0.0973881  1.78583  
0.275269  1.99373  0.617683  
1.22037  0.447895  0.360529  
1.20617  0.519701  0.113205  
0.238067  1.0294  2.22014  
0.448788  0.564605  2.07533  
1.6354  0.137868  0.142979  
1.55495  0.166039  0.120992  
0.0923283  2.32762  1.3635  
0.0997848  0.210714  4.46975  
0.160712  2.80045  0.0595792  
0.17144  0.08853  4.39629  
0.0876018  1.12877  3.04557  
0.924996  0.306451  1.43762  
0.14958  0.169195  4.29909  
0.388425  0.888645  1.87916  
1.37783  0.175207  0.570948  
0.0600807  0.868428  3.56134  
0.764562  0.554593  1.14752  
0.279038  0.0845843  4.18769  
0.198347  0.102721  4.23359  
0.225209  2.10306  0.592944  
1.04156  0.529532  0.474094  
0.0538249  0.0566742  5.685  
0.119581  2.7548  0.534806  
0.113494  2.59379  0.62032  
0.256951  0.077345  4.4226  
0.533126  0.915724  1.24336  
0.368189  2.0889  0.0984549  
0.503645  1.44704  0.117822  
0.637668  1.0382  0.668321  
0.0659585  0.955805  3.44476  
0.418461  0.352488  2.5967  
1.35888  0.265313  0.290338  
0.544441  1.14301  0.748481  
0.336526  0.313832  3.02909  
0.17563  2.36075  0.361098  
0.409332  1.51195  0.643474  
1.53597  0.200866  0.131111  
0.344118  2.05352  0.127  
1.24627  0.412097  0.270576  
0.537417  0.83916  1.2842  
0.104641  1.82511  1.9498  
1.15914  0.24234  0.866471  
0.576884  0.115455  3.10559  
0.379739  0.43958  2.67896  
0.143267  2.03722  0.903366  
0.276079  2.11996  0.296625  
0.834174  0.947976  0.118057  
0.702464  0.974583  0.681141  
0.0846186  0.555024  3.45439  
0.261867  1.49269  1.26456  
0.640666  0.510909  1.502  
0.331376  0.129005  3.49844  
1.58493  0.23542  0.117816  
1.19586  0.102477  1.30626  
0.090944  0.119266  4.6843  
0.0762387  2.94931  0.698614  
0.10592  1.46651  1.93429  
0.573634  0.517156  1.67781  
1.2255  0.242137  0.708911  
0.441502  0.2845  2.83178  
0.959109  0.624969  0.413625  
1.03923  0.597176  0.214187  
0.0631687  2.80984  0.792731  
0.111326  0.926444  2.85349  
0.0811726  1.06678  3.30925  
0.20994  2.02658  0.758714  
0.124271  0.968547  2.71051  
0.432912  0.633682  2.00714  
0.327996  0.161331  3.38564  
0.46046  1.55857  0.260041  
0.556847  0.741645  1.32304  
0.157743  0.0897951  4.49576  
0.320644  1.71301  0.899719  
0.193408  1.89491  1.02249  
0.138919  2.57817  0.547391  
0.284825  0.144065  3.69593  
0.407809  0.649908  2.1114  
1.49233  0.254632  0.0794458  
0.125168  0.253191  3.96818  
0.386378  0.48284  2.63178  
0.123673  2.90975  0.212347  
1.72433  0.136295  0.086083  
0.284173  1.87517  0.598132  
1.25565  0.392208  0.244145  
1.68829  0.140481  0.111647  
1.73152  0.0759743  0.440544  
0.774789  0.391086  1.48954  
0.646825  0.244999  2.35306  
0.363867  0.509419  2.50138  
0.956719  0.128915  1.9924  
0.41222  1.39126  0.822632  
0.0631061  0.329584  4.33753  
0.109796  2.17549  1.34464  
0.20326  2.27486  0.637255  
0.818108  0.597012  0.802652  
1.57036  0.0990087  0.622103  
1.31776  0.405376  0.129125  
0.324721  1.12876  1.58742  
0.0410958  2.53281  1.51399  
1.54469  0.125733  0.483053  
0.951319  0.730228  0.168296  
1.57689  0.0870359  0.687635  
0.464413  0.603422  2.02064  
0.481119  0.615325  1.83577  
1.66601  0.0905136  0.45822  
1.37286  0.157277  0.65347  
0.106667  2.98616  0.0647901  
0.794102  1.02641  0.163654  
0.1674  0.0968302  4.45319  
0.280925  2.14438  0.261212  
0.540725  1.52692  0.0815817  
1.08887  0.253167  1.14002  
0.120284  2.40464  0.978606  
0.669244  0.179297  2.39717  
0.153995  2.50379  0.528843  
0.0533655  3.14664  0.661493  
1.40326  0.287328  0.069045  
0.646277  1.12676  0.500259  
0.247374  1.56517  1.2143  
0.110483  2.72326  0.558318  
0.375705  1.59008  0.506434  
0.0676601  3.02296  0.67937  
0.2597  0.181889  3.64412  
0.585735  0.168076  2.64185  
0.972334  0.357543  1.10903  
0.0906375  2.1501  1.62764  
0.513182  1.60013  0.0819245  
0.158472  2.8261  0.0609316  
0.340901  1.20041  1.42682  
0.321448  1.42161  1.01724  
0.0988891  2.84657  0.528591  
0.743848  0.643854  0.996138  
0.465907  1.60463  0.171333  
0.692727  0.173702  2.41676  
0.858249  0.699071  0.692987  
0.0979281  2.61072  0.738123  
0.287537  0.860302  2.09789  
0.0449899  2.8557  0.946482  
0.0411118  3.02826  0.782942  
0.345274  1.57596  0.72212  
0.0556357  3.62801  0.137108  
0.238908  0.96443  2.18898  
0.0557474  3.1492  0.517393  
1.28891  0.459523  0.167538  
0.346152  0.764998  2.13438  
1.12483  0.0746155  1.87899  
0.194147  1.96397  0.831506  
0.707876  0.147145  2.66799  
0.554916  0.504197  1.94606  
0.0878797  2.61294  0.650383  
1.43888  0.276969  0.0814493  
0.306152  0.452288  2.72533  
0.057448  3.21909  0.256063  
1.00126  0.10689  1.93173  
1.01754  0.787686  0.156238  
0.211321  1.31082  1.87712  
1.05229  0.263248  1.20157  
0.405792  0.640858  2.16532  
0.232435  1.36845  1.54127  
0.0396919  2.48266  1.5182  
1.42897  0.129432  0.789124  
1.60777  0.0576292  0.815178  
0.688229  0.579104  1.35893  
1.08525  0.160152  1.58895  
0.535337  0.600283  1.85796  
0.0755242  3.04071  0.550298  
0.0536013  2.70736  1.0258  
0.59786  0.844415  1.18663  
0.0528328  2.56351  1.21942  
1.27428  0.482668  0.158504  
0.22666  0.862586  2.46834  
0.158976  1.1501  2.25872  
0.507429  0.779448  1.61097  
0.236807  1.32474  1.72581  
0.232959  1.00085  2.30884  
0.929334  0.165012  1.92114  
0.16902  0.444767  3.41055  
0.453419  0.0550705  3.56914  
1.48147  0.147691  0.383822  
0.429125  0.583525  2.23382  
1.2752  0.112117  1.0586  
1.16641  0.147271  1.44556  
1.3193  0.357519  0.416956  
0.0410259  2.58421  1.17939  
0.260906  2.33302  0.0644108  
1.17974  0.237139  0.757658  
1.52062  0.182785  0.196715  
0.226244  1.9248  0.841539  
0.128624  0.116075  4.5535  
0.219043  1.11522  1.74725  
0.417233  1.76813  0.236401  
0.107075  2.83303  0.392669  
0.183325  0.111842  4.20992  
1.71338  0.0912631  0.305253  
1.00799  0.222132  1.4162  
0.413729  1.78262  0.135223  
0.201949  1.75074  1.16405  
0.302572  0.754969  2.31255  
0.338393  0.934127  1.69708  
0.269221  0.684883  2.38159  
0.448585  0.314584  2.62158  
0.189688  0.682556  2.9601  
1.68449  0.0801258  0.483022  
0.25851  1.76211  1.04983  
1.73808  0.0808175  0.303489  
0.651093  0.394312  2.09114  
0.18216  0.962809  2.72984  
0.192057  0.74841  2.88794  
0.67559  0.280204  2.11974  
0.565995  0.308754  2.3705  
0.508799  0.922098  1.13227  
0.0618914  3.38214  0.104396  
1.64275  0.16171  0.107669  
0.163591  2.24383  0.792538  
0.0728439  0.32461  4.57274  
0.257266  2.43484  0.0883885  
1.61024  0.0610381  0.768699  
0.261124  1.26676  1.49215  
0.702053  1.10244  0.659517  
0.0865571  2.65222  0.922821  
0.322243  1.56853  0.912311  
0.814533  0.318071  1.4979  
1.53101  0.201231  0.160108  
0.823478  0.365229  1.34428  
0.29909  0.200087  3.27816  
0.20128  1.73143  1.20249  
0.0825522  2.71506  0.766425  
0.0740114  0.245948  4.50778  
0.686522  1.24933  0.178389  
1.51366  0.106345  0.619451  
0.391846  0.217649  3.24616  
1.27894  0.338677  0.525073  
0.369835  0.551022  2.24341  
0.842843  0.271357  1.71585  
0.62069  0.497913  1.81687  
1.06263  0.599645  0.088686  
0.661138  0.151811  2.42238  
0.919272  0.769038  0.327304  
0.0844155  0.250475  4.32014  
0.202631  1.89123  1.02747  
0.608065  0.636562  1.35164  
0.139185  2.73814  0.127768  
1.11494  0.476699  0.295117  
0.581266  0.206768  2.61969  
0.735005  0.677371  1.09063  
0.673313  0.433861  1.68729  
0.27221  2.26779  0.117431  
0.907823  0.59418  0.788849  
0.678939  0.581312  1.33355  
0.530508  1.16638  0.739808  
0.303399  0.198619  3.26344  
1.39376  0.24869  0.242697  
0.318181  1.54238  0.936374  
1.81029  0.099224  0.0883934  
0.228613  1.68031  1.09297  
1.54881  0.14251  0.251078  
0.72495  0.857149  0.830141  
1.20996  0.057601  1.60426  
0.937246  0.637622  0.528243  
0.321348  0.0831605  3.91028  
0.172557  2.31678  0.499187  
0.0819401  0.772129  3.19807  
0.468391  0.708267  1.90635  
1.20052  0.16915  1.1556  
0.771346  0.399037  1.46799  
0.648304  0.0703379  3.09049  
1.2131  0.309802  0.591425  
0.149792  1.93352  1.39721  
1.13962  0.133771  1.46094  
0.183738  0.803259  2.51625  
1.52487  0.21005  0.148953  
0.481634  1.55154  0.128824  
0.0637567  1.40074  2.45298  
1.15004  0.319431  0.65182  
1.65188  0.123209  0.164296  
0.374556  1.73823  0.455095  
0.409582  0.629778  2.03796  
1.1477  0.400136  0.611886  
0.528353  0.452456  2.09257  
0.53966  1.25627  0.613058  
0.499606  0.375703  2.14144  
0.336367  0.423727  2.87122  
1.74227  0.0796144  0.303742  
0.394248  1.10645  1.16415  
1.04649  0.128246  1.62623  
1.36586  0.217209  0.501686  
0.416858  1.06562  1.19648  
0.361592  0.081719  3.82542  
1.65098  0.158521  0.0725136  
0.174144  1.27941  2.03302  
1.25332  0.26785  0.684891  
0.371682  1.53651  0.647508  
0.740291  1.17794  0.219107  
1.13034  0.0812565  1.85375  
0.105709  0.350151  4.2205  
0.47653  0.179397  2.91809  
0.0747598  2.75081  0.862713  
0.67148  0.465339  1.63448  
0.157049  1.76082  1.41833  
0.0882578  0.41811  3.86671  
0.179105  1.698  1.30616  
1.28259  0.0937008  1.52062  
0.354441  0.075366  3.84024  
0.744976  0.854864  0.698631  
0.636465  0.41751  1.82247  
0.549028  1.18192  0.666635  
0.0579864  3.04993  0.626468  
0.136703  1.70157  1.66351  
0.265894  0.276386  3.28593  
0.943039  0.695969  0.520725  
0.0781706  3.06039  0.307269  
0.614817  1.15775  0.414104  
0.329554  0.632053  2.41213  
0.103884  2.21733  1.11021  
0.618454  0.301601  2.11455  
0.848675  0.532947  1.0951  
0.517345  1.39959  0.445653  
0.220885  1.45682  1.33474  
0.0696167  2.64293  1.00504  
0.532863  1.58648  0.0923327  
0.455819  1.0568  1.13361  
0.0561792  2.73471  1.00973  
0.229787  0.67841  2.65451  
1.39456  0.0885391  0.979831  
0.424291  0.223058  2.89293  
0.824969  0.56503  0.867757  
0.0811461  3.11331  0.101142  
0.232742  2.26193  0.259814  
0.497017  0.956354  1.22872  
0.713928  0.105234  2.91323  
0.106519  1.17421  2.8203  
0.837921  0.310141  1.71986  
0.0871499  1.37668  2.11773  
0.296748  0.218892  3.44758  
0.168833  0.261524  3.8561  
0.120944  2.16648  1.11557  
0.866306  0.716304  0.551042  
0.311237  2.09521  0.203068  
0.0941165  0.37791  4.31226  
0.279698  1.50299  1.16555  
0.347565  1.40802  1.09733  
0.543954  0.343369  2.50784  
0.990851  0.425101  0.747983  
0.605017  0.0743043  3.1235  
1.13724  0.263698  1.01279  
0.218125  0.318394  3.37903  
0.714942  1.09121  0.33064  
0.495741  0.924444  1.38648  
0.047207  2.93939  0.797488  
0.260278  0.154524  3.90456  
0.995139  0.270836  1.21104  
0.171001  2.42046  0.612859  
0.610489  0.937829  0.935394  
0.939784  0.610047  0.728965  
0.735374  1.00333  0.557459  
0.127544  0.177235  4.43967  
0.63339  0.832482  0.911754  
1.05068  0.498884  0.291853  
0.317016  0.997647  1.76926  
