0.0215291  1.04959e-013  6.04167  
0.887892  0.181849  3.97755  
7.27355e-012  0.00336566  5.99799  
4.61236e-006  0.939163  4.55319  
0.856134  0.861238  2.61519  
0.000107003  1.04959e-013  6.06939  
0.315933  0.696783  4.74247  
0.00707158  0.629134  5.5901  
0.00189501  0.30067  5.60781  
0.628569  0.750207  4.31141  
0.782164  0.884885  2.85902  
0.297834  0.127613  5.35806  
0.663796  0.290608  4.95095  
0.0719604  0.0710064  5.76861  
0.772658  0.299069  4.18393  
0.857028  0.660932  3.69418  
0.164192  0.281833  5.26013  
0.683329  0.85281  3.51889  
0.287912  0.64077  5.10691  
0.803658  0.830291  2.77844  
0.10474  0.0124759  5.79457  
0.798136  0.82419  2.80327  
0.816353  0.759231  3.03746  
0.844357  0.686696  3.50154  
0.790807  0.0531106  4.4038  
0.663888  0.858588  3.66563  
0.00244629  1.50254e-005  5.99871  
0.73577  0.821825  3.18081  
0.747132  0.861627  3.10123  
0.266709  0.830257  3.9193  
0.871876  0.656096  3.72256  
0.666254  0.266176  4.91323  
0.293572  0.68034  4.83153  
0.841539  0.143868  4.07203  
0.77846  0.747728  3.28042  
0.763787  0.0995189  4.45184  
0.700093  0.85531  3.39295  
0.240645  0.637074  5.11702  
0.168283  0.059152  5.58608  
0.710601  0.812414  3.41436  
0.807196  0.0940417  4.26723  
0.880079  0.146686  4.03358  
0.154079  0.152872  5.39373  
0.875474  0.225344  3.90099  
0.744465  0.259076  4.33177  
0.633248  0.256254  5.13726  
0.752123  0.849723  3.01931  
0.713911  0.842328  3.2997  
0.115067  0.710817  4.7886  
0.77468  0.837  2.92355  
0.0512393  0.00426742  5.98586  
0.863232  0.783554  2.83856  
0.829584  0.817931  2.72123  
0.720818  0.842328  3.24789  
0.195301  0.22895  5.20068  
0.03994  0.0394691  5.8958  
0.868757  0.217763  3.90466  
0.271633  0.80234  4.01202  
0.789325  0.773756  3.07055  
0.255773  0.755977  4.25402  
0.787237  0.850042  2.8117  
0.830867  0.729486  3.2024  
0.634948  0.877717  3.87304  
0.0423335  0.00445168  5.93828  
0.820782  0.690833  3.54097  
0.036989  0.0495088  5.88195  
0.172048  0.26427  5.23246  
0.0185481  0.6369  5.52186  
0.69318  0.0466042  5.10241  
0.713725  0.82458  3.33514  
0.681249  0.273287  4.8173  
0.636895  0.0892717  5.38418  
0.847022  0.845633  2.6283  
0.241921  0.0349904  5.52989  
0.630064  0.254252  5.16067  
0.272596  0.642576  5.0821  
0.0606734  0.800239  4.34553  
0.0350704  0.111497  5.75263  
0.0119466  0.0418233  5.92947  
0.640782  0.709372  4.52887  
0.177095  0.222728  5.26447  
0.278344  0.810229  3.98293  
0.751403  0.268439  4.29465  
0.146872  0.0368105  5.66148  
0.840672  0.644885  3.81813  
0.199813  0.707154  4.65868  
0.808756  0.690833  3.58088  
0.253739  0.104424  5.39773  
0.140893  0.76067  4.37278  
0.031959  0.233506  5.54372  
0.820705  0.20941  3.99275  
0.690169  0.863569  3.46682  
0.254051  0.847624  3.88724  
0.21039  0.177839  5.24273  
0.686071  0.125699  4.9774  
0.261425  0.771752  4.16115  
0.0872548  0.711001  4.85111  
0.763325  0.27998  4.22629  
0.233635  0.155515  5.26842  
0.815402  0.029208  4.34482  
0.823785  0.204973  3.95971  
0.036989  0.0661398  5.84944  
0.220753  0.674144  4.86867  
0.25452  0.645579  5.06157  
0.732744  0.807159  3.25081  
0.812857  0.74467  3.146  
0.679642  0.116341  5.01864  
0.171275  0.717357  4.61076  
0.247075  0.167821  5.23998  
0.184704  0.213862  5.24382  
0.0546199  0.106542  5.72327  
0.730401  0.265425  4.43373  
0.869361  0.762917  2.95004  
0.705606  0.81436  3.43562  
0.677504  0.744651  4.03249  
0.0803188  0.0177938  5.84434  
0.776344  0.868693  2.86863  
0.163006  0.174354  5.32625  
0.872625  0.0979729  4.13922  
0.723421  0.115128  4.69192  
0.191146  0.683294  4.88466  
0.0317131  0.0797131  5.82545  
0.880925  0.159359  4.008  
0.865452  0.839424  2.64092  
0.0937975  0.737017  4.73524  
0.118422  0.713596  4.7572  
0.703977  0.00953  5.38  
0.0844339  0.121359  5.63132  
0.726786  0.0373915  4.83322  
0.863232  0.724314  3.21718  
0.700009  0.0549191  5.00348  
0.0447877  0.777535  4.48779  
0.662153  0.792382  3.8465  
0.0447877  0.026013  5.90486  
0.22326  0.780299  4.2028  
0.111234  0.251472  5.36624  
0.0749953  0.751836  4.58426  
0.0672932  0.0233849  5.8691  
0.100023  0.171001  5.47769  
0.229489  0.823848  3.93633  
0.122107  0.236808  5.34355  
0.736244  0.772825  3.4496  
0.809854  0.851572  2.71032  
0.829859  0.726272  3.22797  
0.822634  0.76505  2.98294  
0.653285  0.881305  3.75538  
0.0101925  0.063672  5.95976  
0.747518  0.699579  3.83029  
0.145983  0.834452  4.0566  
0.185557  0.7457  4.38883  
0.853009  0.731217  3.15994  
0.784269  0.820354  2.88001  
0.0982802  0.807159  4.23408  
0.628793  0.79771  4.04071  
0.160616  0.717338  4.66972  
0.76183  0.634648  4.22825  
0.201699  0.074896  5.48466  
0.748697  0.153297  4.42377  
0.64832  0.0777741  5.44743  
0.724378  0.793672  3.37009  
0.13721  0.819193  4.10122  
0.18219  0.797223  4.09027  
6.35882e-007  0.0214921  5.97663  
0.651391  0.765897  4.06026  
0.760457  0.714627  3.62612  
0.822635  0.201845  3.96791  
0.15882  0.787585  4.2821  
0.156901  0.0851362  5.54147  
0.677504  0.785584  3.78341  
0.0896875  0.864893  4.15214  
0.140893  0.119186  5.49596  
0.251763  0.00160448  5.57197  
0.26981  0.680964  4.80631  
0.850385  0.705862  3.36053  
0.699326  0.0466042  5.03917  
0.283463  0.145498  5.30055  
0.0902707  0.74132  4.62185  
0.673682  0.255031  4.85591  
0.743928  0.269211  4.34655  
0.107658  0.108113  5.60153  
0.852375  0.673075  3.59566  
0.263021  0.695976  4.76702  
0.789325  0.80127  2.93197  
0.801388  0.873272  2.74823  
0.860959  0.683524  3.5499  
0.72205  0.247769  4.67301  
0.259874  0.721648  4.4956  
0.656446  0.255026  4.98493  
0.815402  0.783875  2.89848  
0.658075  0.255026  4.96998  
0.181966  0.669878  4.974  
0.118422  0.710415  4.92917  
0.143452  0.0982622  5.55996  
0.075461  0.036129  5.83092  
0.747132  0.874167  3.05504  
0.805317  0.00160448  4.69809  
0.655104  0.879455  3.73977  
0.000247886  0.00017365  6.06722  
0.0185481  0.64944  5.43795  
0.0643009  0.0924486  5.74253  
0.0546199  0.128099  5.6718  
0.0346054  0.112986  5.74414  
0.237392  0.205574  5.19239  
0.851076  0.705862  3.34939  
0.090522  0.0189803  5.81954  
0.0138626  0.0386415  5.93625  
0.832889  0.195258  3.95285  
0.738436  0.145498  4.5114  
0.0918726  0.0265643  5.81011  
0.28165  0.188576  5.21853  
0.766933  0.735274  3.43372  
0.0471571  0.0265643  5.90185  
0.782568  0.695976  3.64204  
0.123623  0.659772  5.14602  
0.141511  0.0266798  5.68989  
0.800176  0.751994  3.14636  
0.191146  0.665128  5.05459  
0.152023  0.106542  5.50189  
0.103407  0.647797  5.27937  
0.696993  0.139111  4.87613  
0.0259367  0.80234  4.39739  
0.149764  0.629785  5.29023  
0.642887  0.130985  5.25011  
0.243158  0.657196  4.97623  
0.0678729  0.129708  5.64164  
0.776525  0.780299  3.11993  
0.779099  0.25964  4.11704  
0.192196  0.185362  5.30412  
0.169975  0.0166563  5.64187  
0.733174  0.792326  3.31073  
0.754016  0.245142  4.30493  
0.768327  0.832047  2.99793  
0.760787  0.735274  3.48838  
0.132241  0.165236  5.41235  
0.261584  0.763756  4.20909  
0.64424  0.860917  3.80014  
0.674659  0.819193  3.64497  
0.228866  0.709438  4.59359  
0.202831  0.246386  5.18079  
0.787707  0.868693  2.80732  
0.863659  0.813747  2.73035  
0.836653  0.693933  3.45778  
0.756738  0.700742  3.7723  
0.149764  0.7338  4.64132  
0.838056  0.64167  3.83847  
0.699196  0.158608  4.8162  
0.272596  0.725757  4.47074  
0.228668  0.731506  4.47383  
0.870362  0.800239  2.7502  
0.755538  0.160877  4.36215  
0.0233856  0.0641555  5.87744  
0.848039  0.673075  3.59862  
0.766543  0.789241  3.11547  
0.768327  0.729937  3.46354  
0.74247  0.10919  4.57135  
0.251749  0.068413  5.464  
0.178612  0.264971  5.22068  
0.150441  0.00772924  5.69418  
0.0291991  0.647525  5.43194  
0.701625  0.790754  3.5537  
0.255773  0.753935  4.27843  
0.709914  0.133261  4.74942  
0.0787773  0.240139  5.46218  
0.804444  0.794143  2.88828  
0.74441  0.775287  3.32123  
0.128685  0.0356635  5.72914  
0.0981182  0.171001  5.48436  
0.123623  0.247769  5.33711  
0.0095572  0.063672  5.96052  
0.075461  0.0145353  5.86382  
0.754217  0.860096  2.99905  
0.205483  0.106542  5.40929  
0.651645  0.879399  3.76364  
0.105448  0.651617  5.2497  
0.0546199  0.276572  5.50162  
0.809854  0.129587  4.14913  
0.693792  0.792325  3.61154  
0.871328  0.653873  3.74131  
0.773686  0.715058  3.55889  
0.754217  0.823673  3.04836  
0.742413  0.087316  4.63187  
0.776995  0.299069  4.17284  
0.220753  0.652979  5.01852  
0.711877  0.765377  3.61532  
0.695251  0.132695  4.89788  
0.169975  0.0368105  5.61279  
0.212523  0.0288563  5.56072  
0.248637  0.659545  4.95999  
0.74441  0.780038  3.29498  
0.813244  0.774203  2.96226  
0.755538  0.163196  4.35726  
0.0546199  0.647882  5.42764  
0.125452  0.235968  5.35749  
0.136091  0.0356635  5.70967  
0.669688  0.154596  5.0035  
0.834171  0.835352  2.66249  
0.773135  0.688521  3.75245  
0.741926  0.0373915  4.72482  
0.064082  0.711589  4.97846  
0.19504  0.0599922  5.53806  
