1.76866  0.0428284  0.539592  
0.0412496  3.62645  0.271304  
1.44803  0.21798  0.0397296  
0.0452729  0.0449706  5.94137  
0.0510282  4.02833  0.0575201  
2.02542  0.0522018  0.0761016  
0.0520564  3.95272  0.0697681  
0.0434592  0.0452874  5.89219  
0.0598469  0.0613989  5.65236  
0.058515  0.0592305  5.75995  
0.0551337  3.78459  0.0507215  
0.0616372  0.0648967  5.53108  
0.0527708  3.85272  0.0797877  
0.0568637  3.73749  0.0509249  
1.95768  0.058055  0.0595714  
0.0447229  3.88371  0.0770155  
0.288603  0.0818008  4.25364  
1.99559  0.0525514  0.0731515  
0.0580487  3.69683  0.0629033  
0.0554774  0.0633675  5.71651  
0.0912594  3.18705  0.0447978  
0.0572623  3.47561  0.28578  
1.5708  0.144794  0.223571  
1.54607  0.0595922  0.781486  
1.7501  0.0601769  0.40439  
1.50854  0.0595302  0.855616  
0.110846  0.254479  4.33059  
0.0487285  3.66367  0.205694  
2.0176  0.0543512  0.0631159  
0.0637026  3.42324  0.155202  
0.0657304  0.0554695  5.50652  
0.0705301  0.0633089  5.44108  
1.90299  0.0530816  0.242809  
0.0721428  0.092213  5.06468  
1.9317  0.0599515  0.0530111  
1.52494  0.121814  0.443945  
1.88163  0.0625278  0.0894433  
0.198874  0.156574  4.19601  
0.0829302  2.97553  0.522336  
0.0809125  3.00579  0.478795  
0.0778005  3.14164  0.441063  
0.082057  2.82438  0.598154  
0.0597325  0.169021  5.11326  
0.0802646  0.0986949  5.02831  
0.862082  0.889838  0.170233  
1.49717  0.062369  1.10916  
1.97372  0.0496858  0.139883  
0.0576698  0.26036  4.81043  
0.0614141  3.49188  0.203071  
0.355615  1.89031  0.512337  
1.64901  0.115039  0.284906  
0.104452  2.1377  1.42136  
0.50031  1.45969  0.366853  
0.162998  1.91227  1.33876  
1.3594  0.0872392  1.01116  
0.410284  0.289645  2.83062  
0.0714421  3.52285  0.0758382  
1.91952  0.0515315  0.229947  
0.398457  0.603139  2.08284  
0.0885811  0.791434  3.60608  
0.0679846  0.236593  4.66432  
1.69546  0.0651903  0.397507  
0.852461  0.342926  1.26001  
0.201999  2.4072  0.216799  
1.07373  0.27276  0.826759  
0.240527  2.28611  0.173809  
0.0636623  0.385553  4.05946  
0.910436  0.544963  0.711848  
0.0817838  1.84676  2.08753  
0.105266  2.79349  0.367234  
1.98046  0.055274  0.0596952  
1.84451  0.0582856  0.451106  
0.0462705  3.39128  0.572478  
0.95999  0.0936786  1.98408  
1.24973  0.0594708  1.4339  
0.108101  0.0698476  4.99163  
0.638204  0.682155  1.09409  
0.266323  2.16539  0.175282  
1.87519  0.0532491  0.0911508  
0.0927742  2.07659  1.79051  
1.66829  0.110847  0.113309  
1.09108  0.417719  0.517954  
0.0529096  3.63902  0.0977927  
0.0539408  0.347958  4.56192  
0.0986337  2.757  0.559158  
0.670562  0.715558  0.955484  
1.12745  0.22808  1.04065  
0.121098  0.148395  4.52626  
0.301691  1.67905  0.813467  
0.0742077  2.78126  0.83216  
0.219981  0.148738  3.96947  
1.71684  0.0633212  0.487625  
1.28421  0.254183  0.551596  
0.125113  0.953824  3.06045  
1.73419  0.0676852  0.358656  
0.229694  0.507917  2.98783  
0.0605115  0.0889573  5.3671  
0.0860651  2.74507  0.863835  
0.109672  0.11529  4.61675  
0.767955  0.637492  0.934214  
0.152712  0.150638  4.42958  
0.321281  0.554464  2.57827  
0.107727  0.318388  4.09754  
0.0609401  0.0681286  5.3402  
0.0593029  0.14438  5.13999  
0.0431705  3.26047  0.596503  
0.203957  0.126241  4.14508  
1.2602  0.134602  1.00515  
1.38267  0.285148  0.152045  
0.124232  2.26175  0.880194  
0.0773436  3.22317  0.287863  
0.168756  2.04746  1.01751  
0.977464  0.146969  1.62325  
1.57995  0.0565466  0.952992  
0.098358  1.75627  1.80213  
0.0863233  0.867588  3.6261  
1.30242  0.336597  0.049637  
0.134233  0.129517  4.57586  
1.2903  0.326781  0.131447  
1.33977  0.138832  0.885011  
1.04334  0.621251  0.121554  
0.0796749  3.27483  0.122321  
0.0984965  0.505973  3.91058  
0.158116  0.364033  3.65053  
0.155081  0.0821491  4.50655  
0.176961  1.72883  1.56618  
0.0891377  3.2067  0.115021  
1.16662  0.265593  0.888442  
0.391766  1.49923  0.588874  
0.143391  2.9022  0.138085  
0.936169  0.412795  0.926586  
0.0730113  3.23994  0.373283  
0.273141  0.320981  3.09621  
1.59905  0.0689421  0.623405  
0.88184  0.109714  2.43616  
1.00202  0.550002  0.53077  
0.110189  0.794939  3.19448  
0.332026  0.142236  3.57094  
0.0759554  1.79314  2.17451  
0.236927  2.3213  0.50415  
0.249858  0.103658  3.89336  
0.0643238  0.0636881  5.39662  
1.4869  0.170898  0.223535  
0.137104  2.92086  0.075349  
1.72404  0.0904516  0.273516  
1.13485  0.405085  0.464403  
1.14997  0.263486  0.947785  
0.0786737  3.36528  0.0534897  
1.46866  0.211966  0.111517  
1.90962  0.0518098  0.274778  
0.162377  2.25295  0.841494  
0.166687  1.7153  1.60232  
0.0506571  0.187459  4.96561  
0.047935  3.31529  0.431254  
0.12985  0.189474  4.36312  
0.522039  1.39407  0.359871  
1.62915  0.105326  0.305891  
0.0877562  0.122609  4.89299  
0.587713  0.135289  2.80384  
0.0877515  1.62869  2.03503  
1.27276  0.370283  0.145505  
0.0709491  1.30029  2.92789  
1.42531  0.217158  0.374064  
0.110927  2.57485  0.670959  
1.80237  0.059757  0.423832  
0.364669  0.203654  3.30789  
0.188539  2.3633  0.425307  
0.0859245  1.0502  3.18102  
0.561098  0.187391  2.48872  
0.177893  2.60741  0.185832  
1.68247  0.131408  0.0638535  
0.0620653  0.170292  4.94118  
1.38976  0.0842816  1.026  
0.232485  1.70251  0.975183  
0.0958978  2.93795  0.453731  
0.305274  1.28453  1.46319  
0.553581  1.4494  0.225015  
1.79201  0.0754325  0.146144  
0.0717149  3.55505  0.056514  
0.068463  3.02094  0.686056  
1.74079  0.0610219  0.416582  
1.22329  0.0621592  1.70361  
0.329679  1.32242  1.205  
0.0836245  0.12933  4.77786  
1.46224  0.0843688  0.74656  
0.268266  2.29921  0.065884  
0.104637  0.156706  4.63227  
1.86094  0.0703453  0.0676514  
0.758811  1.07136  0.19849  
0.448346  0.106147  3.67255  
0.0815143  3.11311  0.251377  
0.972352  0.178558  1.39833  
0.163051  2.33975  0.779152  
0.186018  0.588452  3.22824  
0.922249  0.762893  0.424129  
0.600388  1.27316  0.278575  
0.440666  0.176184  3.08303  
0.176976  0.549815  3.2605  
0.0588215  3.53816  0.138033  
1.37091  0.0772532  1.14503  
1.5339  0.0622322  0.810839  
0.935535  0.0839635  2.36345  
0.349714  0.572834  2.40434  
0.245579  2.21336  0.518019  
0.448313  0.111111  3.69695  
0.296209  1.61566  0.998795  
0.0558968  2.37212  1.58162  
0.312876  1.1929  1.48984  
0.0702109  3.57033  0.0652807  
0.171265  2.68964  0.145784  
0.11512  0.189354  4.46119  
0.472432  1.74029  0.130488  
0.0974668  0.179095  4.47565  
0.0636524  0.224896  4.72401  
1.85877  0.0580616  0.366303  
1.45217  0.0960132  0.715967  
0.0907759  2.53022  1.05792  
0.741415  0.721207  0.703198  
0.0832836  0.105133  4.91838  
1.03907  0.613576  0.199495  
0.661731  0.521634  1.47094  
1.42962  0.088094  0.988577  
1.17998  0.307127  0.438199  
0.128503  2.11855  1.31295  
1.09852  0.238022  1.07241  
0.610973  0.134438  2.70047  
0.114824  0.442436  3.99794  
1.32362  0.223707  0.412335  
0.729035  0.130148  2.48262  
0.123628  2.66864  0.488853  
0.104553  0.0626489  5.17188  
0.14173  0.831446  2.78022  
0.104486  2.1824  1.40792  
0.588802  0.0859368  2.9522  
0.750075  0.768488  0.633434  
0.0988867  2.56752  0.703171  
1.07024  0.473693  0.395606  
0.488553  1.52427  0.233908  
0.168303  1.03348  2.35302  
0.0754755  0.0793609  5.20461  
1.70629  0.107953  0.210129  
1.00814  0.708805  0.165685  
0.383801  1.57677  0.618894  
0.406222  1.43499  0.688018  
0.103454  2.45575  0.864357  
1.05457  0.118737  1.40142  
0.308329  0.57829  2.60043  
0.234299  1.01894  2.28378  
0.506648  0.954978  1.20078  
0.0594946  2.63721  1.11698  
0.0701389  0.0742921  5.30454  
0.0503799  3.87334  0.0753531  
0.365301  0.438982  2.73561  
0.058066  3.61402  0.133077  
1.18645  0.324158  0.431152  
1.37128  0.152731  0.822313  
0.692983  1.07952  0.304446  
0.0581537  0.0690217  5.41803  
0.210032  0.739122  2.68322  
0.0709081  3.34259  0.123005  
1.40512  0.248353  0.178702  
0.24875  1.99617  0.585186  
0.156653  2.54492  0.309496  
1.11718  0.463875  0.347856  
0.946041  0.753201  0.0926112  
0.812125  0.167081  1.82063  
0.136397  2.51748  0.585282  
0.71262  0.19107  2.38671  
0.0525369  1.56944  2.56809  
0.422535  0.872871  1.59254  
0.650521  0.157574  2.62028  
0.0680199  3.40679  0.136378  
0.369769  1.55565  0.643626  
0.29303  0.220664  3.12642  
0.072665  2.00477  1.92299  
0.159526  2.19877  0.959251  
0.0723831  0.0686782  5.26525  
0.443182  1.47896  0.49729  
0.0872798  3.29668  0.0683615  
1.11062  0.381584  0.614209  
0.209892  0.523502  3.0201  
0.216901  0.179447  3.86091  
0.124417  0.984506  2.85139  
0.6322  0.694307  1.27457  
0.46172  1.112  0.793134  
0.401631  1.24145  1.1247  
1.31459  0.0992046  1.0225  
0.899512  0.816936  0.111052  
1.77482  0.0630582  0.369074  
0.089801  0.128496  4.84449  
0.204434  1.42439  1.61331  
0.387569  1.60529  0.471187  
0.255339  1.36955  1.73639  
1.82581  0.096027  0.0668738  
0.243287  2.30958  0.0491932  
1.1392  0.101783  1.57699  
0.382363  1.68699  0.299805  
0.091653  2.43351  0.982087  
0.1197  0.332471  3.94428  
0.3461  1.78758  0.523778  
0.285544  1.86856  0.562004  
0.709578  0.583232  1.18014  
0.278413  0.198012  3.77078  
0.843451  0.250294  1.71679  
0.275527  0.157686  3.79586  
0.050489  2.85463  1.09904  
0.197081  2.50313  0.132707  
0.261973  0.977513  2.19641  
0.153158  0.342093  3.71922  
0.571511  0.242704  2.34617  
0.910213  0.281446  1.48238  
0.740397  0.173093  2.06816  
1.03111  0.622614  0.125882  
0.930536  0.417681  0.937053  
0.840529  0.661492  0.534783  
0.187696  2.42847  0.366539  
0.378601  0.823059  1.81162  
0.56539  0.082698  3.3706  
0.618261  0.266493  2.30028  
0.65319  1.17429  0.333508  
0.0913574  0.329915  4.22571  
0.0949189  1.96563  1.80489  
0.150991  1.97388  1.35879  
0.0745237  1.86015  2.25002  
0.291821  1.64921  0.905186  
0.994916  0.639418  0.237561  
0.644287  0.165894  2.53005  
1.58801  0.173442  0.0603406  
0.317438  1.95367  0.394699  
1.41271  0.176131  0.440871  
0.0996433  0.131217  4.70027  
0.138856  2.10895  1.15055  
1.32698  0.317157  0.188519  
0.0982239  3.07898  0.380877  
1.30901  0.194127  0.675935  
0.069122  0.598615  3.75674  
0.0676921  0.06739  5.30879  
0.14924  0.501604  3.41285  
1.12213  0.23642  1.05171  
1.17357  0.215458  0.903984  
0.0897645  0.120566  4.86635  
0.753442  0.592296  1.0335  
0.122325  0.164607  4.39499  
0.987919  0.425429  0.921172  
1.81938  0.0769694  0.107915  
0.13457  2.72172  0.318191  
1.92945  0.0569297  0.0880194  
0.17865  0.46808  3.33408  
0.533395  0.928668  0.96485  
1.47641  0.0715062  1.07122  
0.082903  0.97969  3.44434  
0.185827  2.39064  0.561492  
0.80166  0.66684  0.607176  
1.26919  0.373748  0.0548247  
1.32889  0.307516  0.26534  
0.254485  0.450414  2.90016  
1.45813  0.183006  0.392458  
0.271367  0.493358  2.73329  
0.0844144  1.09115  3.22164  
1.01505  0.338506  1.08198  
0.0819042  3.33598  0.0501826  
0.680059  0.651832  1.05991  
0.774501  0.0661342  2.70441  
0.14493  0.47805  3.42827  
1.06016  0.336026  1.01443  
0.82377  0.562104  0.89945  
1.23157  0.278674  0.512902  
0.897524  0.106379  2.50707  
0.346228  0.776377  2.19219  
1.61801  0.10857  0.310928  
0.0984211  2.88659  0.440868  
0.293338  0.813374  2.16126  
0.984315  0.383171  0.983075  
0.105801  1.12075  2.94719  
0.0766361  1.15575  2.81252  
0.555026  1.19956  0.543617  
0.174208  2.04078  0.90824  
0.341022  0.900862  1.85969  
0.334669  0.401006  3.0413  
0.832549  0.301928  1.53943  
0.0660571  3.06823  0.54811  
0.100705  3.04393  0.149415  
0.235631  0.202382  3.49011  
0.200575  0.243707  3.80556  
0.0849367  1.20985  2.67387  
0.656397  0.518039  1.54856  
0.8694  0.460463  1.04625  
1.48066  0.15945  0.266339  
0.0595112  3.37575  0.367565  
1.62005  0.0722539  0.588659  
0.178049  0.392563  3.50436  
0.877001  0.528576  0.884112  
0.445026  0.917671  1.47671  
0.347916  1.64383  0.679687  
0.456647  0.276141  2.64414  
0.307898  2.09655  0.0536896  
0.419228  0.387166  2.75432  
0.197523  0.497572  3.17397  
0.659152  0.509157  1.58382  
1.20355  0.204191  0.993529  
0.0818076  3.05679  0.382149  
0.370917  1.06001  1.44881  
0.195835  0.507126  3.15271  
0.116604  2.23712  1.20722  
1.33346  0.33341  0.0606685  
0.115018  2.70061  0.513441  
0.238928  1.77363  0.734736  
0.10667  0.365874  4.11483  
0.702135  1.16446  0.24087  
0.23743  0.428594  3.00662  
1.24018  0.245296  0.57079  
1.07317  0.0914206  1.69237  
1.78247  0.0592045  0.539382  
0.134235  2.47524  0.816828  
0.814677  0.121408  2.13569  
0.127303  1.5418  1.96576  
0.123531  0.398789  3.82381  
0.626128  1.2085  0.417247  
0.0814643  3.09833  0.426678  
0.176968  2.0228  0.762592  
0.0997602  3.12546  0.113874  
0.0986369  2.1714  1.55243  
0.142126  0.456934  3.53701  
0.329755  2.08121  0.147094  
0.0589554  2.62407  1.37635  
0.097233  0.270166  4.21785  
0.427138  1.58952  0.320979  
0.137009  1.881  1.43122  
1.54147  0.120977  0.368766  
0.686837  0.399222  1.73478  
0.342299  0.695698  2.25798  
0.0964944  0.887144  3.35835  
0.468266  1.00568  1.27593  
0.446081  0.39124  2.32815  
1.1602  0.0567032  1.79028  
0.2749  1.2556  1.53376  
0.092399  2.3373  1.18327  
0.460312  1.30933  0.836577  
1.83357  0.070456  0.186578  
1.60728  0.0988696  0.385174  
0.511472  0.0995274  3.44076  
0.0728668  3.03691  0.500144  
0.217238  1.77108  1.02352  
0.286587  2.23135  0.0653943  
0.72128  0.536787  1.29648  
1.35004  0.279702  0.206465  
0.206479  0.699343  2.8676  
0.242875  1.60035  1.23419  
0.169879  1.58809  1.74225  
0.576901  1.37864  0.374693  
0.332665  1.43747  1.13219  
1.70253  0.0777915  0.320449  
0.0708175  2.95319  0.654306  
0.089176  2.64526  0.773703  
0.121868  1.33848  2.45605  
0.132145  2.03248  1.25073  
0.435531  1.81553  0.089548  
1.63898  0.0650518  0.766829  
0.225242  0.660012  2.87482  
0.803322  0.14385  2.35411  
0.480493  0.247218  2.71054  
0.128803  2.87047  0.148518  
0.0611431  0.139271  5.18754  
0.252386  0.942916  2.20641  
0.351111  1.1688  1.38538  
0.0499961  3.58694  0.381209  
0.635781  0.34967  2.02228  
0.601639  0.752427  1.22169  
0.273273  0.0971495  4.02384  
0.530241  0.413689  2.12783  
0.686199  0.132126  2.54831  
0.165083  0.479745  3.39122  
0.0854387  1.82989  1.99815  
0.1565  0.192984  4.12354  
0.193129  2.58952  0.0684272  
0.604135  0.302197  2.30493  
0.279599  1.07474  1.88176  
0.14088  2.00837  1.21422  
0.490651  0.267202  2.55835  
0.694889  0.458207  1.66945  
0.590657  0.363615  2.10501  
0.361881  1.93926  0.218225  
1.39685  0.118707  0.683322  
0.0837555  1.08974  3.28629  
0.180508  0.285163  3.99755  
0.0660982  0.080532  5.22728  
0.211079  1.53419  1.36391  
0.41701  0.0874074  3.86297  
0.959885  0.473457  0.699735  
0.154439  1.23303  2.39604  
0.450374  0.233734  2.92079  
0.568974  0.72845  1.36012  
0.759572  0.664964  0.765849  
1.21603  0.194598  0.822875  
0.367353  1.38812  1.17146  
0.278103  1.41042  1.51858  
0.271521  2.13183  0.343108  
0.18105  0.0767114  4.40528  
1.60838  0.0746072  0.498184  
0.303599  1.48883  1.18973  
1.35021  0.0989113  1.24774  
1.80905  0.1203  0.105398  
0.115293  0.217394  4.3455  
0.414626  1.24023  1.04719  
0.724902  0.835916  0.702167  
1.10483  0.533753  0.0544577  
0.543089  1.53784  0.111783  
0.0687874  1.51362  2.44642  
0.733329  0.126756  2.67813  
0.72279  0.559346  1.17133  
0.0650033  0.215685  4.76144  
0.191011  0.672529  2.88607  
0.493512  0.0751797  3.55245  
0.095091  3.13637  0.158917  
0.0934323  1.66295  2.00114  
0.18773  0.914277  2.53808  
0.422117  1.81236  0.150212  
1.83724  0.0629598  0.074969  
0.737926  0.787265  0.691605  
1.05587  0.35922  0.759381  
0.595701  1.08694  0.469761  
0.417345  0.881272  1.77737  
0.189739  2.4911  0.348418  
0.795971  0.448379  1.09931  
0.793473  0.968302  0.214363  
0.208027  2.48988  0.131826  
0.0620086  3.59719  0.0571285  
0.230188  0.634235  2.88527  
1.67837  0.155089  0.0754963  
1.78605  0.0579232  0.517838  
0.647336  0.960059  0.6607  
0.137868  2.62038  0.336699  
0.954001  0.58807  0.296202  
0.22776  1.25845  1.9616  
0.0728282  2.46953  1.26195  
0.681588  0.489439  1.3938  
0.327523  1.13132  1.64118  
0.595367  0.907332  0.918492  
0.58051  1.00188  0.731855  
0.375688  0.616339  2.16273  
0.262571  1.19381  1.65639  
0.103113  0.10783  4.70364  
0.116016  2.65756  0.534121  
0.116987  2.39005  0.90004  
0.752064  1.10301  0.138932  
0.77849  0.16229  2.14771  
1.6362  0.0848301  0.392466  
0.515499  1.21251  0.688952  
0.533732  0.0844316  3.47084  
0.481319  0.535926  1.83199  
1.43754  0.237689  0.177471  
0.539337  0.906201  1.29082  
1.02312  0.0902397  2.00847  
0.106098  3.09153  0.0577799  
1.81297  0.0534099  0.455797  
0.180062  1.82923  1.00411  
0.22587  1.35365  1.85008  
0.729445  0.569963  1.10302  
0.550683  1.26811  0.456604  
0.366637  1.92503  0.139944  
0.115866  2.10173  1.37258  
0.820073  0.660153  0.609773  
0.152244  1.24545  2.24931  
0.716877  0.690402  0.956942  
0.108627  2.59163  0.689733  
0.88301  0.803217  0.248017  
0.601115  0.746518  1.25626  
1.19146  0.141236  1.01707  
1.43941  0.196053  0.242137  
0.531808  0.203074  2.75907  
0.0731154  2.84402  0.739614  
0.892863  0.674027  0.438046  
1.39974  0.298738  0.0760303  
0.473466  0.268433  2.59272  
1.1445  0.352591  0.65275  
0.621903  0.301826  2.22867  
0.784639  0.996338  0.0821849  
0.0656705  3.41862  0.0845103  
0.314389  1.4843  1.40909  
0.0830291  0.525391  3.83982  
0.181107  1.22937  2.25744  
0.130552  1.98515  1.50623  
0.722235  0.318555  1.91231  
0.449311  0.84459  1.76991  
0.123835  0.483383  3.74094  
0.454883  1.79072  0.094609  
0.416335  1.02628  1.28753  
0.277558  1.11226  1.89812  
0.885192  0.120087  2.24321  
0.0722148  2.71283  1.02197  
0.519603  0.497025  2.10754  
0.325262  1.30601  1.31043  
0.178669  0.465448  3.33949  
0.583077  1.35684  0.366246  
0.211435  1.37584  1.64061  
0.233014  1.41535  1.64044  
0.091305  0.184897  4.7459  
0.242127  0.121308  4.03526  
0.486566  0.257927  2.63238  
0.119991  1.51499  2.15096  
